2015-12-16,41.009998,41.57,40.669998,41.43,2326000,41.43
2015-12-15,40.75,41.099998,40.560001,40.810001,2195400,40.810001
2015-12-14,40.220001,40.540001,39.900002,40.25,2304100,40.25
2015-12-11,40.75,40.75,40.060001,40.189999,2628900,40.189999
2015-12-10,40.959999,41.66,40.650002,41.25,3709200,41.25
2015-12-09,41.25,41.799999,40.91,40.98,4133300,40.98
2015-12-08,40.610001,41.279999,40.419998,41.169998,4319300,41.169998
2015-12-07,40.919998,41.099998,40.540001,40.700001,2001800,40.700001
2015-12-04,40.23,41.209999,40.130001,41.099998,2519100,41.099998
2015-12-03,40.639999,40.740002,39.950001,40.150002,3314500,40.150002
2015-12-02,41.07,41.459999,40.369999,40.419998,4711300,40.419998
2015-12-01,42.16,42.310001,41.040001,41.060001,7988900,41.060001
2015-11-30,41.970001,42.049999,41.610001,41.82,3139700,41.82
2015-11-27,41.32,42.200001,41.16,41.970001,1935700,41.970001
2015-11-25,40.59,41.50,40.470001,41.34,3797000,41.34
2015-11-24,39.810001,40.720001,39.73,40.669998,5669100,40.669998
2015-11-23,39.290001,40.07,39.139999,40.029999,6473400,40.029999
2015-11-20,38.779999,39.349998,38.52,39.279999,5447900,39.279999
2015-11-19,39.16,39.700001,38.310001,38.50,7274500,38.50
2015-11-18,38.43,39.360001,38.360001,39.34,6589600,39.34
2015-11-17,36.50,38.50,36.50,38.380001,7679500,38.380001
2015-11-16,36.75,37.490002,36.599998,37.330002,2490200,37.330002
2015-11-13,37.389999,37.57,36.630001,36.77,3335100,36.77
2015-11-12,37.360001,37.77,37.240002,37.490002,3096300,37.490002
2015-11-11,38.16,38.220001,37.650002,37.66,1967900,37.66
2015-11-10,37.889999,38.169998,37.689999,37.98,4338700,37.98
2015-11-09,38.040001,38.080002,37.48,37.919998,3109600,37.919998
2015-11-06,38.099998,38.439999,37.98,38.139999,1964100,38.139999
2015-11-05,38.27,38.50,37.93,38.299999,1419800,38.299999
2015-11-04,38.330002,38.48,38.00,38.34,1569600,38.34
2015-11-03,38.310001,38.52,38.16,38.27,1485800,38.27
2015-11-02,37.869999,38.619999,37.799999,38.59,1810800,38.59
2015-10-30,37.720001,38.099998,37.68,37.759998,2194600,37.759998
2015-10-29,37.470001,37.77,37.279999,37.700001,1352300,37.700001
2015-10-28,37.060001,37.610001,36.77,37.52,1780100,37.52
2015-10-27,36.669998,37.060001,36.470001,37.049999,2557200,37.049999
2015-10-26,36.98,37.110001,36.689999,36.830002,1948400,36.830002
2015-10-23,36.50,37.27,36.18,37.110001,2732600,37.110001
2015-10-22,36.029999,36.950001,36.00,36.09,3696200,36.09
2015-10-21,36.540001,36.599998,35.799999,35.900002,2886400,35.900002
2015-10-20,36.110001,36.52,36.029999,36.32,2635800,36.32
2015-10-19,35.689999,36.23,35.59,36.23,3685800,36.23
2015-10-16,35.689999,36.02,35.369999,35.779999,1754300,35.779999
2015-10-15,35.119999,35.68,34.790001,35.580002,1433000,35.580002
2015-10-14,35.639999,35.77,34.970001,35.049999,1647400,35.049999
2015-10-13,35.759998,36.240002,35.529999,35.630001,2383200,35.630001
2015-10-12,36.080002,36.18,35.860001,35.990002,1349900,35.990002
2015-10-09,35.939999,36.34,35.880001,36.23,3232900,36.23
2015-10-08,35.389999,36.07,35.34,36.009998,2597900,36.009998
2015-10-07,35.200001,35.779999,35.099998,35.540001,3085400,35.540001
2015-10-06,35.130001,35.209999,34.529999,34.900002,1833700,34.900002
2015-10-05,35.040001,35.389999,34.84,35.34,1675400,35.34
2015-10-02,33.18,34.68,33.119999,34.669998,3519400,34.669998
2015-10-01,34.32,34.48,33.48,33.740002,3011400,33.740002
2015-09-30,34.080002,34.43,33.669998,34.330002,2545700,34.330002
2015-09-29,33.360001,34.060001,33.240002,33.740002,2252400,33.740002
2015-09-28,34.130001,34.27,33.32,33.369999,2615400,33.369999
2015-09-25,34.700001,35.02,34.099998,34.450001,2730700,34.450001
2015-09-24,34.560001,34.639999,34.150002,34.549999,2028900,34.45
2015-09-23,35.099998,35.240002,34.810001,34.950001,1962600,34.848844
2015-09-22,35.189999,35.330002,34.939999,35.049999,2283300,34.948553
2015-09-21,35.959999,36.07,35.41,35.689999,2640200,35.5867
2015-09-18,35.860001,36.220001,35.59,35.740002,3352300,35.636558
2015-09-17,36.630001,36.990002,36.290001,36.400002,1819100,36.294647
2015-09-16,36.150002,36.869999,36.060001,36.52,2130100,36.414299
2015-09-15,35.75,36.299999,35.509998,36.150002,1752700,36.045371
2015-09-14,35.919998,36.09,35.32,35.549999,2223300,35.447105
2015-09-11,35.66,35.959999,35.439999,35.959999,1443300,35.855919
2015-09-10,35.610001,36.040001,35.439999,35.860001,1628700,35.75621
2015-09-09,36.50,36.799999,35.439999,35.540001,1885300,35.437136
2015-09-08,35.82,36.25,35.509998,36.209999,1787400,36.105195
2015-09-04,35.040001,35.509998,34.900002,35.060001,2819000,34.958526
2015-09-03,35.610001,36.119999,35.529999,35.75,2140400,35.646527
2015-09-02,35.330002,35.529999,34.880001,35.529999,2118300,35.427163
2015-09-01,35.299999,35.580002,34.57,34.75,2953900,34.649422
2015-08-31,36.439999,36.549999,35.950001,36.310001,2554700,36.204908
2015-08-28,36.450001,36.66,36.150002,36.509998,1783600,36.404326
2015-08-27,36.169998,36.669998,35.889999,36.639999,2406300,36.533951
2015-08-26,35.360001,35.700001,34.470001,35.619999,3233800,35.516902
2015-08-25,35.68,36.169998,34.299999,34.360001,3802700,34.260551
2015-08-24,33.869999,36.009998,33.57,34.68,4115000,34.579625
2015-08-21,37.130001,37.490002,36.169998,36.23,3827500,36.125138
2015-08-20,38.009998,38.310001,37.50,37.509998,2144600,37.401432
2015-08-19,38.689999,38.810001,38.299999,38.400002,2730400,38.288859
2015-08-18,39.110001,40.349998,39.00,39.02,6416900,38.907063
2015-08-17,38.360001,39.02,38.119999,38.82,3302100,38.707641
2015-08-14,38.619999,38.73,38.32,38.650002,2632700,38.538135
2015-08-13,38.939999,38.939999,38.459999,38.560001,2848900,38.448396
2015-08-12,39.049999,39.110001,38.27,38.889999,3431000,38.777438
2015-08-11,40.189999,40.189999,39.299999,39.419998,1575700,39.305903
2015-08-10,40.240002,40.639999,40.16,40.470001,1554500,40.352867
2015-08-07,40.139999,40.209999,39.630001,39.990002,1513100,39.874257
2015-08-06,40.950001,40.959999,39.91,40.119999,1932000,40.003878
2015-08-05,40.939999,41.189999,40.689999,40.720001,949500,40.602144
2015-08-04,40.939999,41.349998,40.549999,40.619999,1448100,40.502431
2015-08-03,40.919998,41.130001,40.580002,41.00,2104200,40.881332
2015-07-31,41.049999,41.139999,40.779999,40.950001,2247700,40.831477
2015-07-30,40.259998,41.049999,40.07,40.970001,2440400,40.85142
2015-07-29,40.50,40.73,40.240002,40.400002,2014100,40.28307
2015-07-28,40.00,40.470001,39.50,40.450001,2768200,40.332925
2015-07-27,39.040001,39.650002,38.610001,39.610001,5261300,39.495356
2015-07-24,40.110001,40.169998,39.220001,39.310001,1844900,39.196225
2015-07-23,40.369999,40.369999,40.009998,40.25,1708800,40.133503
2015-07-22,39.290001,40.419998,39.290001,40.330002,2949400,40.213273
2015-07-21,39.970001,40.009998,39.540001,39.57,1160900,39.455471
2015-07-20,40.060001,40.130001,39.950001,40.060001,1155200,39.944054