2015-12-16,159.00,162.00,157.009995,160.820007,2624600,160.820007
2015-12-15,148.350006,164.25,144.729996,156.169998,5651500,156.169998
2015-12-14,148.729996,150.350006,145.889999,147.610001,966700,147.610001
2015-12-11,149.220001,150.830002,147.789993,148.850006,1007200,148.850006
2015-12-10,153.169998,154.229996,150.330002,151.759995,1027200,151.759995
2015-12-09,149.75,156.259995,149.649994,153.210007,1695700,153.210007
2015-12-08,150.610001,153.080002,149.00,149.880005,1485300,149.880005
2015-12-07,155.679993,156.899994,150.619995,151.220001,1355400,151.220001
2015-12-04,155.059998,156.330002,154.179993,155.830002,996300,155.830002
2015-12-03,158.100006,159.229996,153.25,154.779999,1317300,154.779999
2015-12-02,162.210007,163.220001,157.089996,157.929993,1326800,157.929993
2015-12-01,162.990005,163.979996,161.169998,162.339996,953000,162.339996
2015-11-30,164.690002,164.75,162.610001,162.729996,1264800,162.729996
2015-11-27,164.880005,164.880005,162.830002,164.839996,293400,164.839996
2015-11-25,164.00,167.070007,163.649994,164.300003,919300,164.300003
2015-11-24,160.820007,163.860001,160.820007,163.190002,754500,163.190002
2015-11-23,162.679993,164.50,161.50,162.619995,895900,162.619995
2015-11-20,162.860001,165.100006,162.550003,162.820007,733400,162.820007
2015-11-19,164.190002,165.270004,162.220001,162.369995,684200,162.369995
2015-11-18,164.369995,164.669998,162.600006,164.440002,784800,164.440002
2015-11-17,165.089996,167.220001,162.529999,164.089996,1171000,164.089996
2015-11-16,161.00,164.539993,159.690002,164.220001,1494100,164.220001
2015-11-13,163.309998,165.330002,161.190002,161.619995,3092700,161.619995
2015-11-12,173.75,177.00,164.229996,164.639999,6955600,164.639999
2015-11-11,194.369995,196.070007,193.380005,194.669998,1313000,194.669998
2015-11-10,193.770004,196.119995,193.770004,194.110001,1379300,194.110001
2015-11-09,198.710007,198.880005,193.759995,194.899994,865200,194.899994
2015-11-06,201.240005,201.240005,197.070007,198.720001,684100,198.720001
2015-11-05,199.960007,201.210007,198.160004,200.339996,711300,200.339996
2015-11-04,198.770004,199.789993,196.800003,199.339996,692600,199.339996
2015-11-03,200.149994,200.639999,196.639999,198.699997,674100,198.699997
2015-11-02,199.139999,201.169998,197.979996,200.380005,728500,200.380005
2015-10-30,197.660004,199.389999,196.509995,198.429993,732000,198.429993
2015-10-29,194.639999,198.570007,194.399994,197.479996,727700,197.479996
2015-10-28,194.009995,194.669998,192.300003,194.279999,384600,194.279999
2015-10-27,192.25,193.889999,191.380005,193.270004,416600,193.270004
2015-10-26,192.820007,194.190002,191.889999,192.449997,500100,192.449997
2015-10-23,193.710007,193.789993,189.00,191.940002,571700,191.940002
2015-10-22,192.889999,193.899994,191.279999,191.869995,705200,191.869995
2015-10-21,194.50,196.089996,191.75,192.149994,561200,192.149994
2015-10-20,191.779999,194.309998,191.50,193.589996,774300,193.589996
2015-10-19,190.779999,192.029999,189.789993,191.399994,726400,191.399994
2015-10-16,191.839996,191.940002,189.809998,190.800003,627400,190.800003
2015-10-15,188.070007,190.869995,187.630005,190.550003,607800,190.550003
2015-10-14,190.449997,191.00,185.160004,187.070007,849000,187.070007
2015-10-13,190.850006,191.850006,189.649994,190.850006,502800,190.850006
2015-10-12,189.75,192.460007,188.899994,191.279999,941700,191.279999
2015-10-09,186.880005,189.910004,186.130005,189.520004,785600,189.520004
2015-10-08,190.399994,191.149994,186.460007,187.350006,986100,187.350006
2015-10-07,191.399994,192.179993,188.910004,190.350006,990200,190.350006
2015-10-06,191.339996,192.440002,189.399994,191.100006,543400,191.100006
2015-10-05,193.559998,194.610001,189.419998,191.169998,887600,191.169998
2015-10-02,189.809998,192.020004,188.029999,191.690002,1279700,191.690002
2015-10-01,190.279999,192.639999,188.100006,192.039993,1587000,192.039993
2015-09-30,183.490005,192.50,183.479996,189.529999,4119700,189.529999
2015-09-29,171.270004,172.309998,169.399994,170.529999,904300,170.529999
2015-09-28,176.529999,177.770004,171.279999,171.399994,1023300,171.399994
2015-09-25,175.839996,178.759995,175.600006,176.839996,481300,176.839996
2015-09-24,175.190002,175.190002,173.619995,174.800003,427200,174.800003
2015-09-23,174.360001,176.080002,173.960007,175.869995,315700,175.869995
2015-09-22,173.679993,175.00,172.539993,174.440002,662300,174.440002
2015-09-21,174.320007,175.649994,173.039993,174.75,453300,174.75
2015-09-18,176.399994,177.589996,173.300003,173.699997,922400,173.699997
2015-09-17,178.389999,181.029999,177.529999,178.279999,768200,178.279999
2015-09-16,175.919998,178.990005,175.410004,178.589996,600900,178.589996
2015-09-15,175.029999,177.839996,173.350006,176.850006,822500,176.790006
2015-09-14,175.100006,176.039993,173.479996,175.00,556400,174.940628
2015-09-11,173.710007,175.449997,172.800003,174.839996,1123600,174.780678
2015-09-10,174.389999,176.699997,173.100006,174.880005,885300,174.820673
2015-09-09,176.100006,178.399994,174.350006,174.919998,1024600,174.860653
2015-09-08,174.729996,176.330002,171.899994,175.320007,618200,175.260527
2015-09-04,171.820007,173.410004,170.960007,172.130005,687700,172.071606
2015-09-03,175.169998,177.039993,172.699997,173.240005,728200,173.18123
2015-09-02,173.720001,176.110001,172.770004,175.25,444300,175.190543
2015-09-01,172.529999,173.919998,171.470001,172.619995,802800,172.56143
2015-08-31,175.910004,176.990005,174.300003,175.25,950000,175.190543
2015-08-28,175.50,176.830002,174.660004,176.479996,641800,176.420121
2015-08-27,172.809998,176.300003,172.25,176.229996,1591600,176.170206
2015-08-26,173.940002,174.470001,169.130005,171.460007,2015800,171.401836
2015-08-25,177.490005,179.130005,171.139999,171.220001,1044000,171.161911
2015-08-24,173.259995,178.699997,151.300003,173.75,1459800,173.691052
2015-08-21,182.130005,183.929993,177.229996,177.539993,1392500,177.479759
2015-08-20,187.479996,187.649994,184.369995,184.449997,591500,184.387419
2015-08-19,185.279999,188.50,184.389999,187.839996,912100,187.776268
2015-08-18,186.220001,186.270004,183.589996,185.770004,1508100,185.706978
2015-08-17,187.240005,188.059998,183.119995,184.690002,1580600,184.627343
2015-08-14,188.490005,190.139999,186.759995,187.029999,1252700,186.966545
2015-08-13,173.899994,192.270004,173.00,187.789993,3745800,187.726282
2015-08-12,170.690002,172.580002,169.399994,172.00,2965500,171.941646
2015-08-11,172.740005,173.729996,171.559998,171.919998,2067300,171.861671
2015-08-10,174.869995,175.320007,172.919998,173.660004,937500,173.601086
2015-08-07,172.759995,174.029999,171.539993,173.75,534500,173.691052
2015-08-06,175.589996,175.779999,171.360001,172.740005,596800,172.6814
2015-08-05,175.520004,177.220001,174.089996,175.270004,810400,175.21054
2015-08-04,174.300003,176.100006,173.699997,175.100006,474700,175.0406
2015-08-03,174.929993,175.110001,172.220001,173.809998,472300,173.751029
2015-07-31,173.440002,175.00,172.059998,174.210007,644400,174.150903
2015-07-30,172.979996,173.679993,170.910004,172.539993,509700,172.481456
2015-07-29,170.649994,173.610001,169.880005,173.059998,838000,173.001284
2015-07-28,169.080002,170.740005,167.690002,170.300003,411100,170.242225
2015-07-27,167.529999,169.179993,166.50,168.339996,586400,168.282884
2015-07-24,168.660004,170.059998,167.800003,168.309998,529500,168.252895
2015-07-23,169.050003,171.089996,168.25,168.389999,589400,168.33287
2015-07-22,167.479996,169.839996,166.839996,168.220001,1013000,168.162929
2015-07-21,168.539993,168.929993,166.550003,167.529999,525700,167.473161
2015-07-20,169.699997,170.00,168.240005,168.690002,480600,168.632771