2015-12-16,56.669998,57.689999,56.200001,57.630001,6158700,57.630001
2015-12-15,56.150002,57.00,55.91,56.389999,6955800,56.389999
2015-12-14,53.709999,55.48,53.240002,55.439999,9325600,55.439999
2015-12-11,55.779999,55.779999,53.849998,54.040001,9212500,54.040001
2015-12-10,56.00,56.650002,55.650002,55.779999,6728400,55.779999
2015-12-09,56.279999,57.439999,55.720001,56.029999,6192000,56.029999
2015-12-08,55.560001,56.869999,55.509998,56.669998,6881300,56.669998
2015-12-07,57.900002,57.990002,55.759998,56.27,7839400,56.27
2015-12-04,56.50,57.48,56.200001,57.18,6703500,57.18
2015-12-03,57.709999,57.75,55.529999,56.119999,9653300,56.119999
2015-12-02,59.169998,59.389999,57.369999,57.720001,7619700,57.720001
2015-12-01,58.23,59.099998,57.16,59.02,11164300,59.02
2015-11-30,59.959999,60.209999,57.959999,58.150002,12027700,58.150002
2015-11-27,60.169998,60.450001,59.610001,60.00,2404100,60.00
2015-11-25,61.099998,61.130001,60.209999,60.290001,4879800,60.290001
2015-11-24,60.560001,61.650002,60.529999,61.130001,5213500,61.130001
2015-11-23,61.310001,61.529999,60.84,61.150002,6405000,61.150002
2015-11-20,60.939999,61.360001,60.57,61.110001,7490200,61.110001
2015-11-19,61.220001,61.73,60.139999,60.549999,5571200,60.549999
2015-11-18,60.259998,61.060001,59.849998,60.990002,5470200,60.990002
2015-11-17,60.099998,61.73,59.73,60.380001,8405400,60.380001
2015-11-16,59.740002,60.810001,59.560001,60.009998,6965100,60.009998
2015-11-13,60.009998,60.970001,58.889999,59.860001,7834400,59.860001
2015-11-12,60.790001,61.73,60.150002,60.23,7765500,60.23
2015-11-11,62.200001,62.27,60.57,60.860001,8212500,60.860001
2015-11-10,63.330002,63.619999,62.279999,62.299999,6897600,62.299999
2015-11-09,63.619999,64.129997,63.110001,63.23,8239400,63.23
2015-11-06,62.25,64.300003,62.130001,64.129997,7261100,64.129997
2015-11-05,63.700001,64.18,61.689999,62.77,10237200,62.77
2015-11-04,62.43,64.150002,62.299999,63.799999,10342600,63.799999
2015-11-03,63.119999,63.720001,61.919998,62.43,8754700,62.43
2015-11-02,61.599998,64.199997,61.439999,63.380001,17008700,63.380001
2015-10-30,57.869999,60.73,57.66,59.549999,27465600,59.549999
2015-10-29,53.200001,55.18,53.02,54.099998,9304400,54.099998
2015-10-28,52.82,53.84,52.080002,53.259998,7869000,53.259998
2015-10-27,52.009998,53.490002,52.009998,52.580002,11710800,52.580002
2015-10-26,50.169998,52.48,49.349998,51.869999,13890400,51.869999
2015-10-23,49.41,51.73,48.639999,50.34,26214800,50.34
2015-10-22,53.880001,54.439999,45.450001,48.27,46517700,48.27
2015-10-21,55.279999,55.610001,53.07,53.830002,11638800,53.830002
2015-10-20,56.150002,56.380001,54.630001,54.830002,6494600,54.830002
2015-10-19,56.290001,56.700001,55.689999,56.16,6463000,56.16
2015-10-16,56.290001,56.970001,55.790001,56.529999,7342800,56.529999
2015-10-15,54.32,56.200001,53.849998,56.139999,7781600,56.139999
2015-10-14,54.09,54.619999,53.57,53.939999,8727400,53.939999
2015-10-13,55.169998,55.360001,53.709999,53.799999,9467900,53.799999
2015-10-12,55.799999,56.27,55.52,55.77,6515000,55.259999
2015-10-09,56.18,56.50,55.470001,55.639999,7178500,55.131187
2015-10-08,55.130001,56.16,54.799999,56.040001,6737300,55.527531
2015-10-07,54.849998,56.549999,53.91,55.630001,11056100,55.12128
2015-10-06,56.259998,56.669998,53.959999,55.080002,9008300,54.57631
2015-10-05,56.389999,56.950001,55.439999,56.68,9332800,56.161677
2015-10-02,53.869999,55.849998,53.720001,55.82,6942600,55.309541
2015-10-01,54.68,55.23,53.93,55.130001,9255800,54.625852
2015-09-30,53.540001,54.50,53.360001,54.41,11895500,53.912435
2015-09-29,53.099998,54.189999,51.880001,52.790001,12842800,52.307251
2015-09-28,55.389999,55.43,52.34,52.50,15123000,52.019902
2015-09-25,57.84,57.880001,55.080002,55.740002,8673500,55.230275
2015-09-24,56.93,57.48,55.919998,56.57,8625500,56.052683
2015-09-23,57.900002,58.400002,57.150002,57.43,9827000,56.904819
2015-09-22,58.169998,58.259998,56.91,57.740002,14192000,57.211985
2015-09-21,61.240002,61.740002,59.290001,59.389999,11038100,58.846894
2015-09-18,59.419998,61.830002,58.970001,61.220001,28957000,60.660161
2015-09-17,59.560001,60.919998,59.389999,59.860001,10281700,59.312597
2015-09-16,59.50,59.639999,58.630001,59.509998,8044200,58.965796
2015-09-15,58.98,59.439999,58.369999,59.200001,10474700,58.658633
2015-09-14,59.43,59.619999,57.540001,58.939999,9095600,58.401009
2015-09-11,59.619999,59.759998,58.970001,59.349998,9365400,58.807259
2015-09-10,59.360001,60.130001,58.889999,59.580002,9306600,59.035159
2015-09-09,61.52,61.52,59.110001,59.259998,8436900,58.718082
2015-09-08,60.220001,60.939999,59.91,60.57,9263200,60.016104
2015-09-04,60.650002,60.799999,58.959999,59.77,9281400,59.22342
2015-09-03,61.450001,62.279999,61.349998,61.580002,11777400,61.01687
2015-09-02,61.560001,61.599998,60.279999,60.98,12044500,60.422354
2015-09-01,61.00,61.630001,60.16,60.50,12703200,59.946744
2015-08-31,64.139999,64.309998,62.25,62.41,15581100,61.839278
2015-08-28,63.91,64.779999,63.439999,63.98,7316400,63.39492
2015-08-27,64.029999,64.599998,63.00,64.510002,12592100,63.920076
2015-08-26,62.470001,63.220001,60.880001,63.139999,15289600,62.562602
2015-08-25,65.110001,65.120003,60.650002,60.709999,15267000,60.154823
2015-08-24,61.169998,64.849998,53.869999,63.450001,24292600,62.869768
2015-08-21,66.739998,67.160004,65.830002,65.900002,16277100,65.297364
2015-08-20,68.00,68.43,67.480003,67.480003,9600900,66.862917
2015-08-19,68.75,69.080002,68.209999,68.589996,6270300,67.96276
2015-08-18,69.419998,69.739998,68.669998,68.860001,6376500,68.230295
2015-08-17,68.709999,69.82,68.300003,69.370003,17669900,68.735633
2015-08-14,68.559998,69.440002,68.410004,68.650002,5864800,68.022216
2015-08-13,68.68,69.089996,68.209999,68.540001,7184900,67.913222
2015-08-12,67.830002,68.919998,67.239998,68.75,8337600,68.1213
2015-08-11,68.50,69.290001,67.940002,68.25,7473200,67.625873
2015-08-10,68.919998,69.43,68.50,69.209999,8189400,68.577093
2015-08-07,69.080002,69.300003,67.769997,68.620003,6214500,67.992492
2015-08-06,70.370003,70.779999,68.800003,69.239998,6172200,68.606817
2015-08-05,70.099998,70.639999,70.050003,70.300003,10090200,69.657129
2015-08-04,70.040001,70.389999,69.669998,69.949997,5410900,69.310324
2015-08-03,70.190002,70.790001,69.279999,69.730003,9872300,69.092342
2015-07-31,70.379997,70.379997,69.730003,70.010002,6181300,69.36978
2015-07-30,70.860001,70.879997,69.269997,70.160004,6820400,69.51841
2015-07-29,71.290001,71.510002,70.739998,70.769997,6793300,70.122825
2015-07-28,69.50,71.440002,69.080002,71.230003,10098300,70.578625
2015-07-27,68.459999,70.959999,68.459999,69.339996,12841500,68.705901
2015-07-24,67.529999,69.019997,67.349998,68.080002,13495200,67.457429
2015-07-23,70.25,70.93,70.139999,70.519997,5636600,69.875111
2015-07-22,70.260002,70.650002,70.029999,70.559998,5701700,69.914746
2015-07-21,70.809998,71.599998,70.220001,70.540001,5028500,69.894932
2015-07-20,70.00,71.110001,69.860001,70.800003,9633000,70.152557