2015-12-16,45.77,46.139999,45.25,46.049999,7169700,46.049999
2015-12-15,45.200001,45.919998,45.150002,45.59,5748700,45.59
2015-12-14,44.450001,44.830002,43.959999,44.810001,6061500,44.810001
2015-12-11,44.77,44.869999,44.290001,44.360001,5154300,44.360001
2015-12-10,45.080002,45.639999,45.00,45.310001,4897200,45.310001
2015-12-09,45.389999,45.700001,44.810001,44.959999,5542200,44.959999
2015-12-08,45.32,45.75,45.16,45.549999,5196500,45.549999
2015-12-07,45.57,45.73,45.290001,45.560001,5463600,45.560001
2015-12-04,44.41,45.360001,44.279999,45.299999,6406700,45.299999
2015-12-03,45.360001,45.470001,44.009998,44.150002,6856100,44.150002
2015-12-02,45.43,45.720001,45.119999,45.220001,4830100,45.220001
2015-12-01,45.220001,45.52,44.939999,45.459999,5593200,45.459999
2015-11-30,45.439999,45.540001,44.919998,44.919998,6803500,44.919998
2015-11-27,45.419998,45.599998,45.310001,45.419998,1678000,45.419998
2015-11-25,45.380001,45.650002,45.279999,45.41,3080700,45.41
2015-11-24,45.110001,45.580002,45.029999,45.450001,4638600,45.450001
2015-11-23,46.029999,46.099998,45.259998,45.439999,4593800,45.439999
2015-11-20,46.029999,46.380001,45.84,46.009998,7140700,46.009998
2015-11-19,45.720001,46.07,45.470001,45.73,6830300,45.73
2015-11-18,44.970001,45.869999,44.959999,45.799999,5691000,45.799999
2015-11-17,44.889999,45.169998,44.610001,44.77,5794300,44.77
2015-11-16,43.900002,44.889999,43.799999,44.880001,6362900,44.880001
2015-11-13,43.450001,44.360001,43.450001,43.959999,6797500,43.959999
2015-11-12,44.810001,44.959999,44.16,44.189999,6013900,44.189999
2015-11-11,45.860001,45.869999,45.040001,45.07,4298600,45.07
2015-11-10,45.09,45.849998,45.060001,45.759998,5520600,45.759998
2015-11-09,45.470001,45.470001,44.869999,45.049999,5946000,45.049999
2015-11-06,44.889999,45.669998,44.650002,45.630001,6586300,45.630001
2015-11-05,45.09,45.509998,44.889999,45.18,5107000,45.18
2015-11-04,45.720001,45.720001,45.049999,45.18,6506600,45.18
2015-11-03,45.360001,45.639999,45.040001,45.509998,3933800,45.509998
2015-11-02,44.880001,45.50,44.599998,45.43,5477800,45.43
2015-10-30,45.189999,45.34,44.759998,44.799999,8442300,44.799999
2015-10-29,44.93,45.34,44.799999,45.240002,6887700,45.240002
2015-10-28,43.959999,44.77,43.639999,44.759998,6158300,44.759998
2015-10-27,43.540001,43.98,43.50,43.880001,5743600,43.880001
2015-10-26,43.580002,43.82,43.419998,43.610001,5716400,43.610001
2015-10-23,43.52,43.860001,43.189999,43.599998,9582700,43.599998
2015-10-22,42.41,43.57,41.759998,43.50,12440000,43.50
2015-10-21,42.540001,42.849998,41.619999,42.200001,8858800,42.200001
2015-10-20,42.080002,42.220001,41.57,41.740002,5882700,41.740002
2015-10-19,42.110001,42.369999,41.84,42.150002,5531200,42.150002
2015-10-16,42.200001,42.27,41.66,42.220001,6141300,42.220001
2015-10-15,41.07,42.029999,40.91,41.869999,7822000,41.869999
2015-10-14,40.970001,41.34,40.66,40.720001,6417200,40.720001
2015-10-13,40.970001,41.389999,40.810001,40.919998,5527100,40.919998
2015-10-12,41.630001,41.75,41.299999,41.57,6067700,41.330001
2015-10-09,41.07,41.98,40.939999,41.889999,10400200,41.648153
2015-10-08,40.349998,41.220001,40.049999,41.16,9859100,40.922368
2015-10-07,40.529999,40.91,40.009998,40.630001,9158500,40.395429
2015-10-06,41.25,41.34,39.279999,39.889999,11689300,39.6597
2015-10-05,41.619999,41.779999,41.02,41.389999,8789300,41.15104
2015-10-02,40.25,41.41,40.169998,41.380001,8457500,41.141099
2015-10-01,40.349998,40.799999,40.18,40.759998,7897000,40.524676
2015-09-30,39.84,40.43,39.549999,40.220001,10750300,39.987796
2015-09-29,39.259998,40.150002,39.029999,39.50,12287500,39.271952
2015-09-28,40.740002,40.740002,39.00,39.060001,17219300,38.834494
2015-09-25,42.23,42.490002,40.419998,40.860001,10025100,40.624101
2015-09-24,42.00,42.150002,41.439999,41.939999,7322100,41.697864
2015-09-23,42.50,42.68,42.099998,42.200001,6280300,41.956365
2015-09-22,42.830002,42.849998,41.950001,42.48,7283400,42.234747
2015-09-21,43.650002,43.82,43.00,43.299999,5052100,43.050013
2015-09-18,43.639999,44.110001,43.240002,43.330002,9063900,43.079842
2015-09-17,43.849998,45.150002,43.790001,44.240002,7323700,43.984588
2015-09-16,43.779999,44.09,43.560001,43.860001,4982300,43.606781
2015-09-15,43.279999,43.919998,43.110001,43.810001,5105600,43.55707
2015-09-14,43.599998,43.610001,42.900002,43.169998,4461300,42.920762
2015-09-11,43.130001,43.439999,42.740002,43.41,5699500,43.159378
2015-09-10,43.02,43.48,42.68,43.119999,6952400,42.871051
2015-09-09,44.360001,44.509998,43.119999,43.23,5251200,42.980417
2015-09-08,43.66,44.060001,43.50,44.040001,5452400,43.785742
2015-09-04,43.50,43.709999,42.720001,43.07,7057100,42.821341
2015-09-03,44.52,44.779999,43.950001,44.139999,6426200,43.885163
2015-09-02,44.310001,44.439999,43.619999,44.240002,7517600,43.984588
2015-09-01,44.220001,44.50,43.369999,43.57,9000500,43.318454
2015-08-31,45.91,46.630001,45.119999,45.290001,7470200,45.028525
2015-08-28,45.610001,46.110001,45.209999,46.02,9191600,45.75431
2015-08-27,45.599998,46.049999,44.669998,45.639999,14260400,45.376503
2015-08-26,43.860001,44.119999,42.299999,43.98,12675400,43.726087
2015-08-25,44.869999,45.099998,42.880001,42.900002,14575400,42.652324
2015-08-24,44.509998,45.810001,42.73,43.700001,18430700,43.447705
2015-08-21,48.029999,48.43,47.130001,47.130001,9305900,46.857902
2015-08-20,49.400002,49.509998,48.509998,48.529999,5977400,48.249817
2015-08-19,50.139999,50.169998,49.41,49.84,6000600,49.552256
2015-08-18,50.310001,50.599998,50.25,50.439999,3288200,50.14879
2015-08-17,50.009998,50.41,49.75,50.380001,3216600,50.089139
2015-08-14,49.82,50.310001,49.720001,50.23,3776400,49.940003
2015-08-13,50.02,50.110001,49.610001,49.84,4130000,49.552256
2015-08-12,50.43,50.490002,49.220001,50.09,5395100,49.800812
2015-08-11,50.18,50.52,49.990002,50.389999,4033300,50.09908
2015-08-10,50.419998,51.169998,50.389999,50.66,3729300,50.367521
2015-08-07,50.400002,50.439999,49.369999,50.110001,4351800,49.820697
2015-08-06,50.52,51.009998,50.07,50.32,6213200,50.029484
2015-08-05,50.98,51.00,50.389999,50.48,5032800,50.18856
2015-08-04,50.75,50.810001,50.290001,50.509998,3487700,50.218386
2015-08-03,50.889999,50.91,50.139999,50.50,3506600,50.208445
2015-07-31,51.07,51.130001,50.599998,50.689999,5573500,50.397347
2015-07-30,50.950001,51.049999,50.540001,50.77,3665000,50.476887
2015-07-29,50.98,51.169998,50.759998,51.060001,3530700,50.765213
2015-07-28,51.09,51.240002,50.650002,50.939999,5734900,50.645903
2015-07-27,50.639999,50.849998,50.209999,50.689999,5484200,50.397347
2015-07-24,50.849998,51.470001,50.84,51.049999,5982700,50.755269
2015-07-23,51.330002,51.740002,50.939999,51.200001,6098500,50.904404
2015-07-22,49.869999,51.09,49.259998,50.98,10392300,50.685673
2015-07-21,49.91,50.27,49.759998,49.759998,6399800,49.472716
2015-07-20,50.009998,50.330002,49.98,50.060001,5416600,49.770987