2015-12-16,34.919998,35.459999,34.540001,35.400002,4943900,35.400002
2015-12-15,34.439999,35.099998,34.400002,34.860001,4820000,34.860001
2015-12-14,34.189999,34.509998,33.84,34.18,4497600,34.18
2015-12-11,35.09,35.09,34.110001,34.220001,4804500,34.220001
2015-12-10,35.41,35.689999,35.040001,35.09,5403300,35.09
2015-12-09,35.009998,36.02,35.00,35.41,4815300,35.41
2015-12-08,35.16,35.610001,34.880001,35.27,4403100,35.27
2015-12-07,35.970001,36.02,35.220001,35.41,4289300,35.41
2015-12-04,35.669998,36.139999,35.599998,35.970001,4936400,35.970001
2015-12-03,36.48,36.740002,35.41,35.610001,9032400,35.610001
2015-12-02,36.599998,36.869999,36.450001,36.52,6254500,36.52
2015-12-01,36.799999,37.02,36.439999,36.700001,6333900,36.700001
2015-11-30,36.529999,36.619999,36.099998,36.490002,6233900,36.490002
2015-11-27,36.43,36.57,36.259998,36.459999,2339600,36.459999
2015-11-25,36.009998,36.75,35.98,36.470001,5281800,36.470001
2015-11-24,36.470001,36.59,35.709999,36.040001,7754700,36.040001
2015-11-23,35.810001,37.029999,35.75,36.720001,6839800,36.720001
2015-11-20,36.529999,36.82,35.599998,35.830002,9058200,35.830002
2015-11-19,37.41,37.529999,36.279999,36.43,5944700,36.43
2015-11-18,37.419998,37.68,37.009998,37.41,7977500,37.41
2015-11-17,38.34,38.400002,37.139999,37.200001,4767500,37.200001
2015-11-16,37.59,38.419998,37.549999,38.240002,4626400,38.240002
2015-11-13,38.41,38.860001,37.689999,37.759998,6556000,37.479999
2015-11-12,40.220001,40.299999,38.490002,38.509998,8312200,38.224438
2015-11-11,40.84,40.84,40.259998,40.509998,3649500,40.209607
2015-11-10,41.299999,41.639999,40.560001,40.630001,4419400,40.32872
2015-11-09,41.889999,42.029999,41.25,41.52,5039400,41.21212
2015-11-06,42.790001,43.049999,41.970001,42.130001,5716800,41.817597
2015-11-05,42.950001,43.209999,42.43,43.07,5405600,42.750626
2015-11-04,43.060001,43.169998,42.34,43.02,7006800,42.700997
2015-11-03,43.330002,43.639999,41.740002,43.150002,11417800,42.830034
2015-11-02,45.810001,46.290001,45.049999,46.279999,2975300,45.936822
2015-10-30,45.650002,46.09,45.450001,45.66,3566000,45.32142
2015-10-29,46.639999,46.73,45.459999,45.529999,4298100,45.192383
2015-10-28,46.169998,47.029999,46.130001,46.799999,2086100,46.452966
2015-10-27,46.209999,46.41,45.73,46.240002,2506500,45.897121
2015-10-26,46.810001,46.889999,46.310001,46.389999,1792900,46.046007
2015-10-23,46.93,46.98,46.50,46.889999,2490000,46.542299
2015-10-22,45.509998,46.889999,45.459999,46.700001,3118900,46.353709
2015-10-21,45.740002,45.830002,45.25,45.290001,2686100,44.954165
2015-10-20,45.810001,45.98,45.509998,45.700001,2724700,45.361125
2015-10-19,45.82,46.049999,45.599998,45.970001,2767100,45.629123
2015-10-16,45.650002,45.98,45.25,45.959999,3225400,45.619195
2015-10-15,45.18,45.560001,44.939999,45.560001,2557500,45.222163
2015-10-14,44.849998,45.41,44.66,44.959999,2024100,44.62661
2015-10-13,45.169998,45.50,44.849998,44.919998,2630400,44.586906
2015-10-12,45.330002,45.52,45.150002,45.439999,2013000,45.10305
2015-10-09,45.07,45.529999,45.029999,45.419998,3062900,45.083198
2015-10-08,44.279999,45.209999,44.040001,45.130001,3152600,44.795352
2015-10-07,43.91,44.82,43.709999,44.310001,3837300,43.981432
2015-10-06,43.549999,43.790001,43.290001,43.639999,3224900,43.316399
2015-10-05,42.700001,43.709999,42.700001,43.639999,3634300,43.316399
2015-10-02,41.060001,42.439999,40.919998,42.419998,3009300,42.105444
2015-10-01,41.689999,41.950001,41.060001,41.459999,3802300,41.152563
2015-09-30,41.490002,41.77,41.220001,41.450001,4722500,41.142639
2015-09-29,41.200001,41.259998,40.66,41.02,4655500,40.715828
2015-09-28,42.139999,42.310001,41.00,41.09,4273400,40.785308
2015-09-25,42.50,43.040001,42.27,42.50,3433800,42.184853
2015-09-24,41.860001,42.259998,41.310001,42.02,4725200,41.708412
2015-09-23,42.41,42.549999,41.93,42.060001,2725400,41.748117
2015-09-22,42.799999,42.84,42.16,42.450001,2775200,42.135224
2015-09-21,43.50,43.759998,43.23,43.380001,3159900,43.058328
2015-09-18,43.459999,43.990002,43.150002,43.23,6194900,42.909439
2015-09-17,44.18,44.900002,44.02,44.25,3718300,43.921876
2015-09-16,43.66,44.220001,43.41,44.189999,2990300,43.862319
2015-09-15,43.209999,43.639999,42.860001,43.470001,3811300,43.147661
2015-09-14,42.900002,43.060001,42.75,42.93,3205800,42.611664
2015-09-11,42.98,43.049999,42.549999,42.82,3410900,42.502479
2015-09-10,42.82,43.48,42.709999,43.060001,2901000,42.740701
2015-09-09,44.16,44.330002,42.919998,42.990002,3130600,42.671221
2015-09-08,43.709999,43.740002,43.169998,43.700001,3062100,43.375955
2015-09-04,43.349998,43.459999,42.650002,42.900002,3059000,42.581888
2015-09-03,43.869999,44.419998,43.639999,43.75,3680600,43.425583
2015-09-02,43.93,43.970001,43.18,43.619999,3242900,43.296546
2015-09-01,43.98,44.18,43.110001,43.34,4912000,43.018624
2015-08-31,44.450001,45.060001,44.25,44.990002,4074300,44.65639
2015-08-28,44.68,45.009998,44.380001,44.650002,4256600,44.318911
2015-08-27,44.27,45.169998,44.09,44.830002,4738300,44.497577
2015-08-26,43.900002,44.110001,43.119999,43.990002,4454000,43.663805
2015-08-25,44.389999,44.560001,42.98,43.009998,5854900,42.691069
2015-08-24,42.84,44.549999,42.529999,43.549999,7160200,43.227066
2015-08-21,45.84,46.240002,45.09,45.119999,4987400,44.785424
2015-08-20,46.23,46.75,46.110001,46.200001,3348800,45.857417
2015-08-19,47.400002,47.50,46.59,46.720001,3619900,46.373561
2015-08-18,47.310001,48.169998,47.279999,47.68,3695900,47.326442
2015-08-17,46.48,47.59,46.240002,47.509998,4228700,47.157701
2015-08-14,47.23,47.43,47.049999,47.200001,3130900,46.572078
2015-08-13,46.880001,47.779999,46.84,47.509998,4254400,46.877951
2015-08-12,45.689999,46.939999,45.389999,46.889999,5142200,46.2662
2015-08-11,46.200001,46.259998,45.59,46.07,4087100,45.457109
2015-08-10,46.700001,46.869999,46.299999,46.529999,4121600,45.910989
2015-08-07,47.77,47.849998,46.299999,46.419998,3996600,45.802452
2015-08-06,48.400002,48.470001,47.450001,47.950001,3281800,47.3121
2015-08-05,48.720001,48.740002,47.689999,48.220001,4586100,47.578508
2015-08-04,47.529999,49.50,47.279999,48.41,5119500,47.765979
2015-08-03,47.419998,48.150002,47.400002,47.700001,4280700,47.065426
2015-07-31,48.110001,48.220001,47.360001,47.419998,3959000,46.789148
2015-07-30,47.709999,47.900002,47.32,47.82,3660700,47.183828
2015-07-29,47.93,48.27,47.830002,48.130001,4254400,47.489706
2015-07-28,47.41,48.389999,47.200001,48.349998,3955800,47.706776
2015-07-27,46.93,47.290001,46.810001,47.259998,2743000,46.631277
2015-07-24,47.900002,47.990002,47.049999,47.189999,2528800,46.562208
2015-07-23,47.700001,48.380001,47.700001,48.02,2618500,47.381168
2015-07-22,47.439999,47.91,47.43,47.68,2697300,47.045691
2015-07-21,47.98,48.110001,47.330002,47.490002,2744500,46.85822
2015-07-20,48.040001,48.259998,47.759998,48.040001,4088000,47.400903