2015-12-16,270.399994,273.910004,268.450012,273.299988,328000,273.299988
2015-12-15,271.549988,272.670013,266.119995,267.98999,471100,267.98999
2015-12-14,267.880005,270.269989,265.079987,269.98999,465800,269.98999
2015-12-11,275.429993,278.160004,266.369995,268.100006,711400,268.100006
2015-12-10,281.019989,283.00,278.910004,280.160004,258500,280.160004
2015-12-09,280.380005,284.959991,278.089996,280.089996,322400,280.089996
2015-12-08,280.299988,283.609985,279.540009,282.149994,355700,282.149994
2015-12-07,282.589996,284.390015,281.079987,282.859985,282900,282.859985
2015-12-04,281.25,284.459991,279.519989,284.220001,468500,284.220001
2015-12-03,286.390015,288.079987,279.809998,281.25,302200,281.25
2015-12-02,288.109985,289.73999,284.809998,285.369995,344800,285.369995
2015-12-01,287.380005,290.299988,286.359985,289.160004,273500,289.160004
2015-11-30,286.720001,287.790009,284.190002,286.850006,276000,286.850006
2015-11-27,286.329987,287.440002,284.00,285.529999,94900,285.529999
2015-11-25,288.369995,288.589996,283.589996,286.399994,162900,286.399994
2015-11-24,283.019989,285.929993,281.01001,285.450012,240700,285.450012
2015-11-23,286.73999,287.130005,285.00,285.660004,190800,285.660004
2015-11-20,287.51001,287.950012,285.269989,286.609985,249700,286.609985
2015-11-19,287.269989,288.769989,284.50,286.070007,276100,286.070007
2015-11-18,284.839996,288.040009,284.130005,287.700012,303400,287.700012
2015-11-17,287.75,288.570007,283.799988,284.48999,525000,284.48999
2015-11-16,285.700012,288.440002,284.700012,287.140015,438200,287.140015
2015-11-13,290.00,290.670013,285.309998,286.350006,448700,286.350006
2015-11-12,293.130005,294.549988,290.820007,290.820007,423700,290.820007
2015-11-11,298.920013,298.920013,293.75,294.730011,333900,294.730011
2015-11-10,295.769989,298.730011,294.73999,297.570007,342400,297.570007
2015-11-09,297.049988,298.959991,292.519989,296.730011,421700,296.730011
2015-11-06,300.959991,301.779999,295.029999,297.950012,347100,297.950012
2015-11-05,300.829987,301.850006,298.459991,299.109985,439200,299.109985
2015-11-04,301.140015,303.75,299.640015,301.869995,448600,301.869995
2015-11-03,297.649994,302.23999,293.869995,300.589996,403700,300.589996
2015-11-02,296.190002,301.109985,296.190002,298.420013,332800,298.420013
2015-10-30,298.529999,300.559998,297.019989,297.309998,307800,297.309998
2015-10-29,297.890015,299.109985,295.600006,297.850006,415400,297.850006
2015-10-28,294.01001,298.369995,292.190002,298.269989,304200,298.269989
2015-10-27,293.130005,295.98999,292.00,293.549988,297700,293.549988
2015-10-26,295.029999,296.619995,293.859985,294.920013,470800,294.920013
2015-10-23,296.109985,297.369995,291.910004,295.869995,758700,295.869995
2015-10-22,285.149994,298.059998,283.350006,294.48999,950300,294.48999
2015-10-21,282.359985,282.359985,273.75,275.929993,545300,275.929993
2015-10-20,280.100006,281.619995,277.690002,280.98999,386100,280.98999
2015-10-19,276.829987,280.720001,276.070007,280.070007,316000,280.070007
2015-10-16,279.049988,279.390015,276.299988,278.160004,264600,278.160004
2015-10-15,279.00,279.809998,274.910004,278.179993,324500,278.179993
2015-10-14,275.899994,280.140015,274.690002,276.660004,420300,276.660004
2015-10-13,277.279999,280.269989,275.529999,275.809998,318800,275.809998
2015-10-12,279.850006,280.899994,277.410004,279.00,334200,279.00
2015-10-09,279.369995,281.850006,278.00,280.119995,238300,280.119995
2015-10-08,277.279999,280.480011,275.089996,279.410004,361000,279.410004
2015-10-07,277.470001,280.98999,275.779999,278.269989,457400,278.269989
2015-10-06,274.899994,277.25,274.100006,275.609985,489000,275.609985
2015-10-05,270.970001,276.179993,270.049988,275.769989,483400,275.769989
2015-10-02,258.76001,269.75,256.23999,269.350006,613000,269.350006
2015-10-01,260.450012,263.690002,258.399994,262.350006,635300,262.350006
2015-09-30,254.440002,259.839996,254.440002,258.980011,603800,258.980011
2015-09-29,249.309998,252.110001,247.520004,251.199997,552100,251.199997
2015-09-28,256.549988,256.970001,249.270004,249.470001,636800,249.470001
2015-09-25,256.940002,261.359985,255.289993,259.299988,605600,259.299988
2015-09-24,252.350006,254.550003,250.220001,254.020004,582600,254.020004
2015-09-23,252.770004,255.669998,250.419998,254.839996,296200,254.839996
2015-09-22,253.160004,254.619995,248.830002,252.380005,437600,252.380005
2015-09-21,253.470001,256.980011,252.089996,255.990005,283800,255.990005
2015-09-18,254.990005,254.990005,250.889999,251.660004,572900,251.660004
2015-09-17,254.350006,258.290009,251.449997,255.350006,377300,255.350006
2015-09-16,256.609985,257.549988,253.589996,254.399994,318200,254.399994
2015-09-15,253.059998,258.290009,251.139999,256.429993,352800,256.429993
2015-09-14,253.720001,255.479996,250.830002,251.910004,313900,251.910004
2015-09-11,251.160004,253.649994,249.020004,253.630005,365800,253.630005
2015-09-10,250.070007,253.979996,249.720001,251.740005,382800,251.740005
2015-09-09,258.730011,259.50,251.229996,251.699997,345000,251.699997
2015-09-08,255.600006,257.679993,253.690002,257.519989,528400,257.519989
2015-09-04,253.089996,254.889999,249.470001,250.50,436200,250.50
2015-09-03,256.920013,259.940002,256.00,256.76001,351900,256.76001
2015-09-02,256.299988,256.299988,252.169998,255.509995,430400,255.509995
2015-09-01,251.130005,257.130005,250.619995,252.399994,511400,252.399994
2015-08-31,261.390015,262.00,257.01001,257.190002,479600,257.190002
2015-08-28,262.730011,263.609985,259.359985,262.25,405500,262.25
2015-08-27,260.200012,265.00,259.079987,263.829987,620400,263.829987
2015-08-26,253.149994,258.130005,249.029999,257.809998,611700,257.809998
2015-08-25,253.300003,258.480011,247.059998,247.399994,671600,247.399994
2015-08-24,245.570007,255.00,241.910004,247.050003,788400,247.050003
2015-08-21,264.630005,266.079987,258.970001,259.220001,548700,259.220001
2015-08-20,268.50,270.829987,266.540009,266.630005,377800,266.630005
2015-08-19,271.609985,273.290009,268.160004,268.570007,294900,268.570007
2015-08-18,270.940002,275.130005,270.76001,273.48999,296400,273.48999
2015-08-17,272.23999,273.190002,269.459991,271.320007,455500,271.320007
2015-08-14,270.529999,275.209991,269.299988,273.779999,490000,273.779999
2015-08-13,270.119995,270.880005,268.089996,268.920013,298000,268.920013
2015-08-12,267.070007,270.359985,264.75,269.529999,528400,269.529999
2015-08-11,268.390015,271.029999,265.00,267.98999,639900,267.98999
2015-08-10,272.720001,274.119995,270.109985,270.23999,414700,270.23999
2015-08-07,269.140015,272.609985,267.149994,270.160004,372200,270.160004
2015-08-06,275.600006,275.600006,268.709991,269.470001,306000,269.470001
2015-08-05,277.670013,280.799988,275.220001,275.559998,265800,275.559998
2015-08-04,273.559998,276.019989,271.649994,275.799988,437900,275.799988
2015-08-03,275.279999,276.720001,271.309998,273.399994,420000,273.399994
2015-07-31,273.320007,275.23999,270.309998,275.040009,429700,275.040009
2015-07-30,271.200012,273.339996,267.149994,272.51001,472300,272.51001
2015-07-29,272.049988,275.220001,271.50,272.850006,948500,272.850006
2015-07-28,267.519989,272.570007,264.959991,270.809998,656700,270.809998
2015-07-27,273.070007,273.660004,266.279999,267.00,603600,267.00
2015-07-24,284.649994,285.00,268.709991,274.109985,1558400,274.109985
2015-07-23,298.670013,298.980011,283.720001,284.339996,1409900,284.339996
2015-07-22,298.700012,302.859985,298.700012,301.690002,456100,301.690002
2015-07-21,303.950012,304.98999,298.709991,299.570007,297100,299.570007
2015-07-20,302.23999,304.76001,301.820007,302.660004,275000,302.660004