2015-12-16,42.259998,43.119999,42.040001,43.00,1789600,43.00
2015-12-15,42.00,42.27,41.810001,41.939999,1856000,41.939999
2015-12-14,41.700001,41.889999,41.41,41.799999,2139400,41.799999
2015-12-11,41.52,42.080002,41.330002,41.720001,1653300,41.720001
2015-12-10,42.580002,42.66,41.549999,41.709999,1968100,41.709999
2015-12-09,42.52,43.00,42.369999,42.580002,2099800,42.580002
2015-12-08,42.889999,43.07,42.43,42.740002,2338800,42.740002
2015-12-07,42.799999,43.02,42.599998,42.970001,1885100,42.970001
2015-12-04,42.48,43.380001,42.439999,43.34,2711000,42.915001
2015-12-03,42.639999,42.82,41.98,42.25,3152100,41.83569
2015-12-02,43.939999,43.939999,42.77,42.830002,1928000,42.410004
2015-12-01,44.00,44.09,43.450001,43.830002,1960700,43.400198
2015-11-30,43.450001,44.07,43.419998,43.759998,2954200,43.330881
2015-11-27,43.279999,43.450001,43.110001,43.310001,657500,42.885297
2015-11-25,43.240002,43.369999,43.049999,43.16,1157500,42.736766
2015-11-24,43.169998,43.34,42.75,43.220001,1455200,42.796179
2015-11-23,44.029999,44.169998,43.259998,43.34,1591500,42.915001
2015-11-20,43.93,44.34,43.880001,44.110001,2942400,43.677451
2015-11-19,43.419998,43.91,43.369999,43.700001,2279500,43.271472
2015-11-18,42.830002,43.290001,42.369999,43.220001,2386000,42.796179
2015-11-17,43.82,44.330002,42.740002,42.860001,3251500,42.439709
2015-11-16,43.240002,43.950001,43.02,43.93,3025100,43.499216
2015-11-13,43.630001,44.09,43.009998,43.130001,2072400,42.707062
2015-11-12,44.200001,44.509998,43.41,43.50,2065500,43.073432
2015-11-11,43.900002,44.400002,43.880001,44.220001,1545800,43.786373
2015-11-10,43.09,43.880001,43.09,43.810001,1639800,43.380394
2015-11-09,42.349998,43.23,41.880001,43.139999,2139800,42.716962
2015-11-06,43.77,44.490002,42.18,42.549999,2444400,42.132747
2015-11-05,44.150002,44.459999,43.939999,44.02,1781800,43.588333
2015-11-04,43.889999,44.32,43.889999,44.209999,1063000,43.776469
2015-11-03,43.759998,43.970001,43.549999,43.869999,1174000,43.439803
2015-11-02,43.700001,44.02,43.389999,43.919998,1430900,43.489312
2015-10-30,43.580002,43.849998,43.34,43.68,1428800,43.251667
2015-10-29,43.82,43.869999,42.950001,43.41,1850100,42.984315
2015-10-28,44.439999,44.709999,43.509998,44.029999,1519600,43.598234
2015-10-27,44.27,44.68,44.25,44.490002,1326800,44.053726
2015-10-26,44.060001,44.43,43.720001,44.41,1542500,43.974508
2015-10-23,44.41,44.560001,43.68,43.990002,1303300,43.558629
2015-10-22,44.23,44.610001,44.189999,44.50,1422400,44.063626
2015-10-21,44.450001,44.650002,44.080002,44.150002,944100,43.71706
2015-10-20,44.150002,44.52,43.970001,44.32,1052200,43.885391
2015-10-19,43.970001,44.299999,43.740002,44.290001,1294600,43.855686
2015-10-16,44.169998,44.439999,43.91,44.099998,1079300,43.667547
2015-10-15,43.599998,44.060001,43.389999,43.939999,927400,43.509116
2015-10-14,43.720001,43.959999,43.34,43.389999,1508600,42.96451
2015-10-13,43.610001,43.799999,43.32,43.650002,2276200,43.221963
2015-10-12,43.200001,43.740002,43.139999,43.720001,1436300,43.291276
2015-10-09,43.130001,43.240002,42.779999,43.119999,2145500,42.697157
2015-10-08,42.099998,43.209999,42.00,43.119999,1970400,42.697157
2015-10-07,42.439999,42.509998,42.07,42.209999,1025900,41.796081
2015-10-06,42.540001,42.669998,42.080002,42.310001,917500,41.895103
2015-10-05,42.450001,42.740002,42.040001,42.619999,1146500,42.202061
2015-10-02,42.200001,42.32,41.650002,42.32,1043200,41.905003
2015-10-01,42.310001,42.439999,41.459999,41.779999,1971900,41.370298
2015-09-30,41.900002,42.290001,41.630001,42.27,1522200,41.855494
2015-09-29,41.549999,41.790001,41.25,41.689999,1360100,41.28118
2015-09-28,41.389999,41.810001,41.240002,41.540001,1740100,41.132653
2015-09-25,41.169998,41.830002,40.810001,41.369999,1716700,40.964318
2015-09-24,40.700001,41.189999,40.43,41.049999,1688800,40.647457
2015-09-23,40.50,40.880001,40.360001,40.799999,1121800,40.399908
2015-09-22,40.52,40.790001,40.41,40.50,1595600,40.102851
2015-09-21,40.52,41.060001,40.389999,40.82,1704100,40.419712
2015-09-18,40.23,40.73,40.16,40.369999,2931900,39.974124
2015-09-17,39.700001,41.07,39.619999,40.540001,2627200,40.142459
2015-09-16,39.220001,39.740002,39.110001,39.689999,1345900,39.300792
2015-09-15,38.98,39.34,38.700001,39.200001,1380000,38.815599
2015-09-14,38.84,39.220001,38.790001,38.98,1449100,38.597756
2015-09-11,38.34,38.82,38.259998,38.82,1472200,38.439325
2015-09-10,38.290001,38.91,38.150002,38.43,1238300,38.05315
2015-09-09,38.98,39.119999,38.389999,38.459999,1679100,38.082854
2015-09-08,38.689999,39.009998,38.48,38.98,1684700,38.597756
2015-09-04,38.860001,38.91,38.349998,38.560001,1571700,37.775895
2015-09-03,39.23,39.41,39.029999,39.25,1135000,38.451862
2015-09-02,39.560001,39.599998,38.639999,39.080002,1759300,38.285321
2015-09-01,39.389999,39.959999,38.889999,39.119999,2420200,38.324505
2015-08-31,40.939999,41.009998,39.889999,40.290001,2572400,39.470715
2015-08-28,41.009998,41.209999,40.509998,41.07,1577100,40.234853
2015-08-27,40.75,41.040001,40.259998,41.02,2447600,40.18587
2015-08-26,40.290001,40.650002,39.66,40.549999,2825400,39.725426
2015-08-25,41.450001,41.450001,39.75,39.77,2749600,38.961289
2015-08-24,41.07,41.98,40.48,40.68,3089700,39.852784
2015-08-21,43.189999,43.360001,42.509998,42.509998,2201100,41.645569
2015-08-20,43.220001,43.849998,43.189999,43.310001,1384100,42.429305
2015-08-19,43.02,43.650002,42.779999,43.549999,1757300,42.664422
2015-08-18,43.240002,43.459999,43.00,43.200001,1931100,42.321541
2015-08-17,42.779999,43.610001,42.619999,43.400002,1778400,42.517475
2015-08-14,42.52,42.82,42.310001,42.740002,2406000,41.870896
2015-08-13,40.990002,42.740002,40.990002,42.619999,1688200,41.753333
2015-08-12,42.209999,42.720001,41.849998,42.650002,3641100,41.782726
2015-08-11,41.810001,42.299999,41.630001,42.099998,2162700,41.243907
2015-08-10,42.130001,42.400002,41.720001,41.82,1322200,40.969602
2015-08-07,41.599998,42.330002,41.349998,42.119999,978300,41.263501
2015-08-06,41.380001,41.740002,40.990002,41.689999,1087500,40.842244
2015-08-05,41.169998,41.560001,41.02,41.360001,1315800,40.518957
2015-08-04,41.439999,41.490002,40.93,41.009998,1840800,40.176071
2015-08-03,41.259998,41.93,41.23,41.59,2296200,40.744279
2015-07-31,40.119999,41.34,39.779999,41.080002,2768600,40.244651
2015-07-30,39.540001,39.990002,39.349998,39.77,1336100,38.961289
2015-07-29,39.27,39.68,39.009998,39.650002,1241500,38.84373
2015-07-28,39.330002,39.43,38.98,39.34,1824400,38.540032
2015-07-27,38.59,39.169998,38.459999,39.02,851900,38.22654
2015-07-24,38.310001,38.610001,38.130001,38.529999,1115000,37.746502
2015-07-23,38.549999,38.59,37.919998,38.27,1403700,37.491791
2015-07-22,38.73,39.040001,38.610001,38.66,1354700,37.87386
2015-07-21,39.049999,39.119999,38.50,38.700001,821100,37.913047
2015-07-20,39.330002,39.330002,38.810001,39.119999,980700,38.324505