2015-12-16,56.189999,57.189999,56.110001,57.009998,3220000,57.009998
2015-12-15,55.099998,56.380001,54.790001,56.040001,4347600,56.040001
2015-12-14,54.560001,54.959999,54.080002,54.540001,3988900,54.540001
2015-12-11,54.650002,55.099998,54.400002,54.560001,2954000,54.560001
2015-12-10,56.279999,56.330002,54.810001,54.880001,3723700,54.880001
2015-12-09,55.720001,56.91,55.380001,56.25,2795200,56.25
2015-12-08,56.119999,56.220001,55.560001,55.880001,2300400,55.880001
2015-12-07,56.23,56.299999,55.759998,56.25,2623700,56.25
2015-12-04,54.959999,55.889999,54.919998,55.84,2328400,55.84
2015-12-03,55.040001,55.32,54.50,54.700001,3463400,54.700001
2015-12-02,56.450001,56.599998,55.27,55.330002,2571900,55.330002
2015-12-01,56.360001,56.880001,55.959999,56.73,3519800,56.73
2015-11-30,55.950001,56.59,55.950001,56.009998,4079700,56.009998
2015-11-27,55.66,56.130001,55.48,55.939999,1422300,55.939999
2015-11-25,55.580002,55.799999,55.299999,55.610001,2346100,55.610001
2015-11-24,55.689999,55.98,55.27,55.790001,2254700,55.790001
2015-11-23,56.57,56.84,55.91,55.990002,2302200,55.990002
2015-11-20,56.540001,56.98,56.110001,56.540001,4264700,56.540001
2015-11-19,55.59,56.52,55.529999,56.32,3748900,56.32
2015-11-18,55.09,55.50,54.310001,55.41,4675700,55.41
2015-11-17,56.060001,56.549999,54.91,55.049999,2422400,55.049999
2015-11-16,55.049999,56.25,54.959999,56.209999,2207900,56.209999
2015-11-13,55.380001,55.849998,54.950001,55.060001,2247600,55.060001
2015-11-12,55.380001,56.00,55.029999,55.32,2637100,55.32
2015-11-11,55.150002,55.689999,55.02,55.560001,2710600,55.560001
2015-11-10,54.48,55.139999,54.48,55.099998,2383200,55.099998
2015-11-09,53.740002,54.57,53.529999,54.43,3673300,54.43
2015-11-06,55.200001,55.279999,53.299999,53.959999,5150900,53.959999
2015-11-05,56.709999,56.970001,56.419998,56.490002,2383700,55.930001
2015-11-04,56.77,57.150002,56.580002,56.709999,2573700,56.147818
2015-11-03,56.709999,57.040001,56.349998,56.75,2139700,56.187422
2015-11-02,56.650002,57.00,56.259998,56.889999,2726900,56.326034
2015-10-30,56.439999,56.93,56.209999,56.650002,2763800,56.088415
2015-10-29,56.779999,57.00,55.52,56.209999,3446100,55.652774
2015-10-28,57.790001,57.98,56.400002,57.07,2053800,56.50425
2015-10-27,57.869999,58.040001,57.43,57.669998,2129500,57.0983
2015-10-26,57.73,57.889999,57.27,57.82,2861500,57.246815
2015-10-23,58.970001,59.009998,57.41,57.48,4884500,56.910185
2015-10-22,58.509998,59.27,58.189999,59.169998,4104600,58.58343
2015-10-21,58.959999,59.52,58.720001,58.939999,3320800,58.355711
2015-10-20,58.509998,59.23,58.220001,58.66,3125200,58.078488
2015-10-19,58.459999,58.669998,57.830002,58.59,2892100,58.009182
2015-10-16,59.00,59.040001,58.27,58.540001,3033700,57.959678
2015-10-15,58.349998,58.810001,57.889999,58.720001,2754900,58.137894
2015-10-14,57.669998,58.400002,57.599998,58.150002,3887500,57.573545
2015-10-13,57.459999,57.860001,57.259998,57.650002,2143500,57.078502
2015-10-12,56.799999,57.740002,56.799999,57.560001,2270700,56.989394
2015-10-09,56.900002,57.040001,56.509998,56.740002,2043000,56.177523
2015-10-08,56.009998,56.959999,55.939999,56.869999,3397500,56.306232
2015-10-07,56.759998,56.799999,55.950001,56.040001,4452000,55.484461
2015-10-06,57.23,57.439999,56.43,56.619999,3101500,56.05871
2015-10-05,56.669998,57.59,56.439999,57.459999,3007300,56.890383
2015-10-02,56.73,56.759998,55.689999,56.32,5169200,55.761685
2015-10-01,56.919998,57.00,55.790001,56.139999,4215600,55.583469
2015-09-30,56.349998,56.970001,56.009998,56.860001,2785200,56.296332
2015-09-29,55.990002,56.389999,55.740002,56.130001,2659800,55.573569
2015-09-28,55.939999,56.52,55.459999,55.860001,2413800,55.306246
2015-09-25,55.59,56.549999,55.189999,55.990002,2718000,55.434958
2015-09-24,54.849998,55.599998,54.740002,55.459999,3829200,54.910209
2015-09-23,54.810001,55.110001,54.509998,55.02,1878500,54.474573
2015-09-22,55.380001,55.650002,54.599998,54.720001,3559800,54.177547
2015-09-21,55.73,55.939999,55.349998,55.599998,2823100,55.048821
2015-09-18,55.50,56.330002,55.34,55.48,3832700,54.930012
2015-09-17,54.669998,56.439999,54.540001,55.869999,5244400,55.316145
2015-09-16,53.98,54.720001,53.84,54.630001,4547200,54.088439
2015-09-15,53.779999,54.02,53.389999,53.849998,2423800,53.316169
2015-09-14,53.869999,54.240002,53.599998,53.68,2063800,53.147856
2015-09-11,53.290001,53.810001,53.040001,53.779999,1804500,53.246863
2015-09-10,53.41,53.869999,53.18,53.389999,2172500,52.86073
2015-09-09,54.360001,54.48,53.27,53.369999,2602800,52.840928
2015-09-08,53.23,54.09,53.23,54.080002,3149600,53.543892
2015-09-04,52.959999,53.07,52.290001,52.540001,2595300,52.019158
2015-09-03,53.049999,53.529999,53.00,53.349998,2339600,52.821126
2015-09-02,53.380001,53.41,52.459999,53.009998,2460900,52.484496
2015-09-01,53.740002,53.93,52.650002,52.990002,3281700,52.464698
2015-08-31,54.549999,54.689999,53.82,54.290001,3588900,53.75181
2015-08-28,54.849998,55.380001,54.07,54.900002,2105500,54.355763
2015-08-27,54.580002,54.93,54.110001,54.91,2909100,54.365662
2015-08-26,53.529999,54.209999,52.799999,54.009998,4407800,53.474583
2015-08-25,55.02,55.650002,53.00,53.02,4974600,52.494399
2015-08-24,55.290001,56.77,53.029999,54.830002,5660400,54.286457
2015-08-21,57.970001,58.360001,57.220001,57.290001,3934300,56.72207
2015-08-20,58.419998,59.18,58.119999,58.369999,1856100,57.791362
2015-08-19,58.009998,58.959999,57.82,58.799999,2580600,58.217099
2015-08-18,58.200001,58.369999,57.959999,58.27,1954000,57.692354
2015-08-17,58.189999,58.669998,57.990002,58.349998,2194300,57.771559
2015-08-14,57.57,58.209999,57.09,58.200001,1933500,57.623049
2015-08-13,57.330002,57.740002,56.880001,57.549999,1887300,56.979491
2015-08-12,56.849998,57.77,56.599998,57.57,2444800,56.999293
2015-08-11,56.700001,57.380001,56.459999,56.849998,2383300,56.286429
2015-08-10,56.810001,57.07,56.540001,56.709999,2511500,56.147818
2015-08-07,56.150002,57.080002,55.779999,56.77,2038400,56.207224
2015-08-06,56.029999,56.32,55.34,56.259998,2204900,55.702278
2015-08-05,56.59,56.849998,56.240002,56.650002,2305200,55.563671
2015-08-04,57.029999,57.139999,56.279999,56.389999,2200000,55.308654
2015-08-03,56.779999,57.25,56.650002,57.060001,2458600,55.965808
2015-07-31,56.790001,57.220001,56.48,56.57,2414600,55.485203
2015-07-30,55.66,56.610001,55.57,56.32,1994100,55.239997
2015-07-29,55.75,56.00,55.380001,55.939999,2497200,54.867283
2015-07-28,55.639999,56.029999,55.52,55.889999,2687100,54.818242
2015-07-27,54.66,56.029999,54.619999,55.740002,2789900,54.671121
2015-07-24,54.509998,54.779999,54.169998,54.599998,3025400,53.552979
2015-07-23,55.330002,55.330002,54.220001,54.59,3534300,53.543172
2015-07-22,54.970001,55.549999,54.889999,55.209999,3186400,54.151282
2015-07-21,55.50,55.580002,54.650002,54.889999,2201300,53.837419
2015-07-20,55.580002,55.700001,55.049999,55.540001,2747500,54.474956