2015-12-16,9.29,9.39,9.13,9.37,6381700,9.37
2015-12-15,8.90,9.36,8.89,9.25,9588900,9.25
2015-12-14,9.05,9.15,8.76,8.83,8131500,8.83
2015-12-11,9.17,9.20,8.96,8.97,5014100,8.97
2015-12-10,9.26,9.35,9.16,9.28,3841400,9.28
2015-12-09,9.19,9.43,9.15,9.26,4657500,9.26
2015-12-08,9.11,9.27,9.07,9.20,5080000,9.20
2015-12-07,9.26,9.30,8.96,9.21,5952400,9.21
2015-12-04,9.52,9.60,9.30,9.32,7083900,9.32
2015-12-03,9.56,9.75,9.50,9.52,8198300,9.52
2015-12-02,9.99,10.00,9.60,9.60,6468400,9.60
2015-12-01,10.02,10.09,9.92,9.98,5649400,9.98
2015-11-30,10.00,10.08,9.98,9.99,5790900,9.99
2015-11-27,9.89,10.02,9.83,9.99,3529100,9.99
2015-11-25,9.66,9.92,9.66,9.88,3414000,9.88
2015-11-24,9.64,9.94,9.61,9.90,5932800,9.90
2015-11-23,9.67,9.75,9.58,9.66,5665400,9.66
2015-11-20,9.62,9.81,9.58,9.67,3592600,9.67
2015-11-19,9.72,9.76,9.45,9.57,5628600,9.57
2015-11-18,9.57,9.75,9.50,9.73,4158500,9.73
2015-11-17,9.82,9.92,9.50,9.54,5588400,9.54
2015-11-16,9.77,9.90,9.67,9.81,5320300,9.81
2015-11-13,9.76,9.90,9.72,9.80,5439800,9.80
2015-11-12,9.84,10.07,9.73,9.73,7210300,9.73
2015-11-11,10.10,10.13,9.87,10.05,3917400,10.05
2015-11-10,9.96,10.12,9.94,10.07,6384600,10.07
2015-11-09,10.16,10.23,9.81,9.90,6001500,9.90
2015-11-06,9.77,10.23,9.61,10.20,8551800,10.20
2015-11-05,10.48,10.70,9.85,9.88,12512200,9.88
2015-11-04,10.95,11.06,10.79,10.82,5298800,10.82
2015-11-03,10.94,11.03,10.77,10.93,8388300,10.93
2015-11-02,10.98,11.09,10.91,11.02,4724800,11.02
2015-10-30,11.01,11.07,10.92,10.95,4194600,10.95
2015-10-29,10.95,11.07,10.87,11.00,5062400,11.00
2015-10-28,10.88,11.21,10.81,11.12,6819300,11.02
2015-10-27,10.83,10.90,10.75,10.87,6140600,10.772248
2015-10-26,10.99,11.05,10.78,10.88,5762700,10.782159
2015-10-23,11.08,11.16,10.92,11.05,6876400,10.95063
2015-10-22,10.81,11.04,10.75,11.04,6531500,10.94072
2015-10-21,10.95,11.07,10.73,10.76,4407900,10.663238
2015-10-20,10.69,10.92,10.59,10.88,5857200,10.782159
2015-10-19,10.68,10.74,10.52,10.74,8835900,10.643417
2015-10-16,10.82,10.82,10.62,10.78,4805400,10.683057
2015-10-15,10.62,10.79,10.51,10.78,5732500,10.683057
2015-10-14,10.64,10.76,10.56,10.57,5219300,10.474946
2015-10-13,10.64,10.85,10.62,10.63,6091200,10.534407
2015-10-12,10.73,10.84,10.65,10.71,3739100,10.613687
2015-10-09,10.77,10.84,10.65,10.72,4889000,10.623598
2015-10-08,10.49,10.80,10.47,10.76,5153600,10.663238
2015-10-07,10.55,10.75,10.48,10.53,9647600,10.435306
2015-10-06,10.24,10.46,10.15,10.46,9134500,10.365935
2015-10-05,10.15,10.41,10.14,10.27,6932900,10.177644
2015-10-02,9.81,10.09,9.79,10.09,5792100,9.999263
2015-10-01,9.86,10.00,9.72,9.89,8680300,9.801062
2015-09-30,9.53,9.82,9.47,9.79,11244700,9.701961
2015-09-29,9.81,9.86,9.42,9.46,7961200,9.374928
2015-09-28,9.92,10.05,9.79,9.81,6557900,9.721781
2015-09-25,10.08,10.16,9.91,9.96,8741400,9.870432
2015-09-24,10.05,10.08,9.85,10.00,10031700,9.910072
2015-09-23,10.50,10.51,10.14,10.14,8352600,10.048813
2015-09-22,10.73,10.78,10.43,10.48,9721400,10.385755
2015-09-21,11.00,11.09,10.75,10.78,5736900,10.683057
2015-09-18,11.05,11.12,10.88,10.94,9536700,10.841618
2015-09-17,11.18,11.38,11.06,11.17,6194500,11.069551
2015-09-16,11.15,11.20,11.10,11.18,7226200,11.079461
2015-09-15,11.11,11.17,10.99,11.12,5604700,11.02
2015-09-14,11.12,11.25,10.99,11.07,5485900,10.970449
2015-09-11,11.20,11.24,11.05,11.13,3949800,11.02991
2015-09-10,11.23,11.47,11.21,11.24,6734000,11.138921
2015-09-09,11.39,11.56,11.27,11.30,5740900,11.198382
2015-09-08,11.24,11.36,11.09,11.32,7716800,11.218201
2015-09-04,11.32,11.32,11.00,11.03,4799600,10.930809
2015-09-03,11.35,11.51,11.25,11.44,6344100,11.337122
2015-09-02,11.60,11.63,11.22,11.32,5959000,11.218201
2015-09-01,11.78,11.80,11.34,11.44,6132200,11.337122
2015-08-31,12.03,12.07,11.82,12.00,6464400,11.892087
2015-08-28,11.86,12.14,11.81,12.10,4923800,11.991188
2015-08-27,11.76,11.91,11.65,11.87,8194900,11.763255
2015-08-26,11.56,11.68,11.40,11.65,8578600,11.545234
2015-08-25,11.79,11.90,11.33,11.34,9287700,11.238022
2015-08-24,11.27,11.73,11.15,11.53,16765000,11.426313
2015-08-21,12.16,12.33,11.92,12.00,5420800,11.892087
2015-08-20,12.41,12.61,12.29,12.31,5791500,12.199299
2015-08-19,12.73,12.75,12.45,12.54,4928900,12.42723
2015-08-18,12.85,12.87,12.75,12.82,3080100,12.704712
2015-08-17,12.80,12.99,12.67,12.87,4593400,12.754263
2015-08-14,12.62,12.86,12.60,12.81,3262300,12.694803
2015-08-13,13.01,13.21,12.63,12.66,5960000,12.546151
2015-08-12,12.33,13.10,12.33,13.06,7759600,12.942555
2015-08-11,12.65,12.80,12.27,12.35,5916000,12.238939
2015-08-10,12.58,12.78,12.51,12.68,3423100,12.565972
2015-08-07,12.64,12.79,12.58,12.64,4149100,12.526331
2015-08-06,12.58,12.63,12.34,12.60,5253400,12.486691
2015-08-05,12.61,12.78,12.56,12.59,2677200,12.476781
2015-08-04,12.71,12.83,12.53,12.56,2903500,12.447051
2015-08-03,12.82,12.94,12.66,12.73,3023700,12.615521
2015-07-31,12.81,12.96,12.76,12.80,4256500,12.684892
2015-07-30,12.75,12.85,12.66,12.69,4720300,12.575881
2015-07-29,12.80,12.84,12.70,12.83,6472300,12.615521
2015-07-28,12.93,13.01,12.71,12.77,5980600,12.556525
2015-07-27,12.73,12.99,12.69,12.93,5414800,12.71385
2015-07-24,12.92,12.92,12.68,12.79,3495300,12.57619
2015-07-23,13.14,13.20,12.88,12.94,4408000,12.723682
2015-07-22,12.90,13.22,12.90,13.17,5692200,12.949838
2015-07-21,13.02,13.02,12.87,12.94,3617400,12.723682
2015-07-20,13.17,13.17,12.94,13.08,5091500,12.861342