2015-12-16,188.279999,189.160004,185.020004,188.910004,1172600,188.910004
2015-12-15,188.460007,190.770004,185.199997,186.210007,1624800,186.210007
2015-12-14,187.809998,190.990005,186.00,187.789993,2035100,187.789993
2015-12-11,182.649994,189.059998,182.649994,188.059998,2507000,188.059998
2015-12-10,183.600006,189.740005,182.190002,187.630005,1255400,187.630005
2015-12-09,186.75,188.610001,180.820007,183.160004,2063200,183.160004
2015-12-08,183.820007,190.710007,180.169998,188.720001,2651400,188.720001
2015-12-07,177.00,183.25,176.639999,179.149994,1942800,179.149994
2015-12-04,169.160004,175.940002,169.100006,175.759995,1216300,175.759995
2015-12-03,176.460007,177.360001,167.020004,168.789993,1717800,168.789993
2015-12-02,179.740005,179.839996,175.830002,176.580002,1116000,176.580002
2015-12-01,179.960007,181.470001,177.570007,180.279999,969200,180.279999
2015-11-30,181.990005,182.470001,178.220001,178.440002,1267500,178.440002
2015-11-27,182.320007,183.100006,179.839996,182.460007,478100,182.460007
2015-11-25,177.880005,182.979996,177.050003,182.240005,1156800,182.240005
2015-11-24,174.50,177.990005,172.679993,177.800003,822000,177.800003
2015-11-23,173.210007,177.50,173.009995,175.970001,960700,175.970001
2015-11-20,176.529999,176.630005,172.610001,173.589996,907500,173.589996
2015-11-19,176.50,177.630005,174.029999,174.479996,881700,174.479996
2015-11-18,171.839996,176.759995,170.520004,176.649994,966300,176.649994
2015-11-17,168.759995,171.869995,167.619995,171.210007,772600,171.210007
2015-11-16,166.869995,170.029999,164.619995,168.910004,1046100,168.910004
2015-11-13,166.169998,168.979996,164.580002,166.440002,983300,166.440002
2015-11-12,169.529999,170.600006,165.979996,166.130005,1083200,166.130005
2015-11-11,172.899994,173.710007,169.509995,169.539993,968800,169.539993
2015-11-10,173.360001,174.820007,171.600006,172.380005,1151800,172.380005
2015-11-09,171.630005,173.949997,170.00,172.639999,1286900,172.639999
2015-11-06,172.470001,173.610001,169.229996,172.149994,1181700,172.149994
2015-11-05,175.539993,175.860001,170.309998,173.440002,1079800,173.440002
2015-11-04,177.479996,179.75,171.130005,175.460007,1916900,175.460007
2015-11-03,179.850006,180.759995,176.050003,177.669998,1345700,177.669998
2015-11-02,177.240005,180.979996,176.070007,180.759995,1518100,180.759995
2015-10-30,176.360001,178.850006,173.300003,176.00,1971100,176.00
2015-10-29,174.550003,179.509995,170.119995,175.949997,2177000,175.949997
2015-10-28,176.00,179.00,173.00,177.410004,1703100,177.410004
2015-10-27,169.190002,177.149994,168.25,176.589996,1677300,176.589996
2015-10-26,172.009995,172.899994,166.630005,170.009995,1593700,170.009995
2015-10-23,168.240005,172.00,165.539993,171.160004,1689600,171.160004
2015-10-22,160.089996,168.389999,159.110001,166.759995,2358000,166.759995
2015-10-21,161.089996,164.110001,155.619995,160.309998,1668400,160.309998
2015-10-20,161.470001,162.029999,157.50,159.020004,1185200,159.020004
2015-10-19,160.050003,164.820007,158.179993,162.110001,1217000,162.110001
2015-10-16,161.960007,163.279999,158.070007,160.720001,1405900,160.720001
2015-10-15,152.119995,161.160004,150.690002,161.070007,2019500,161.070007
2015-10-14,153.839996,157.160004,151.929993,152.660004,1653500,152.660004
2015-10-13,159.690002,161.949997,152.25,153.25,1711700,153.25
2015-10-12,162.110001,162.110001,158.369995,159.860001,1175700,159.860001
2015-10-09,164.119995,165.460007,159.600006,161.080002,1935900,161.080002
2015-10-08,163.910004,165.679993,156.75,164.309998,2190700,164.309998
2015-10-07,161.399994,166.25,158.940002,164.779999,2113300,164.779999
2015-10-06,162.429993,163.330002,155.059998,160.00,2052800,160.00
2015-10-05,167.279999,168.190002,161.600006,163.419998,1437400,163.419998
2015-10-02,158.539993,166.220001,156.509995,166.070007,2750200,166.070007
2015-10-01,155.919998,158.800003,154.029999,157.820007,1847800,157.820007
2015-09-30,150.720001,156.589996,150.020004,156.389999,3029600,156.389999
2015-09-29,145.630005,152.259995,142.160004,147.75,2980900,147.75
2015-09-28,148.820007,149.979996,142.020004,145.600006,2786500,145.600006
2015-09-25,159.919998,160.679993,147.339996,149.25,2526100,149.25
2015-09-24,157.869995,159.470001,152.720001,157.050003,2090200,157.050003
2015-09-23,159.649994,160.259995,155.169998,159.630005,1793900,159.630005
2015-09-22,158.039993,159.789993,156.00,159.240005,2251100,159.240005
2015-09-21,167.589996,168.25,158.539993,160.509995,2214600,160.509995
2015-09-18,166.110001,169.119995,165.50,166.580002,3989900,166.580002
2015-09-17,168.600006,170.00,165.169998,167.990005,2178300,167.990005
2015-09-16,169.070007,170.369995,165.119995,167.789993,1206700,167.789993
2015-09-15,169.839996,170.119995,166.380005,169.029999,1138300,169.029999
2015-09-14,170.559998,172.570007,165.029999,168.800003,1956900,168.800003
2015-09-11,171.220001,172.419998,169.320007,171.929993,1106200,171.929993
2015-09-10,169.149994,173.75,169.149994,171.649994,2180300,171.649994
2015-09-09,179.550003,180.199997,171.050003,171.759995,1137100,171.759995
2015-09-08,175.309998,177.350006,170.580002,176.929993,1557800,176.929993
2015-09-04,170.009995,175.759995,168.369995,171.979996,2184200,171.979996
2015-09-03,177.949997,179.00,173.509995,175.279999,1537800,175.279999
2015-09-02,175.320007,176.289993,170.029999,176.240005,1839500,176.240005
2015-09-01,168.619995,174.779999,168.080002,170.850006,2551100,170.850006
2015-08-31,178.020004,180.259995,171.679993,172.190002,1636500,172.190002
2015-08-28,178.399994,180.00,176.320007,178.860001,1476900,178.860001
2015-08-27,175.320007,179.979996,174.229996,179.820007,2027100,179.820007
2015-08-26,170.720001,173.759995,164.830002,173.539993,1813900,173.539993
2015-08-25,171.820007,173.660004,165.190002,165.440002,2587100,165.440002
2015-08-24,164.279999,173.089996,156.710007,166.850006,3571000,166.850006
2015-08-21,176.00,180.690002,173.740005,173.809998,2234400,173.809998
2015-08-20,184.25,186.039993,178.240005,178.619995,1333400,178.619995
2015-08-19,185.619995,186.429993,183.25,184.960007,1306000,184.960007
2015-08-18,191.199997,191.199997,186.839996,187.419998,1106600,187.419998
2015-08-17,186.75,191.520004,185.029999,191.220001,980200,191.220001
2015-08-14,187.600006,188.75,183.770004,186.580002,882800,186.580002
2015-08-13,190.089996,191.889999,188.320007,188.830002,980500,188.830002
2015-08-12,185.130005,191.380005,182.300003,191.009995,1815200,191.009995
2015-08-11,189.339996,189.919998,184.759995,186.309998,1408900,186.309998
2015-08-10,191.50,193.910004,189.699997,190.429993,810400,190.429993
2015-08-07,190.009995,190.949997,185.00,189.619995,1519400,189.619995
2015-08-06,197.729996,198.229996,189.50,189.729996,1132700,189.729996
2015-08-05,199.479996,200.970001,196.770004,197.940002,649100,197.940002
2015-08-04,196.520004,198.910004,195.449997,197.149994,872500,197.149994
2015-08-03,196.880005,199.00,193.520004,195.729996,1364900,195.729996
2015-07-31,200.00,200.00,196.320007,197.440002,1697700,197.440002
2015-07-30,200.410004,203.059998,189.399994,199.289993,2578700,199.289993
2015-07-29,204.440002,205.289993,198.460007,198.759995,2191000,198.759995
2015-07-28,200.220001,203.679993,198.600006,203.550003,1536200,203.550003
2015-07-27,200.529999,201.679993,196.710007,198.100006,1671500,198.100006
2015-07-24,205.110001,205.110001,199.919998,200.990005,1827200,200.990005
2015-07-23,206.660004,208.880005,205.509995,207.839996,1011500,207.839996
2015-07-22,204.399994,206.729996,204.089996,206.160004,1041300,206.160004
2015-07-21,203.600006,205.830002,201.309998,204.880005,916700,204.880005
2015-07-20,205.539993,206.009995,203.350006,204.460007,857600,204.460007