2015-12-16,53.830002,54.549999,53.389999,54.349998,2036700,54.349998
2015-12-15,53.889999,53.959999,53.25,53.330002,2063500,53.330002
2015-12-14,52.990002,53.450001,52.91,53.419998,2146400,53.419998
2015-12-11,53.509998,53.599998,52.849998,52.91,1676500,52.91
2015-12-10,53.93,54.43,53.849998,54.080002,2388900,54.080002
2015-12-09,53.470001,54.84,53.470001,54.00,1828400,54.00
2015-12-08,54.619999,54.740002,53.810001,53.830002,1255800,53.830002
2015-12-07,54.970001,55.220001,54.68,55.110001,1008200,55.110001
2015-12-04,54.779999,55.52,54.599998,55.310001,1754400,55.310001
2015-12-03,55.82,56.00,54.27,54.709999,1371100,54.709999
2015-12-02,56.490002,56.57,55.740002,55.799999,1323700,55.799999
2015-12-01,56.619999,56.93,56.34,56.669998,1195200,56.579997
2015-11-30,56.779999,57.00,56.389999,56.459999,1555800,56.370331
2015-11-27,56.50,56.970001,56.439999,56.860001,426700,56.769698
2015-11-25,56.50,56.68,56.290001,56.459999,1221700,56.370331
2015-11-24,56.110001,56.619999,55.779999,56.459999,1177000,56.370331
2015-11-23,56.150002,56.450001,56.02,56.310001,701300,56.220572
2015-11-20,56.049999,56.549999,55.889999,56.220001,924200,56.130715
2015-11-19,55.950001,56.07,55.639999,55.790001,1066900,55.701397
2015-11-18,54.529999,55.990002,54.330002,55.93,1107800,55.841174
2015-11-17,54.93,55.139999,54.09,54.240002,1121800,54.15386
2015-11-16,53.75,54.91,53.560001,54.900002,957400,54.812811
2015-11-13,53.869999,54.380001,53.73,53.759998,874600,53.674619
2015-11-12,55.290001,55.549999,54.029999,54.09,1293600,54.004096
2015-11-11,56.279999,56.459999,55.73,55.77,967100,55.681428
2015-11-10,55.740002,56.09,55.189999,55.970001,693400,55.881112
2015-11-09,56.029999,56.189999,55.43,56.02,849400,55.931031
2015-11-06,56.240002,56.580002,55.77,56.209999,741400,56.120728
2015-11-05,56.139999,56.82,56.119999,56.48,967200,56.3903
2015-11-04,55.830002,56.509998,55.720001,56.18,1489300,56.090777
2015-11-03,55.330002,55.970001,55.169998,55.720001,1347600,55.631509
2015-11-02,54.869999,55.700001,54.740002,55.439999,1067800,55.351951
2015-10-30,54.880001,55.369999,54.650002,54.82,2182600,54.732936
2015-10-29,54.549999,55.43,54.549999,54.68,2265200,54.593159
2015-10-28,53.709999,54.259998,53.360001,54.220001,1836600,54.133891
2015-10-27,53.720001,54.450001,52.310001,53.759998,4105800,53.674619
2015-10-26,55.950001,56.529999,55.860001,56.299999,2808300,56.210586
2015-10-23,56.099998,56.150002,55.330002,55.860001,1374700,55.771286
2015-10-22,54.869999,56.130001,54.830002,55.630001,1405600,55.541651
2015-10-21,54.82,55.540001,54.540001,54.619999,980900,54.533253
2015-10-20,54.099998,55.029999,53.93,54.599998,1470600,54.513285
2015-10-19,53.959999,54.34,53.700001,54.279999,793400,54.193793
2015-10-16,54.50,54.50,53.540001,54.099998,1132600,54.014079
2015-10-15,54.349998,54.599998,53.610001,54.529999,939000,54.443396
2015-10-14,54.799999,54.91,54.00,54.110001,1453200,54.024065
2015-10-13,55.27,55.529999,54.720001,54.93,1703600,54.842762
2015-10-12,55.939999,56.130001,55.66,55.779999,1015200,55.691411
2015-10-09,55.93,56.380001,55.810001,56.02,1050600,55.931031
2015-10-08,54.93,55.959999,54.75,55.91,1093200,55.821206
2015-10-07,54.82,55.650002,54.490002,55.150002,1003200,55.062414
2015-10-06,54.639999,55.110001,54.240002,54.459999,944000,54.373508
2015-10-05,53.91,54.779999,52.990002,54.73,1165800,54.643079
2015-10-02,50.970001,53.290001,50.970001,53.279999,1070300,53.195381
2015-10-01,52.43,52.669998,51.110001,51.860001,1704300,51.777638
2015-09-30,51.720001,52.389999,51.630001,52.32,2361600,52.236907
2015-09-29,51.049999,51.490002,50.709999,51.130001,937000,51.048798
2015-09-28,51.540001,51.66,50.68,50.830002,1780700,50.749275
2015-09-25,52.07,52.259998,51.700001,52.02,1279600,51.937384
2015-09-24,51.049999,51.599998,50.639999,51.52,2203800,51.438178
2015-09-23,51.639999,51.810001,51.32,51.560001,1238700,51.478116
2015-09-22,51.369999,51.700001,50.91,51.529999,1503600,51.448161
2015-09-21,52.310001,52.560001,51.919998,52.169998,886100,52.087144
2015-09-18,52.689999,52.869999,52.029999,52.16,1476100,52.077161
2015-09-17,53.84,54.509998,53.419998,53.50,925000,53.415033
2015-09-16,53.349998,53.869999,53.240002,53.77,899400,53.684605
2015-09-15,52.889999,53.509998,52.669998,53.389999,687400,53.305207
2015-09-14,53.080002,53.450001,52.360001,52.68,763600,52.596336
2015-09-11,52.779999,53.220001,52.400002,53.220001,695600,53.045624
2015-09-10,53.009998,53.259998,52.560001,52.93,677700,52.756574
2015-09-09,54.16,54.34,52.869999,52.990002,747100,52.816379
2015-09-08,52.950001,53.66,52.66,53.619999,1195500,53.444312
2015-09-04,52.029999,52.369999,51.810001,51.93,1065800,51.75985
2015-09-03,52.790001,53.330002,52.580002,52.779999,1190000,52.607064
2015-09-02,52.450001,52.759998,51.77,52.73,2055600,52.557228
2015-09-01,52.650002,52.889999,51.52,51.84,1706300,51.670145
2015-08-31,54.470001,54.470001,53.650002,53.82,1912200,53.643657
2015-08-28,54.43,55.099998,54.18,54.77,1816400,54.590545
2015-08-27,53.799999,54.740002,53.450001,54.740002,1554600,54.560645
2015-08-26,52.700001,53.400002,51.869999,53.209999,2576500,53.035655
2015-08-25,53.93,54.060001,51.48,51.490002,1768900,51.321293
2015-08-24,50.810001,53.209999,50.549999,52.580002,3697200,52.407722
2015-08-21,54.639999,55.00,53.830002,53.84,1748100,53.663592
2015-08-20,56.150002,56.290001,55.060001,55.060001,989700,54.879596
2015-08-19,57.040001,57.139999,56.240002,56.540001,1038500,56.354746
2015-08-18,57.450001,57.669998,57.330002,57.50,1329300,57.3116
2015-08-17,56.459999,57.529999,56.040001,57.50,1348400,57.3116
2015-08-14,55.970001,56.740002,55.869999,56.66,1055600,56.474352
2015-08-13,55.34,56.34,55.259998,56.049999,979100,55.86635
2015-08-12,54.580002,55.630001,54.57,55.490002,1221400,55.308187
2015-08-11,55.27,55.82,55.240002,55.630001,1228100,55.447728
2015-08-10,55.330002,56.23,55.32,56.080002,1577100,55.896254
2015-08-07,54.830002,55.169998,54.68,54.939999,1308800,54.759986
2015-08-06,54.130001,55.209999,54.130001,55.040001,2242900,54.859661
2015-08-05,53.91,55.02,53.91,54.23,1091400,54.052313
2015-08-04,53.110001,54.720001,52.939999,53.709999,2143900,53.534017
2015-08-03,53.169998,53.34,52.66,53.290001,1757700,53.115395
2015-07-31,53.529999,53.529999,52.939999,53.049999,1638300,52.876179
2015-07-30,53.189999,53.450001,53.00,53.360001,1220200,53.185165
2015-07-29,52.700001,53.470001,52.360001,53.34,1941900,53.16523
2015-07-28,52.25,52.650002,51.849998,52.450001,2095600,52.278147
2015-07-27,53.310001,53.400002,51.939999,52.009998,2404500,51.839586
2015-07-24,55.040001,55.189999,53.810001,53.950001,1189600,53.773232
2015-07-23,55.130001,55.799999,55.099998,55.150002,1266600,54.969301
2015-07-22,54.669998,55.139999,54.50,55.009998,1149100,54.829757
2015-07-21,55.029999,55.189999,54.619999,54.689999,981000,54.510805
2015-07-20,54.84,55.259998,54.73,55.099998,532200,54.919462