2015-12-16,164.309998,165.229996,162.100006,164.580002,3756100,164.580002
2015-12-15,161.649994,164.449997,161.559998,162.619995,5336000,162.619995
2015-12-14,155.979996,158.339996,153.429993,158.110001,2780600,158.110001
2015-12-11,157.820007,158.779999,154.789993,155.149994,2997300,155.149994
2015-12-10,158.970001,160.850006,157.00,159.669998,2808200,159.669998
2015-12-09,158.350006,159.809998,156.119995,157.889999,2945000,157.889999
2015-12-08,156.610001,160.669998,156.039993,159.350006,2244600,159.350006
2015-12-07,162.910004,162.970001,157.539993,158.300003,3556300,158.300003
2015-12-04,154.960007,161.949997,154.949997,161.429993,3888400,161.429993
2015-12-03,160.270004,160.520004,153.710007,154.649994,4465100,154.649994
2015-12-02,161.619995,162.389999,160.100006,160.520004,2830800,160.520004
2015-12-01,162.710007,163.429993,160.520004,161.979996,2426300,161.979996
2015-11-30,163.490005,164.00,160.360001,161.100006,2829700,161.100006
2015-11-27,164.759995,165.00,163.139999,163.520004,1052400,163.520004
2015-11-25,163.050003,164.589996,162.710007,163.949997,2134200,163.949997
2015-11-24,161.009995,163.339996,161.00,162.779999,3687000,162.779999
2015-11-23,159.630005,163.130005,159.630005,162.470001,4168400,162.470001
2015-11-20,160.740005,161.339996,159.550003,159.910004,2728000,159.910004
2015-11-19,159.889999,161.520004,158.830002,159.490005,2041000,159.490005
2015-11-18,158.110001,161.119995,156.350006,160.919998,2975800,160.919998
2015-11-17,154.910004,159.130005,153.699997,157.600006,3644300,157.600006
2015-11-16,152.020004,154.779999,151.100006,154.50,2443200,154.50
2015-11-13,150.679993,153.520004,148.00,151.550003,3855000,151.550003
2015-11-12,155.940002,157.699997,150.820007,150.979996,4767200,150.979996
2015-11-11,159.259995,159.570007,156.759995,156.860001,1920400,156.069998
2015-11-10,160.25,161.169998,158.050003,158.369995,2871300,157.572388
2015-11-09,159.75,160.610001,158.320007,159.630005,2722200,158.826052
2015-11-06,160.869995,160.869995,156.839996,160.460007,3344000,159.651873
2015-11-05,162.199997,162.479996,158.820007,161.220001,2202400,160.40804
2015-11-04,162.850006,163.990005,160.770004,161.880005,3059500,161.06472
2015-11-03,160.970001,163.149994,160.50,162.460007,2411500,161.641801
2015-11-02,159.009995,162.75,158.369995,162.309998,3222500,161.492547
2015-10-30,161.059998,162.00,158.130005,158.179993,4589700,157.383342
2015-10-29,164.990005,165.00,158.940002,160.580002,4870200,159.771264
2015-10-28,162.720001,162.869995,158.729996,162.669998,4878900,161.850734
2015-10-27,158.580002,162.119995,157.830002,161.979996,3877200,161.164207
2015-10-26,156.00,159.910004,154.649994,158.580002,4346600,157.781337
2015-10-23,153.610001,156.199997,151.860001,155.75,3657300,154.965588
2015-10-22,152.100006,152.940002,148.570007,152.309998,4079800,151.54291
2015-10-21,152.369995,152.75,147.300003,150.089996,3832600,149.33409
2015-10-20,154.190002,155.00,149.470001,150.449997,3385300,149.692277
2015-10-19,152.610001,156.139999,152.460007,154.470001,3271700,153.692036
2015-10-16,153.190002,154.119995,150.580002,152.610001,4786100,151.841403
2015-10-15,147.449997,152.779999,146.970001,152.539993,3269600,151.771748
2015-10-14,148.380005,150.929993,147.130005,147.809998,3197400,147.065574
2015-10-13,151.539993,152.979996,147.440002,147.580002,4143900,146.836737
2015-10-12,152.779999,155.119995,151.630005,153.029999,5473000,152.259286
2015-10-09,149.25,150.75,148.009995,149.589996,3080900,148.836608
2015-10-08,147.679993,150.990005,145.029999,149.899994,6638500,149.145044
2015-10-07,142.649994,148.309998,140.240005,148.050003,8002400,147.304371
2015-10-06,142.119995,143.369995,138.059998,141.220001,4818600,140.508767
2015-10-05,144.00,144.910004,142.220001,143.800003,4367100,143.075775
2015-10-02,138.259995,142.539993,135.639999,142.470001,4803500,141.752472
2015-10-01,138.550003,140.639999,136.600006,140.229996,4675900,139.523748
2015-09-30,136.660004,139.25,135.860001,138.320007,6209500,137.623379
2015-09-29,132.00,138.00,131.429993,133.820007,6251500,133.146042
2015-09-28,137.990005,138.190002,130.089996,132.240005,7514700,131.573998
2015-09-25,146.059998,146.75,136.759995,138.529999,5243700,137.832313
2015-09-24,144.720001,145.630005,141.360001,143.509995,3519200,142.787227
2015-09-23,146.080002,147.039993,144.029999,145.720001,2785400,144.986104
2015-09-22,145.00,146.779999,142.820007,145.929993,4518000,145.195038
2015-09-21,151.970001,152.800003,146.320007,147.089996,4702600,146.349199
2015-09-18,151.119995,153.369995,149.029999,150.589996,6487300,149.831572
2015-09-17,151.699997,156.339996,151.00,153.910004,3519500,153.134858
2015-09-16,151.970001,152.880005,148.470001,151.179993,4004200,150.418597
2015-09-15,152.020004,152.789993,150.240005,152.139999,2560200,151.373768
2015-09-14,153.889999,153.889999,150.050003,151.00,2896200,150.239511
2015-09-11,152.050003,153.449997,150.929993,153.210007,2422700,152.438387
2015-09-10,150.839996,154.320007,150.559998,153.139999,3477900,152.368732
2015-09-09,156.190002,156.759995,150.619995,151.080002,2987600,150.319109
2015-09-08,151.600006,154.660004,151.00,154.559998,4508400,153.781579
2015-09-04,147.490005,148.960007,145.75,147.020004,3362800,146.279559
2015-09-03,152.679993,154.119995,148.929993,149.229996,2868400,148.478421
2015-09-02,149.070007,152.350006,147.25,152.289993,4339100,151.523007
2015-09-01,149.229996,150.990005,146.949997,147.460007,5523000,146.717346
2015-08-31,155.330002,156.350006,151.300003,151.779999,4354500,151.015581
2015-08-28,156.380005,158.00,153.710007,155.889999,4649300,155.104882
2015-08-27,154.880005,157.100006,151.360001,155.720001,4910500,154.93574
2015-08-26,151.229996,154.110001,147.130005,153.979996,5251300,153.204498
2015-08-25,152.50,153.880005,144.880005,145.190002,6701100,144.458774
2015-08-24,145.330002,154.419998,140.00,147.639999,8697500,146.896432
2015-08-21,158.970001,163.919998,155.190002,155.190002,6208400,154.408411
2015-08-20,164.330002,165.50,161.029999,161.149994,3491800,160.338385
2015-08-19,166.820007,167.720001,164.449997,166.570007,3139800,165.731102
2015-08-18,170.009995,170.240005,167.100006,167.720001,2273400,166.875304
2015-08-17,167.050003,169.889999,166.00,169.789993,1988800,168.934871
2015-08-14,168.089996,169.630005,166.660004,167.720001,2704500,166.875304
2015-08-13,170.50,170.990005,168.029999,168.580002,1897000,167.730973
2015-08-12,167.690002,171.190002,164.619995,170.619995,4486400,168.974673
2015-08-11,169.669998,169.729996,166.889999,168.559998,2924900,166.93454
2015-08-10,172.899994,174.690002,170.449997,170.600006,2729600,168.954877
2015-08-07,169.669998,172.470001,166.399994,172.309998,4156000,170.648378
2015-08-06,176.940002,176.960007,168.25,169.660004,3775400,168.023939
2015-08-05,175.529999,177.520004,175.380005,176.440002,2146700,174.738557
2015-08-04,175.789993,176.220001,173.619995,174.800003,2474200,173.114372
2015-08-03,176.800003,177.050003,174.020004,175.589996,2922600,173.896747
2015-07-31,177.50,181.809998,176.00,176.589996,7289400,174.887104
2015-07-30,170.089996,172.479996,168.210007,171.690002,4044100,170.034362
2015-07-29,172.919998,173.679993,169.119995,171.470001,5112300,169.816482
2015-07-28,166.119995,174.800003,166.119995,172.740005,8553600,171.07424
2015-07-27,159.369995,165.940002,159.160004,165.539993,5757200,163.943659
2015-07-24,162.110001,163.729996,157.210007,158.589996,4410700,157.060682
2015-07-23,165.00,165.119995,162.789993,164.100006,1716300,162.517557
2015-07-22,161.470001,164.679993,161.470001,164.25,2106900,162.666105
2015-07-21,164.720001,165.320007,162.369995,163.699997,2690000,162.121406
2015-07-20,163.559998,165.399994,162.889999,164.339996,2692400,162.755233