2015-12-16,106.980003,107.970001,104.620003,107.559998,1356900,107.559998
2015-12-15,106.169998,107.199997,105.75,105.879997,1326600,105.879997
2015-12-14,105.239998,106.639999,103.080002,104.959999,1908000,104.959999
2015-12-11,107.00,107.349998,104.440002,105.150002,2029700,105.150002
2015-12-10,108.790001,110.199997,108.410004,108.790001,1248900,108.790001
2015-12-09,110.580002,111.849998,108.269997,108.830002,785100,108.830002
2015-12-08,112.519997,113.349998,111.010002,111.57,1203100,111.57
2015-12-07,114.489998,115.290001,112.690002,113.309998,783600,113.309998
2015-12-04,111.559998,115.18,111.309998,114.940002,1061500,114.940002
2015-12-03,113.400002,113.730003,110.849998,111.300003,1003700,111.300003
2015-12-02,114.519997,115.290001,112.769997,113.00,944100,113.00
2015-12-01,113.639999,114.779999,113.25,114.610001,892300,114.610001
2015-11-30,113.610001,114.209999,112.800003,112.949997,1186800,112.949997
2015-11-27,112.900002,113.800003,112.589996,113.510002,339000,113.510002
2015-11-25,112.980003,113.349998,112.650002,113.019997,594700,113.019997
2015-11-24,112.980003,113.190002,111.339996,112.599998,1176200,112.599998
2015-11-23,114.650002,115.139999,113.550003,113.620003,863100,113.620003
2015-11-20,114.949997,115.620003,114.269997,114.489998,817200,114.489998
2015-11-19,115.559998,115.809998,114.610001,114.970001,727100,114.970001
2015-11-18,113.699997,115.620003,113.129997,115.470001,1090400,115.470001
2015-11-17,113.559998,114.139999,112.68,112.970001,892300,112.970001
2015-11-16,112.129997,113.519997,111.589996,113.470001,935300,113.470001
2015-11-13,113.559998,114.32,112.139999,112.489998,1057700,112.489998
2015-11-12,115.099998,115.25,113.75,113.75,736000,113.75
2015-11-11,117.379997,117.379997,115.790001,116.050003,654000,116.050003
2015-11-10,116.860001,117.580002,115.720001,116.550003,708200,116.550003
2015-11-09,119.370003,119.809998,116.800003,117.389999,704100,117.389999
2015-11-06,118.879997,120.290001,117.230003,119.279999,1376400,119.279999
2015-11-05,115.93,117.230003,115.839996,117.050003,749000,117.050003
2015-11-04,117.940002,118.260002,115.760002,115.889999,1002400,115.889999
2015-11-03,116.510002,118.339996,116.419998,117.800003,1078100,117.800003
2015-11-02,115.769997,117.650002,115.309998,117.209999,647600,117.209999
2015-10-30,115.339996,116.00,114.660004,115.360001,1056700,115.360001
2015-10-29,115.309998,116.029999,114.589996,115.410004,856200,115.410004
2015-10-28,113.489998,116.349998,113.029999,115.980003,1738100,115.310001
2015-10-27,114.68,114.910004,112.970001,113.00,1510300,112.347212
2015-10-26,115.870003,116.68,114.980003,115.50,778600,114.83277
2015-10-23,115.389999,116.260002,114.57,116.080002,995900,115.409421
2015-10-22,110.199997,115.599998,108.010002,114.089996,1359600,113.430912
2015-10-21,112.779999,113.620003,111.349998,111.559998,1203300,110.915529
2015-10-20,111.279999,112.709999,111.040001,112.300003,839600,111.651259
2015-10-19,110.860001,111.459999,110.559998,111.25,1245400,110.607322
2015-10-16,110.839996,111.82,110.029999,111.57,982800,110.925473
2015-10-15,108.699997,110.699997,108.099998,110.620003,871800,109.980964
2015-10-14,108.099998,108.639999,107.18,107.57,1202200,106.94858
2015-10-13,108.940002,109.589996,107.82,107.989998,1123000,107.366152
2015-10-12,110.900002,111.160004,109.379997,109.830002,993200,109.195527
2015-10-09,112.07,112.690002,110.199997,111.099998,1178300,110.458187
2015-10-08,111.43,112.32,110.889999,112.050003,1587000,111.402703
2015-10-07,112.050003,113.059998,110.32,111.860001,1155800,111.213799
2015-10-06,111.349998,111.699997,110.099998,111.019997,939300,110.378647
2015-10-05,109.879997,112.169998,107.57,111.879997,919000,111.23368
2015-10-02,105.82,108.730003,104.589996,108.589996,1504700,107.962685
2015-10-01,109.059998,109.720001,107.580002,109.610001,1269600,108.976797
2015-09-30,107.650002,109.300003,107.099998,109.129997,1602500,108.499566
2015-09-29,104.379997,106.730003,103.43,106.449997,1648200,105.835048
2015-09-28,107.010002,108.50,103.440002,103.790001,2013400,103.190418
2015-09-25,108.099998,108.699997,107.330002,108.059998,850600,107.435748
2015-09-24,105.699997,107.190002,105.370003,106.889999,1196900,106.272508
2015-09-23,107.599998,108.010002,106.290001,106.919998,931300,106.302334
2015-09-22,106.940002,107.769997,105.839996,107.50,1155200,106.878985
2015-09-21,108.419998,109.620003,108.129997,108.790001,814600,108.161534
2015-09-18,108.07,109.190002,106.949997,107.410004,1956800,106.789509
2015-09-17,110.279999,112.339996,109.230003,109.519997,1462300,108.887313
2015-09-16,109.709999,110.809998,109.00,110.629997,960100,109.990901
2015-09-15,108.980003,110.360001,108.459999,109.839996,1016400,109.205464
2015-09-14,109.910004,109.940002,108.550003,108.919998,640500,108.29078
2015-09-11,108.980003,109.800003,108.330002,109.720001,1112800,109.086162
2015-09-10,108.589996,110.620003,108.279999,109.559998,1279800,108.927082
2015-09-09,112.230003,113.010002,108.580002,108.889999,940100,108.260955
2015-09-08,110.989998,111.18,109.330002,111.07,893100,110.428361
2015-09-04,109.07,110.480003,107.730003,108.519997,1162200,107.893089
2015-09-03,109.610001,110.849998,109.209999,109.620003,1538600,108.986741
2015-09-02,110.279999,111.480003,108.279999,109.559998,1321000,108.927082
2015-09-01,110.00,110.559998,108.199997,109.099998,1859000,108.469741
2015-08-31,113.779999,114.970001,112.489998,112.669998,1033800,112.019117
2015-08-28,114.199997,114.830002,113.220001,114.139999,1127700,113.480626
2015-08-27,113.730003,115.379997,112.400002,114.959999,1440400,114.295889
2015-08-26,109.260002,112.440002,108.239998,112.050003,2326800,111.402703
2015-08-25,113.449997,113.879997,107.279999,107.279999,2334500,106.660255
2015-08-24,114.809998,114.879997,95.519997,109.129997,2542300,108.499566
2015-08-21,117.290001,118.199997,114.709999,114.839996,2395300,114.176579
2015-08-20,120.18,120.18,118.599998,118.879997,1439000,118.193242
2015-08-19,121.690002,122.120003,120.660004,120.970001,877900,120.271172
2015-08-18,123.849998,124.339996,122.129997,122.470001,1034900,121.762506
2015-08-17,122.599998,124.230003,121.650002,124.139999,890100,123.422857
2015-08-14,121.760002,123.059998,121.290001,122.959999,1340300,122.249674
2015-08-13,121.809998,122.690002,121.190002,121.620003,1363400,120.917418
2015-08-12,122.220001,122.370003,119.550003,121.849998,1674700,121.146085
2015-08-11,123.889999,124.110001,122.879997,123.419998,959100,122.707015
2015-08-10,124.300003,125.459999,124.18,125.139999,837300,124.41708
2015-08-07,123.690002,124.300003,122.18,123.050003,582700,122.339158
2015-08-06,125.230003,125.529999,123.099998,123.699997,838000,122.985397
2015-08-05,126.18,127.32,124.800003,125.169998,831000,124.446906
2015-08-04,125.709999,126.360001,124.699997,125.139999,716600,124.41708
2015-08-03,125.57,125.830002,124.540001,125.589996,1070700,124.864478
2015-07-31,126.660004,126.669998,125.519997,125.669998,793800,124.944017
2015-07-30,125.910004,126.75,125.43,126.580002,962700,125.848764
2015-07-29,125.449997,126.760002,124.739998,126.720001,1439700,125.321832
2015-07-28,124.279999,125.349998,123.230003,125.260002,2056800,123.877942
2015-07-27,123.650002,123.669998,122.089996,122.959999,1138900,121.603316
2015-07-24,126.18,126.660004,123.43,124.040001,1299100,122.671401
2015-07-23,128.679993,129.220001,125.959999,126.209999,1879800,124.817457
2015-07-22,127.50,127.900002,126.669998,126.809998,1648500,125.410835
2015-07-21,128.600006,129.190002,127.339996,127.639999,1320600,126.231679
2015-07-20,128.190002,128.850006,127.389999,128.289993,860200,126.874501