2015-12-16,61.580002,61.610001,60.25,61.470001,826400,61.470001
2015-12-15,61.52,61.689999,60.68,61.040001,589800,61.040001
2015-12-14,61.450001,61.73,60.130001,61.110001,961900,61.110001
2015-12-11,62.00,62.27,61.16,61.240002,556300,61.240002
2015-12-10,63.09,64.07,62.700001,62.790001,478700,62.790001
2015-12-09,62.23,64.089996,61.869999,63.02,1454000,63.02
2015-12-08,62.41,63.049999,62.060001,62.509998,772000,62.509998
2015-12-07,63.540001,63.540001,62.509998,63.169998,701900,63.169998
2015-12-04,63.16,63.900002,62.93,63.529999,622200,63.529999
2015-12-03,64.349998,64.540001,62.50,62.93,748500,62.93
2015-12-02,64.360001,64.519997,63.75,64.279999,684900,64.279999
2015-12-01,64.279999,64.709999,63.98,64.480003,575600,64.480003
2015-11-30,64.300003,64.459999,63.740002,63.919998,633600,63.919998
2015-11-27,64.75,64.93,64.160004,64.330002,183700,64.330002
2015-11-25,63.619999,64.919998,62.25,64.610001,709200,64.610001
2015-11-24,62.549999,63.66,62.549999,63.50,487700,63.50
2015-11-23,63.279999,63.650002,62.759998,63.07,541100,63.07
2015-11-20,63.41,63.740002,63.09,63.43,793600,63.43
2015-11-19,63.540001,63.810001,61.810001,63.040001,615800,63.040001
2015-11-18,62.540001,63.580002,62.389999,63.48,721600,63.48
2015-11-17,61.43,63.799999,61.43,62.639999,1236000,62.639999
2015-11-16,59.73,61.470001,59.419998,61.439999,946700,61.439999
2015-11-13,61.84,61.900002,59.689999,59.759998,988900,59.759998
2015-11-12,62.860001,63.709999,61.84,62.060001,917100,62.060001
2015-11-11,64.459999,64.470001,63.209999,63.349998,568700,63.349998
2015-11-10,63.540001,64.25,62.93,64.18,724500,64.18
2015-11-09,63.970001,64.220001,62.700001,63.66,695300,63.66
2015-11-06,64.32,64.589996,63.709999,64.00,962600,64.00
2015-11-05,65.269997,65.510002,64.349998,64.410004,687100,64.410004
2015-11-04,63.950001,65.330002,63.50,65.32,1263500,65.32
2015-11-03,63.349998,63.98,63.07,63.950001,786400,63.950001
2015-11-02,63.380001,63.66,62.93,63.349998,714900,63.349998
2015-10-30,62.549999,63.75,62.139999,63.189999,1046100,63.189999
2015-10-29,62.830002,63.139999,62.16,62.400002,1038200,62.400002
2015-10-28,62.00,62.869999,60.419998,62.450001,1732700,62.450001
2015-10-27,61.700001,62.189999,60.759998,61.00,1578700,61.00
2015-10-26,61.68,61.900002,60.830002,61.830002,1130800,61.830002
2015-10-23,62.040001,62.50,61.02,61.580002,811600,61.580002
2015-10-22,63.09,63.09,61.490002,61.639999,1293200,61.639999
2015-10-21,62.419998,62.630001,61.529999,61.669998,548100,61.669998
2015-10-20,62.110001,62.830002,62.09,62.23,591800,62.23
2015-10-19,60.959999,62.48,60.849998,62.200001,852100,62.200001
2015-10-16,61.419998,61.52,60.639999,61.220001,673800,61.220001
2015-10-15,60.389999,61.669998,59.939999,61.369999,684400,61.369999
2015-10-14,60.27,60.93,59.549999,59.990002,682300,59.990002
2015-10-13,60.389999,61.00,59.900002,59.970001,532100,59.970001
2015-10-12,60.98,61.25,60.259998,60.740002,475600,60.740002
2015-10-09,60.279999,61.310001,59.810001,60.970001,760100,60.970001
2015-10-08,59.639999,60.849998,59.630001,60.619999,418200,60.619999
2015-10-07,59.18,60.060001,58.66,59.639999,813200,59.639999
2015-10-06,60.68,60.900002,59.220001,59.580002,532200,59.580002
2015-10-05,60.09,60.860001,59.950001,60.810001,539400,60.810001
2015-10-02,55.959999,59.540001,55.950001,59.490002,1140500,59.490002
2015-10-01,58.290001,58.59,56.869999,57.830002,1311100,57.830002
2015-09-30,57.43,58.27,57.23,58.18,822700,58.18
2015-09-29,56.400002,57.080002,55.919998,56.650002,637200,56.650002
2015-09-28,59.16,59.349998,56.18,56.23,1028900,56.23
2015-09-25,58.970001,60.029999,58.950001,59.369999,575500,59.369999
2015-09-24,59.09,59.23,58.040001,58.549999,828200,58.549999
2015-09-23,59.759998,60.060001,59.119999,59.630001,396800,59.630001
2015-09-22,60.259998,60.360001,59.310001,59.82,571200,59.82
2015-09-21,60.360001,61.369999,60.00,60.93,537400,60.93
2015-09-18,60.529999,61.09,60.02,60.119999,1268500,60.119999
2015-09-17,60.900002,62.220001,59.400002,61.150002,714400,61.150002
2015-09-16,58.849998,60.68,58.82,60.610001,645500,60.610001
2015-09-15,58.639999,59.080002,58.049999,58.880001,758500,58.880001
2015-09-14,58.889999,59.43,58.290001,58.52,557400,58.52
2015-09-11,58.400002,58.82,57.91,58.709999,460500,58.709999
2015-09-10,58.59,59.07,58.349998,58.650002,444400,58.650002
2015-09-09,59.669998,59.990002,58.59,58.709999,581000,58.709999
2015-09-08,58.119999,58.82,57.869999,58.77,726100,58.77
2015-09-04,57.09,57.959999,57.040001,57.349998,761300,57.349998
2015-09-03,58.599998,58.959999,57.700001,57.91,1431200,57.91
2015-09-02,58.169998,58.849998,57.830002,58.509998,1082600,58.509998
2015-09-01,58.880001,59.290001,57.779999,58.080002,1067500,58.080002
2015-08-31,60.290001,60.970001,59.25,59.84,644600,59.84
2015-08-28,59.990002,60.810001,59.57,60.52,592100,60.52
2015-08-27,59.639999,60.91,59.220001,60.299999,1052600,60.299999
2015-08-26,59.200001,59.50,57.57,59.200001,1008200,59.200001
2015-08-25,59.57,60.450001,57.720001,57.75,1311500,57.75
2015-08-24,55.549999,59.700001,53.73,57.799999,1554900,57.799999
2015-08-21,59.970001,60.310001,58.849998,58.889999,1115400,58.889999
2015-08-20,61.110001,61.73,60.75,60.799999,743700,60.799999
2015-08-19,62.18,62.52,61.150002,61.880001,766800,61.880001
2015-08-18,61.139999,62.860001,61.139999,62.540001,1007900,62.540001
2015-08-17,60.41,61.009998,59.119999,60.91,387800,60.91
2015-08-14,60.59,60.82,60.189999,60.610001,429100,60.610001
2015-08-13,60.360001,61.189999,60.130001,60.66,442200,60.66
2015-08-12,60.220001,60.639999,59.330002,60.439999,573900,60.439999
2015-08-11,61.27,61.599998,60.02,60.599998,596700,60.599998
2015-08-10,60.919998,61.650002,60.919998,61.27,550800,61.27
2015-08-07,60.830002,61.139999,60.110001,60.540001,601300,60.540001
2015-08-06,61.98,61.98,60.48,60.830002,909700,60.830002
2015-08-05,61.57,62.200001,61.470001,61.799999,691200,61.799999
2015-08-04,61.310001,62.00,60.84,61.119999,784300,61.119999
2015-08-03,62.209999,62.57,60.959999,61.209999,946400,61.209999
2015-07-31,62.07,62.889999,61.939999,62.34,810800,62.34
2015-07-30,60.860001,61.869999,60.580002,61.810001,742400,61.810001
2015-07-29,60.299999,61.110001,60.220001,61.029999,1076100,61.029999
2015-07-28,59.919998,60.52,59.200001,60.080002,1224600,60.080002
2015-07-27,60.099998,60.119999,59.040001,59.259998,1223200,59.259998
2015-07-24,62.48,62.490002,60.450001,60.52,931100,60.52
2015-07-23,63.009998,63.98,62.25,62.41,1203900,62.41
2015-07-22,63.700001,63.73,61.790001,62.880001,2036000,62.880001
2015-07-21,66.010002,66.150002,64.459999,64.720001,1243700,64.720001
2015-07-20,66.199997,66.629997,65.650002,66.190002,487900,66.190002