2015-12-16,97.139999,97.790001,95.580002,96.919998,1729600,96.919998
2015-12-15,94.82,96.949997,94.620003,96.690002,1730600,96.690002
2015-12-14,93.589996,94.489998,92.199997,94.080002,1295000,94.080002
2015-12-11,92.660004,94.010002,92.300003,93.300003,1770600,93.300003
2015-12-10,94.230003,94.389999,93.510002,93.830002,1049300,93.830002
2015-12-09,94.43,95.800003,93.989998,94.230003,1022000,94.230003
2015-12-08,96.019997,96.269997,94.970001,95.099998,1158300,95.099998
2015-12-07,96.190002,96.900002,95.919998,96.739998,1116500,96.739998
2015-12-04,94.029999,96.690002,93.75,96.650002,932200,96.650002
2015-12-03,94.529999,94.989998,93.150002,93.68,1284100,93.68
2015-12-02,95.580002,95.669998,94.360001,94.529999,956000,94.529999
2015-12-01,95.040001,95.82,94.779999,95.699997,753700,95.699997
2015-11-30,94.32,95.110001,94.32,94.739998,1107400,94.739998
2015-11-27,94.68,94.940002,94.169998,94.650002,414400,94.650002
2015-11-25,94.660004,94.839996,94.169998,94.510002,506500,94.510002
2015-11-24,94.089996,95.169998,93.739998,94.75,930200,94.75
2015-11-23,94.860001,95.269997,94.459999,94.720001,711900,94.720001
2015-11-20,93.919998,95.089996,93.440002,94.860001,1213400,94.860001
2015-11-19,94.860001,95.349998,93.480003,93.82,3081700,93.82
2015-11-18,93.75,95.059998,93.639999,95.010002,1031700,95.010002
2015-11-17,94.260002,94.32,93.540001,93.669998,1259800,93.669998
2015-11-16,92.769997,94.370003,92.389999,94.370003,878000,94.370003
2015-11-13,92.839996,93.349998,92.330002,93.099998,1728400,93.099998
2015-11-12,93.190002,93.730003,92.800003,92.800003,949000,92.800003
2015-11-11,93.25,94.050003,92.709999,93.889999,796200,93.889999
2015-11-10,92.260002,93.089996,91.75,92.980003,728200,92.980003
2015-11-09,93.400002,93.660004,92.18,92.43,1209700,92.43
2015-11-06,95.75,95.75,93.410004,93.57,2044000,93.57
2015-11-05,94.459999,95.25,94.459999,94.800003,1485400,94.800003
2015-11-04,94.620003,95.129997,94.330002,94.459999,1516600,94.459999
2015-11-03,94.290001,95.139999,93.769997,94.620003,3179200,94.620003
2015-11-02,93.370003,94.849998,92.919998,94.699997,1235100,94.699997
2015-10-30,93.00,93.690002,92.050003,93.309998,2369100,93.309998
2015-10-29,94.220001,94.93,93.540001,94.830002,809500,94.830002
2015-10-28,93.199997,94.82,92.660004,94.790001,998500,94.490001
2015-10-27,91.900002,92.790001,91.559998,92.779999,993300,92.486361
2015-10-26,92.669998,92.919998,92.089996,92.720001,802800,92.426553
2015-10-23,92.900002,93.169998,91.620003,92.489998,1651400,92.197277
2015-10-22,91.82,93.339996,91.800003,92.410004,1016400,92.117536
2015-10-21,92.07,92.370003,91.230003,91.32,1243100,91.030982
2015-10-20,90.099998,91.599998,90.099998,91.559998,1791900,91.27022
2015-10-19,91.57,91.720001,90.379997,90.629997,1028600,90.343164
2015-10-16,91.949997,92.290001,91.059998,91.620003,950500,91.330036
2015-10-15,90.839996,91.730003,90.540001,91.25,1257900,90.961204
2015-10-14,90.559998,90.800003,89.919998,90.050003,840000,89.765005
2015-10-13,90.910004,91.230003,90.220001,90.779999,1330200,90.49269
2015-10-12,91.160004,91.550003,91.010002,91.279999,900000,90.991108
2015-10-09,91.650002,92.330002,90.919998,91.290001,1043600,91.001078
2015-10-08,90.879997,92.089996,90.43,91.93,793600,91.639052
2015-10-07,90.760002,91.470001,90.220001,91.160004,1037500,90.871493
2015-10-06,91.00,91.889999,90.169998,90.290001,981200,90.004243
2015-10-05,90.290001,91.639999,89.919998,91.519997,936700,91.230346
2015-10-02,87.019997,89.800003,86.379997,89.779999,1583500,89.495855
2015-10-01,88.739998,89.300003,87.790001,88.559998,1455400,88.279715
2015-09-30,89.410004,89.779999,87.830002,88.610001,1960200,88.32956
2015-09-29,88.330002,88.800003,87.580002,88.400002,1241100,88.120225
2015-09-28,89.300003,90.059998,88.040001,88.410004,1404400,88.130196
2015-09-25,89.790001,90.809998,89.559998,90.019997,1086600,89.735093
2015-09-24,88.32,89.129997,87.75,88.949997,1378700,88.66848
2015-09-23,89.620003,89.709999,88.50,89.089996,936400,88.808037
2015-09-22,89.029999,90.00,89.00,89.529999,1902700,89.246646
2015-09-21,90.169998,90.889999,89.510002,90.400002,1521500,90.113896
2015-09-18,90.489998,91.559998,89.00,89.309998,2550400,89.027341
2015-09-17,92.239998,93.669998,91.970001,92.160004,1248100,91.868328
2015-09-16,91.970001,92.279999,91.230003,91.980003,1310300,91.688897
2015-09-15,91.190002,92.379997,90.410004,92.089996,1771600,91.798542
2015-09-14,91.32,91.449997,90.510002,90.800003,1185400,90.512631
2015-09-11,91.339996,91.879997,90.419998,91.32,2153900,91.030982
2015-09-10,91.199997,91.919998,91.080002,91.68,1986200,91.389843
2015-09-09,93.32,93.699997,91.309998,91.540001,965000,91.250287
2015-09-08,91.419998,92.779999,91.400002,92.690002,1342100,92.396649
2015-09-04,90.230003,90.730003,89.589996,90.290001,1359500,90.004243
2015-09-03,91.440002,92.019997,91.099998,91.449997,1410100,91.160568
2015-09-02,91.709999,91.839996,90.110001,91.050003,1298700,90.76184
2015-09-01,91.440002,92.099998,89.699997,90.279999,2148700,89.994273
2015-08-31,92.949997,93.800003,92.150002,93.440002,1432900,93.144275
2015-08-28,94.150002,94.830002,92.970001,93.540001,1476800,93.243957
2015-08-27,93.669998,94.449997,92.620003,94.389999,1468200,94.091266
2015-08-26,91.589996,92.800003,89.889999,92.620003,1696700,92.326871
2015-08-25,93.879997,93.93,89.269997,89.389999,2751100,89.10709
2015-08-24,91.830002,95.620003,90.040001,91.730003,2549800,91.439688
2015-08-21,98.610001,99.400002,96.50,96.529999,1507100,96.224492
2015-08-20,100.089996,100.650002,99.209999,99.32,1237900,99.005663
2015-08-19,101.919998,102.669998,100.650002,101.040001,956100,100.720221
2015-08-18,102.43,102.830002,102.019997,102.43,717500,102.105821
2015-08-17,100.75,102.669998,100.480003,102.559998,1126000,102.235407
2015-08-14,100.839996,102.190002,100.589996,101.300003,1157700,100.9794
2015-08-13,101.00,101.68,100.230003,101.220001,1037800,100.899651
2015-08-12,100.589996,101.489998,99.580002,101.230003,735700,100.909622
2015-08-11,101.769997,101.980003,100.489998,101.32,1127000,100.999333
2015-08-10,102.220001,103.120003,102.220001,102.769997,864900,102.444741
2015-08-07,100.68,101.480003,100.25,101.32,822900,100.999333
2015-08-06,101.82,102.50,100.68,100.919998,1013600,100.600598
2015-08-05,100.599998,101.779999,100.279999,101.330002,1199100,101.009304
2015-08-04,99.550003,101.110001,99.550003,100.199997,1233700,99.882875
2015-08-03,100.790001,100.900002,98.339996,99.540001,1297400,99.224968
2015-07-31,102.00,103.379997,100.599998,100.769997,1216700,100.451071
2015-07-30,101.459999,102.07,101.059998,101.940002,1016000,101.617374
2015-07-29,101.300003,102.129997,101.260002,101.879997,840000,101.258505
2015-07-28,101.440002,101.480003,100.639999,101.160004,737500,100.542904
2015-07-27,100.970001,101.290001,100.379997,101.029999,656400,100.413692
2015-07-24,101.610001,101.959999,101.209999,101.279999,653200,100.662167
2015-07-23,102.010002,102.07,101.419998,101.57,642600,100.950399
2015-07-22,102.25,102.480003,101.709999,101.919998,634700,101.298262
2015-07-21,102.43,102.970001,101.760002,102.129997,882600,101.50698
2015-07-20,102.360001,102.709999,101.919998,102.32,650700,101.695823