2015-12-16,132.710007,132.789993,129.520004,132.210007,2142200,132.210007
2015-12-15,130.070007,131.899994,129.910004,131.50,1739200,131.50
2015-12-14,130.300003,130.729996,128.00,128.960007,1626500,128.960007
2015-12-11,130.360001,131.020004,129.110001,130.479996,2194500,130.479996
2015-12-10,133.50,134.020004,132.029999,132.509995,2030900,132.509995
2015-12-09,133.460007,135.389999,132.380005,133.850006,1733300,133.850006
2015-12-08,135.460007,136.690002,132.690002,132.970001,1696700,132.970001
2015-12-07,137.639999,137.75,136.119995,136.809998,1500000,136.809998
2015-12-04,136.350006,138.630005,136.110001,138.440002,1084100,138.440002
2015-12-03,138.960007,139.470001,135.320007,135.770004,2001700,135.770004
2015-12-02,137.509995,139.039993,136.639999,138.50,3746600,138.50
2015-12-01,136.740005,138.339996,135.339996,138.00,1509100,138.00
2015-11-30,137.850006,138.490005,136.860001,136.889999,1038600,136.889999
2015-11-27,138.139999,139.009995,137.289993,137.899994,537900,137.899994
2015-11-25,139.190002,140.330002,138.320007,138.350006,821800,138.350006
2015-11-24,139.229996,140.100006,138.550003,139.470001,926100,139.470001
2015-11-23,139.610001,141.330002,139.610001,140.179993,796200,140.179993
2015-11-20,140.089996,140.789993,139.059998,139.289993,640200,139.289993
2015-11-19,139.460007,140.380005,138.600006,139.960007,965500,139.960007
2015-11-18,139.580002,140.039993,136.869995,139.429993,1315800,139.429993
2015-11-17,140.110001,143.830002,139.070007,139.470001,2611500,139.470001
2015-11-16,137.369995,140.429993,137.259995,140.350006,1386500,140.350006
2015-11-13,135.449997,138.690002,134.179993,137.380005,1565900,137.380005
2015-11-12,135.380005,136.00,134.75,135.300003,1112200,135.300003
2015-11-11,137.330002,137.330002,135.929993,136.800003,623900,136.800003
2015-11-10,136.00,136.949997,134.910004,136.720001,828000,136.720001
2015-11-09,138.100006,138.440002,135.210007,136.330002,964000,136.330002
2015-11-06,136.199997,138.660004,136.00,138.619995,899400,138.619995
2015-11-05,137.779999,138.639999,135.509995,137.300003,1272000,137.300003
2015-11-04,139.899994,140.00,137.820007,138.190002,891600,138.190002
2015-11-03,138.25,139.710007,137.710007,138.710007,754600,138.710007
2015-11-02,138.869995,139.990005,138.270004,138.559998,1256500,138.559998
2015-10-30,137.929993,140.270004,137.929993,138.979996,1795200,138.979996
2015-10-29,137.520004,142.279999,135.75,137.360001,2567900,137.360001
2015-10-28,139.229996,142.139999,138.919998,142.130005,1440400,142.130005
2015-10-27,138.740005,139.669998,138.559998,139.229996,1036500,139.229996
2015-10-26,139.970001,140.410004,139.550003,139.770004,876700,139.770004
2015-10-23,139.559998,140.899994,138.050003,139.990005,1603200,139.990005
2015-10-22,136.550003,137.929993,135.940002,137.830002,1504400,137.830002
2015-10-21,137.860001,138.110001,132.779999,135.539993,1990800,135.539993
2015-10-20,137.970001,138.770004,137.229996,137.350006,843300,137.350006
2015-10-19,138.100006,138.770004,137.399994,138.029999,453900,138.029999
2015-10-16,140.50,140.679993,137.979996,138.860001,576600,138.860001
2015-10-15,139.460007,140.00,138.279999,139.759995,813000,139.759995
2015-10-14,138.229996,139.059998,137.679993,138.529999,613200,138.529999
2015-10-13,137.649994,139.350006,136.779999,138.289993,1498100,138.289993
2015-10-12,139.660004,140.119995,138.009995,138.809998,610400,138.809998
2015-10-09,138.380005,140.639999,137.649994,139.949997,1631600,139.949997
2015-10-08,135.529999,138.199997,134.440002,137.910004,1547400,137.910004
2015-10-07,133.169998,134.399994,131.949997,134.169998,1318300,134.169998
2015-10-06,132.839996,133.960007,132.509995,132.789993,927700,132.789993
2015-10-05,131.929993,132.990005,131.410004,132.919998,1951600,132.919998
2015-10-02,127.949997,130.550003,126.82,130.520004,1736500,130.520004
2015-10-01,127.629997,129.449997,126.650002,129.270004,2256000,129.270004
2015-09-30,127.279999,128.220001,125.989998,127.580002,1717200,127.580002
2015-09-29,124.419998,126.120003,123.660004,125.82,1493900,125.82
2015-09-28,126.639999,126.809998,124.510002,125.25,1476400,124.440003
2015-09-25,130.539993,130.679993,127.00,127.629997,1715700,126.804608
2015-09-24,129.190002,130.020004,127.230003,129.460007,1293300,128.622783
2015-09-23,132.649994,132.949997,130.240005,130.479996,1074400,129.636176
2015-09-22,133.720001,133.800003,131.429993,132.619995,1638000,131.762336
2015-09-21,135.330002,136.119995,133.860001,134.869995,1059100,133.997785
2015-09-18,136.830002,137.550003,134.399994,134.600006,1719300,133.729542
2015-09-17,139.259995,141.50,137.570007,139.029999,2203200,138.130886
2015-09-16,135.600006,138.800003,135.410004,138.679993,1095800,137.783143
2015-09-15,136.130005,136.130005,134.699997,135.619995,935600,134.742935
2015-09-14,136.559998,136.559998,135.210007,135.479996,790700,134.603841
2015-09-11,135.690002,136.75,135.050003,136.419998,1408700,135.537764
2015-09-10,135.360001,138.139999,135.360001,136.509995,2101900,135.627178
2015-09-09,140.369995,140.869995,137.020004,137.220001,1187400,136.332593
2015-09-08,137.770004,139.389999,137.259995,139.25,930900,138.349464
2015-09-04,137.440002,138.070007,135.520004,135.899994,993000,135.021123
2015-09-03,139.779999,140.779999,139.059998,139.600006,880000,138.697207
2015-09-02,137.429993,138.949997,136.320007,138.949997,1340100,138.051401
2015-09-01,136.679993,137.529999,135.020004,135.919998,1218600,135.040998
2015-08-31,139.520004,140.419998,138.229996,139.529999,661500,138.627652
2015-08-28,139.710007,141.389999,139.020004,140.669998,1024800,139.760279
2015-08-27,139.210007,141.369995,137.589996,140.649994,1195400,139.740404
2015-08-26,137.929993,138.710007,134.529999,137.789993,1598100,136.898899
2015-08-25,137.169998,138.100006,134.669998,134.809998,2643600,133.938175
2015-08-24,130.009995,136.600006,125.00,132.320007,2526700,131.464288
2015-08-21,139.550003,139.820007,136.940002,137.490005,1769600,136.600852
2015-08-20,143.440002,144.160004,140.279999,140.380005,1348300,139.472161
2015-08-19,145.289993,145.710007,144.259995,144.649994,1000700,143.714536
2015-08-18,146.389999,146.899994,145.710007,146.029999,849300,145.085616
2015-08-17,146.679993,147.149994,145.830002,146.759995,420900,145.810891
2015-08-14,146.00,147.080002,145.630005,146.740005,506700,145.791031
2015-08-13,144.940002,146.429993,144.50,145.740005,773600,144.797498
2015-08-12,145.949997,146.190002,143.630005,145.380005,1362400,144.439826
2015-08-11,146.740005,147.130005,145.419998,146.699997,1163700,145.751282
2015-08-10,147.630005,148.360001,147.089996,148.350006,1004400,147.39062
2015-08-07,146.690002,147.619995,145.529999,146.190002,1728900,145.244585
2015-08-06,147.470001,148.350006,146.509995,147.020004,2335600,146.069219
2015-08-05,147.75,148.559998,145.360001,147.449997,1331200,146.496431
2015-08-04,146.199997,147.759995,145.690002,146.089996,1198700,145.145226
2015-08-03,142.179993,147.289993,141.910004,145.880005,2816200,144.936592
2015-07-31,143.229996,144.110001,141.429993,142.509995,2348900,141.588376
2015-07-30,142.50,144.00,140.50,142.339996,3569700,141.419477
2015-07-29,132.50,134.600006,131.619995,134.139999,1712800,133.27251
2015-07-28,129.509995,133.789993,128.509995,132.820007,1862300,131.961054
2015-07-27,129.009995,129.669998,128.389999,128.820007,1615600,127.986923
2015-07-24,132.380005,132.710007,129.440002,130.059998,1541600,129.218894
2015-07-23,132.970001,132.970001,131.220001,132.710007,1951500,131.851765
2015-07-22,133.240005,134.070007,132.619995,132.800003,1576400,131.94118
2015-07-21,135.460007,135.649994,132.710007,133.440002,897000,132.57704
2015-07-20,136.080002,136.160004,135.050003,135.240005,728300,134.365402