2015-12-16,136.660004,138.089996,136.550003,137.550003,1246900,137.550003
2015-12-15,136.339996,136.919998,136.339996,136.660004,1404600,136.660004
2015-12-14,136.389999,136.600006,136.130005,136.279999,1393800,136.279999
2015-12-11,136.479996,136.75,136.300003,136.419998,1893400,136.419998
2015-12-10,136.899994,137.100006,136.399994,136.740005,2958000,136.740005
2015-12-09,137.25,137.600006,137.199997,137.399994,1948800,136.799994
2015-12-08,137.380005,137.619995,137.229996,137.229996,1277300,136.630738
2015-12-07,137.699997,137.880005,137.399994,137.520004,1702900,136.91948
2015-12-04,137.699997,137.960007,137.529999,137.850006,1002600,137.248041
2015-12-03,137.929993,138.089996,137.50,137.660004,2003800,137.058868
2015-12-02,138.259995,138.350006,137.800003,137.880005,2703800,137.277908
2015-12-01,138.169998,138.509995,138.130005,138.300003,1275200,137.696073
2015-11-30,138.399994,138.699997,138.199997,138.199997,1728500,137.596503
2015-11-27,138.389999,138.490005,138.130005,138.429993,591200,137.825494
2015-11-25,138.059998,138.529999,138.009995,138.149994,2572500,137.546718
2015-11-24,138.509995,138.589996,138.25,138.25,2460400,137.646288
2015-11-23,138.550003,138.940002,138.50,138.589996,1775300,137.984799
2015-11-20,138.610001,138.899994,138.50,138.809998,2695200,138.20384
2015-11-19,138.720001,139.00,138.529999,138.75,3317200,138.144104
2015-11-18,137.350006,139.220001,137.25,138.929993,7566500,138.323311
2015-11-17,105.290001,139.00,104.720001,137.350006,10029000,136.750224
2015-11-16,105.00,110.82,104.489998,106.18,3704600,105.716332
2015-11-13,94.580002,104.370003,94.099998,101.82,3124700,101.375371
2015-11-12,94.309998,95.870003,93.779999,94.589996,750200,94.176939
2015-11-11,96.300003,96.300003,94.599998,95.160004,340100,94.744458
2015-11-10,95.559998,96.080002,94.910004,95.989998,298100,95.570827
2015-11-09,96.419998,96.870003,94.889999,95.900002,294100,95.481224
2015-11-06,95.800003,97.019997,95.769997,96.949997,236700,96.526634
2015-11-05,95.959999,96.769997,95.50,96.279999,337200,95.859562
2015-11-04,96.949997,97.440002,95.970001,96.110001,265600,95.690306
2015-11-03,96.18,97.43,95.779999,96.790001,370100,96.367337
2015-11-02,96.25,97.00,96.089996,96.419998,361200,95.99895
2015-10-30,96.669998,97.419998,96.059998,96.160004,453700,95.740091
2015-10-29,94.50,97.519997,93.959999,96.800003,942400,96.377295
2015-10-28,92.790001,94.830002,92.010002,94.800003,723900,94.386029
2015-10-27,91.949997,93.959999,91.43,92.720001,942900,92.31511
2015-10-26,92.400002,93.099998,91.75,91.989998,931200,91.588295
2015-10-23,92.139999,93.239998,91.589996,92.730003,515400,92.325069
2015-10-22,90.809998,92.040001,90.080002,91.699997,692700,91.29956
2015-10-21,90.940002,91.510002,88.889999,89.620003,728600,89.228649
2015-10-20,90.910004,91.459999,90.349998,90.870003,767700,90.47319
2015-10-19,91.489998,91.660004,91.00,91.129997,566800,90.732049
2015-10-16,93.230003,93.230003,91.589996,91.93,385600,91.528559
2015-10-15,93.190002,93.230003,91.720001,92.790001,250100,92.384804
2015-10-14,92.389999,93.040001,92.129997,92.779999,458400,92.374846
2015-10-13,91.93,93.00,91.449997,92.389999,311300,91.986549
2015-10-12,93.309998,93.459999,92.290001,92.760002,313000,92.354936
2015-10-09,93.040001,93.860001,92.639999,93.400002,561900,92.992141
2015-10-08,91.739998,93.18,91.68,92.919998,462800,92.514234
2015-10-07,90.93,92.120003,90.07,92.00,557600,91.598253
2015-10-06,91.330002,91.760002,90.349998,90.720001,514400,90.323844
2015-10-05,89.610001,91.739998,89.50,91.139999,856400,90.742008
2015-10-02,86.93,88.760002,86.610001,88.760002,1068400,88.372404
2015-10-01,89.620003,89.790001,86.089996,87.970001,1020900,87.585852
2015-09-30,90.00,90.629997,88.75,89.330002,881900,88.939914
2015-09-29,88.32,89.239998,88.019997,89.089996,448900,88.700957
2015-09-28,89.760002,89.779999,88.040001,88.099998,469400,87.715282
2015-09-25,91.769997,91.839996,89.879997,90.459999,580100,90.064977
2015-09-24,90.110001,91.610001,89.019997,91.139999,560600,90.742008
2015-09-23,92.190002,92.589996,90.75,90.830002,443400,90.433364
2015-09-22,92.470001,92.739998,91.519997,92.339996,478600,91.936765
2015-09-21,93.480003,94.480003,93.099998,93.669998,487900,93.260959
2015-09-18,94.120003,94.360001,92.769997,93.160004,1153700,92.753191
2015-09-17,94.980003,96.959999,94.589996,95.580002,907800,95.162622
2015-09-16,93.919998,95.339996,93.220001,95.150002,589900,94.734499
2015-09-15,93.790001,94.300003,93.370003,93.980003,430500,93.56961
2015-09-14,94.32,94.43,93.349998,93.550003,370500,93.141487
2015-09-11,93.879997,94.550003,93.459999,94.32,637800,93.908122
2015-09-10,93.910004,95.510002,93.889999,94.790001,521800,93.778693
2015-09-09,95.879997,96.25,94.230003,94.400002,299600,93.392854
2015-09-08,95.059998,95.300003,94.129997,95.120003,516400,94.105174
2015-09-04,94.940002,95.199997,93.330002,93.529999,405700,92.532133
2015-09-03,95.580002,96.480003,95.160004,96.260002,570900,95.233011
2015-09-02,95.120003,95.32,94.059998,95.260002,454900,94.24368
2015-09-01,94.57,95.07,93.540001,94.010002,610900,93.007016
2015-08-31,96.459999,97.279999,95.550003,96.519997,582700,95.490231
2015-08-28,96.620003,97.870003,96.059998,97.160004,577600,96.12341
2015-08-27,96.43,97.699997,95.650002,96.879997,1051200,95.846391
2015-08-26,94.349998,95.459999,93.260002,95.220001,1130100,94.204105
2015-08-25,97.919998,98.080002,92.510002,92.57,1484900,91.582377
2015-08-24,95.099998,97.510002,94.080002,95.519997,1641600,94.5009
2015-08-21,102.57,102.860001,99.25,99.339996,1683300,98.280145
2015-08-20,104.269997,104.610001,102.959999,102.989998,566000,101.891204
2015-08-19,105.309998,105.800003,104.50,104.860001,490300,103.741256
2015-08-18,106.169998,106.93,105.940002,106.050003,513400,104.918563
2015-08-17,106.510002,107.099998,105.519997,106.389999,954700,105.254932
2015-08-14,105.599998,106.980003,103.970001,106.940002,631600,105.799067
2015-08-13,105.099998,106.099998,104.75,105.709999,430400,104.582186
2015-08-12,105.00,105.50,104.360001,105.339996,773600,104.216131
2015-08-11,104.629997,105.379997,104.349998,105.239998,452300,104.117199
2015-08-10,104.239998,105.839996,104.089996,105.760002,557800,104.631656
2015-08-07,103.360001,104.199997,102.900002,103.739998,587800,102.633203
2015-08-06,103.050003,104.150002,102.540001,103.650002,482400,102.544167
2015-08-05,103.330002,104.550003,102.860001,102.940002,655600,101.841742
2015-08-04,102.68,104.010002,101.889999,102.699997,641700,101.604298
2015-08-03,101.779999,102.709999,101.309998,102.599998,717700,101.505366
2015-07-31,102.339996,102.839996,101.839996,102.019997,480700,100.931552
2015-07-30,102.080002,102.870003,101.769997,102.07,631600,100.981022
2015-07-29,101.00,102.989998,100.800003,101.790001,786300,100.70401
2015-07-28,97.410004,101.239998,96.900002,100.900002,1007600,99.823506
2015-07-27,97.779999,97.82,96.519997,97.18,1056800,96.143193
2015-07-24,100.379997,100.739998,98.75,98.879997,781100,97.825053
2015-07-23,100.720001,100.720001,99.800003,100.25,502300,99.180439
2015-07-22,99.849998,100.610001,99.739998,100.449997,709400,99.378303
2015-07-21,101.790001,101.790001,99.75,99.830002,979400,98.764922
2015-07-20,102.220001,102.360001,101.43,101.68,449900,100.595183