2015-12-16,765.969971,766.409973,751.840027,764.690002,229400,764.690002
2015-12-15,764.039978,764.609985,756.030029,761.299988,205800,761.299988
2015-12-14,755.880005,761.609985,748.039978,760.50,224000,760.50
2015-12-11,765.00,790.73999,749.02002,755.880005,239200,755.880005
2015-12-10,786.090027,786.309998,775.640015,777.690002,217700,777.690002
2015-12-09,794.00,800.869995,775.50,783.809998,520200,783.809998
2015-12-08,768.369995,798.599976,754.869995,796.090027,571000,796.090027
2015-12-07,760.00,763.309998,748.559998,752.169983,412500,752.169983
2015-12-04,759.590027,761.650024,754.23999,760.98999,401000,760.98999
2015-12-03,770.369995,770.900024,753.080017,757.369995,275900,757.369995
2015-12-02,780.059998,786.289978,767.00,769.130005,302600,769.130005
2015-12-01,786.039978,792.419983,773.780029,779.23999,235300,779.23999
2015-11-30,786.390015,793.820007,778.869995,783.77002,343700,783.77002
2015-11-27,784.97998,789.50,781.75,785.960022,104400,785.960022
2015-11-25,778.929993,790.669983,778.929993,786.090027,148600,786.090027
2015-11-24,777.119995,782.700012,771.73999,779.659973,165700,779.659973
2015-11-23,783.349976,787.97998,776.359985,781.450012,143600,781.450012
2015-11-20,784.359985,785.840027,780.190002,783.820007,215400,783.820007
2015-11-19,783.00,786.190002,777.169983,779.059998,155700,779.059998
2015-11-18,772.409973,784.150024,770.51001,783.349976,169400,783.349976
2015-11-17,780.299988,782.00,767.549988,773.00,197300,773.00
2015-11-16,753.140015,775.710022,751.299988,775.539978,303400,775.539978
2015-11-13,789.25,789.609985,746.00,755.25,469800,755.25
2015-11-12,777.00,783.98999,774.27002,775.210022,315400,775.210022
2015-11-11,789.650024,793.48999,785.01001,787.280029,93700,787.280029
2015-11-10,782.049988,791.72998,780.859985,789.650024,163700,789.650024
2015-11-09,796.549988,798.409973,780.799988,783.47998,244600,783.47998
2015-11-06,792.799988,803.25,792.799988,797.289978,370100,797.289978
2015-11-05,789.25,797.969971,788.150024,795.390015,193700,795.390015
2015-11-04,790.98999,796.77002,786.099976,788.75,227100,788.75
2015-11-03,784.51001,795.00,783.460022,791.48999,285800,791.48999
2015-11-02,783.909973,789.679993,774.090027,785.26001,248900,785.26001
2015-10-30,786.429993,789.52002,779.73999,784.409973,280200,784.409973
2015-10-29,779.559998,787.900024,776.960022,783.22998,309000,783.22998
2015-10-28,763.27002,780.27002,760.369995,778.059998,285300,778.059998
2015-10-27,769.00,771.280029,755.77002,763.26001,306900,763.26001
2015-10-26,764.150024,772.099976,760.830017,768.070007,224800,768.070007
2015-10-23,766.580017,767.130005,758.070007,762.23999,260700,762.23999
2015-10-22,750.00,761.909973,747.219971,761.590027,353300,761.590027
2015-10-21,749.400024,750.099976,741.400024,745.289978,133300,745.289978
2015-10-20,746.00,747.090027,740.929993,745.940002,198300,745.940002
2015-10-19,740.75,744.51001,735.380005,744.02002,211200,744.02002
2015-10-16,743.059998,744.599976,734.179993,739.820007,288800,739.820007
2015-10-15,730.030029,738.48999,727.710022,737.429993,276200,737.429993
2015-10-14,739.030029,742.929993,727.710022,729.380005,230300,729.380005
2015-10-13,741.130005,745.00,738.76001,740.00,226500,740.00
2015-10-12,738.330017,745.859985,730.700012,744.059998,165100,744.059998
2015-10-09,732.75,737.299988,729.049988,736.919983,222900,736.919983
2015-10-08,739.890015,740.98999,730.950012,735.309998,261700,735.309998
2015-10-07,748.109985,748.109985,733.150024,736.00,267100,736.00
2015-10-06,746.780029,747.090027,740.130005,744.619995,285300,744.619995
2015-10-05,750.00,750.00,741.570007,747.280029,331300,747.280029
2015-10-02,730.349976,742.049988,724.140015,740.780029,369500,740.780029
2015-10-01,732.809998,738.059998,715.919983,736.349976,334300,736.349976
2015-09-30,730.919983,732.669983,721.340027,723.830017,403600,723.830017
2015-09-29,731.299988,739.98999,717.900024,724.719971,276400,724.719971
2015-09-28,752.27002,752.409973,730.679993,730.799988,413800,730.799988
2015-09-25,748.72998,758.140015,746.77002,753.47998,507000,753.47998
2015-09-24,741.23999,748.559998,740.00,746.530029,342300,746.530029
2015-09-23,730.400024,747.330017,720.179993,746.22998,445900,746.22998
2015-09-22,730.150024,749.98999,726.299988,728.00,833700,728.00
2015-09-21,726.900024,735.390015,725.570007,728.400024,304300,728.400024
2015-09-18,727.25,734.429993,722.169983,724.98999,492500,724.98999
2015-09-17,734.669983,747.00,732.25,734.619995,209800,734.619995
2015-09-16,728.369995,734.039978,726.369995,732.719971,183900,732.719971
2015-09-15,722.47998,729.940002,718.48999,729.440002,226500,729.440002
2015-09-14,728.00,729.48999,718.080017,719.929993,183000,719.929993
2015-09-11,716.00,728.130005,715.02002,727.440002,207400,727.440002
2015-09-10,720.50,727.039978,719.219971,720.929993,243600,720.929993
2015-09-09,737.849976,738.48999,720.23999,721.00,275600,721.00
2015-09-08,723.049988,736.039978,722.549988,732.909973,220000,732.909973
2015-09-04,723.840027,729.130005,713.559998,717.700012,234500,717.700012
2015-09-03,731.219971,738.73999,727.619995,729.809998,212600,729.809998
2015-09-02,720.869995,731.460022,715.75,730.719971,297300,730.719971
2015-09-01,711.969971,719.359985,703.150024,714.369995,284200,714.369995
2015-08-31,724.080017,729.940002,715.98999,715.98999,221600,715.98999
2015-08-28,725.280029,727.969971,720.799988,726.390015,238700,726.390015
2015-08-27,723.969971,737.380005,713.26001,724.780029,636300,724.780029
2015-08-26,701.50,706.559998,688.049988,706.25,405100,706.25
2015-08-25,715.50,715.50,687.929993,687.929993,431300,687.929993
2015-08-24,667.00,710.619995,667.00,684.98999,537000,684.98999
2015-08-21,732.369995,733.109985,700.809998,700.919983,453900,700.919983
2015-08-20,746.450012,749.679993,737.919983,738.289978,206700,738.289978
2015-08-19,742.00,754.900024,739.200012,750.130005,190200,750.130005
2015-08-18,743.00,747.25,741.97998,746.200012,154300,746.200012
2015-08-17,739.080017,745.340027,737.690002,743.179993,127300,743.179993
2015-08-14,739.00,743.880005,735.390015,741.27002,168200,741.27002
2015-08-13,721.00,747.469971,713.669983,739.070007,349700,739.070007
2015-08-12,710.47998,721.47998,708.039978,721.140015,286600,721.140015
2015-08-11,710.01001,714.859985,704.049988,714.210022,228100,714.210022
2015-08-10,709.390015,712.030029,706.049988,709.469971,130100,709.469971
2015-08-07,696.719971,705.719971,695.22998,704.400024,157900,704.400024
2015-08-06,712.00,712.00,695.650024,697.109985,170800,697.109985
2015-08-05,706.609985,712.460022,704.659973,711.690002,252500,711.690002
2015-08-04,696.960022,703.619995,696.409973,702.780029,111100,702.780029
2015-08-03,702.00,702.00,693.590027,696.960022,101000,696.960022
2015-07-31,697.880005,703.380005,694.919983,700.940002,180600,700.940002
2015-07-30,693.539978,696.140015,688.369995,695.030029,146400,695.030029
2015-07-29,688.580017,693.570007,683.190002,692.679993,178500,692.679993
2015-07-28,675.549988,687.419983,672.97998,687.140015,187200,687.140015
2015-07-27,674.070007,676.72998,667.48999,674.369995,180100,674.369995
2015-07-24,681.659973,683.619995,673.809998,675.25,163300,675.25
2015-07-23,680.030029,684.599976,676.48999,681.289978,160700,681.289978
2015-07-22,671.619995,678.049988,671.130005,677.320007,112800,677.320007
2015-07-21,675.72998,677.799988,669.00,671.700012,168700,671.700012
2015-07-20,677.429993,679.099976,671.460022,676.049988,209400,676.049988