2015-12-16,147.979996,148.610001,146.229996,148.110001,3292300,148.110001
2015-12-15,145.660004,147.100006,144.119995,146.529999,4664600,146.529999
2015-12-14,144.50,144.50,141.460007,143.00,4795300,143.00
2015-12-11,145.00,145.699997,143.720001,144.619995,3653300,144.619995
2015-12-10,144.619995,147.460007,144.160004,146.410004,3273400,146.410004
2015-12-09,144.600006,145.690002,142.270004,144.240005,4877100,144.240005
2015-12-08,146.820007,147.229996,144.649994,144.990005,5014900,144.990005
2015-12-07,148.300003,149.50,147.320007,148.449997,3406900,148.449997
2015-12-04,146.350006,148.779999,146.089996,148.50,3871500,148.50
2015-12-03,147.050003,147.630005,144.279999,145.559998,3000800,145.559998
2015-12-02,147.550003,148.029999,146.380005,146.960007,2625300,146.960007
2015-12-01,146.539993,149.399994,146.470001,147.740005,3432000,147.740005
2015-11-30,146.970001,147.259995,145.360001,145.449997,2990100,145.449997
2015-11-27,147.50,147.970001,146.679993,146.949997,1282100,146.949997
2015-11-25,149.039993,149.149994,147.380005,147.429993,1852200,147.429993
2015-11-24,147.490005,149.589996,147.220001,148.649994,2626600,148.649994
2015-11-23,149.389999,149.699997,147.710007,148.339996,3183700,148.339996
2015-11-20,149.839996,150.589996,149.119995,149.399994,3210200,149.399994
2015-11-19,148.789993,149.479996,148.259995,149.240005,2492600,149.240005
2015-11-18,146.240005,148.389999,146.229996,148.279999,3101100,148.279999
2015-11-17,145.289993,146.589996,144.639999,146.080002,3038300,146.080002
2015-11-16,142.580002,144.50,142.330002,144.419998,2378300,144.419998
2015-11-13,142.330002,143.889999,141.860001,142.589996,3063800,142.589996
2015-11-12,143.00,144.399994,141.589996,142.539993,3796800,142.539993
2015-11-11,145.199997,145.830002,144.520004,144.990005,1579600,144.990005
2015-11-10,145.279999,146.139999,144.029999,145.149994,2524100,145.149994
2015-11-09,146.899994,147.479996,145.179993,145.979996,2980800,145.979996
2015-11-06,146.580002,148.169998,146.009995,147.940002,2294100,147.940002
2015-11-05,148.190002,148.839996,146.490005,147.970001,2545400,147.970001
2015-11-04,147.259995,148.759995,147.179993,148.190002,2771500,148.190002
2015-11-03,148.029999,148.460007,147.139999,148.089996,2470000,147.179992
2015-11-02,148.380005,149.470001,147.559998,148.399994,2516700,147.488085
2015-10-30,147.399994,149.600006,147.089996,148.070007,3938000,147.160126
2015-10-29,147.539993,147.869995,145.830002,147.179993,3072100,146.27558
2015-10-28,147.990005,148.809998,145.139999,147.880005,4408300,146.971291
2015-10-27,146.220001,148.990005,146.009995,148.460007,3411300,147.547729
2015-10-26,146.210007,147.229996,145.550003,146.699997,3143400,145.798534
2015-10-23,147.369995,147.75,144.910004,146.699997,4691200,145.798534
2015-10-22,142.00,147.360001,141.929993,146.309998,6976300,145.410931
2015-10-21,141.699997,142.149994,136.610001,141.190002,8927200,140.322398
2015-10-20,137.940002,139.929993,137.580002,138.880005,4202600,138.026595
2015-10-19,137.600006,138.610001,136.389999,138.419998,4022000,137.569415
2015-10-16,137.429993,138.729996,136.520004,137.600006,3143000,136.754462
2015-10-15,135.160004,137.669998,135.00,137.389999,6368300,136.545746
2015-10-14,139.75,140.889999,133.580002,134.220001,8752300,133.395227
2015-10-13,139.440002,140.50,139.429993,140.289993,2339700,139.42792
2015-10-12,139.929993,141.070007,139.320007,140.679993,1942200,139.815522
2015-10-09,139.039993,140.240005,138.360001,139.699997,3065700,138.841549
2015-10-08,136.660004,139.350006,136.070007,139.039993,2835700,138.185601
2015-10-07,135.690002,137.729996,135.259995,137.020004,3263800,136.178024
2015-10-06,134.100006,135.539993,133.669998,134.630005,3059600,133.802711
2015-10-05,132.279999,134.149994,131.350006,134.020004,4587500,133.196459
2015-10-02,129.00,132.589996,128.559998,132.559998,3020500,131.745424
2015-10-01,131.320007,131.789993,128.979996,130.610001,2878400,129.80741
2015-09-30,130.270004,131.410004,129.619995,130.949997,3062500,130.145317
2015-09-29,128.110001,129.149994,127.470001,128.75,2935100,127.958839
2015-09-28,130.440002,130.479996,128.029999,128.130005,4160000,127.342654
2015-09-25,131.570007,131.729996,129.279999,131.009995,4149900,130.204946
2015-09-24,130.720001,130.770004,127.18,129.75,5297800,128.952694
2015-09-23,134.660004,135.00,131.610001,131.669998,4907500,130.860894
2015-09-22,134.490005,134.490005,132.520004,133.990005,3465000,133.166645
2015-09-21,136.419998,137.449997,134.940002,136.020004,2460900,135.184169
2015-09-18,135.75,137.690002,134.399994,136.089996,7302700,135.253731
2015-09-17,137.360001,139.910004,136.940002,137.449997,3405600,136.605375
2015-09-16,136.259995,137.429993,136.009995,137.199997,2505000,136.356911
2015-09-15,134.520004,137.00,134.520004,136.300003,3761800,135.462448
2015-09-14,134.720001,135.130005,133.729996,134.429993,2389600,133.603928
2015-09-11,133.160004,134.860001,132.889999,134.669998,2628200,133.842459
2015-09-10,132.339996,134.570007,132.270004,133.550003,2932200,132.729346
2015-09-09,135.589996,136.25,132.210007,132.649994,4713900,131.834868
2015-09-08,132.270004,133.990005,132.00,133.820007,3505800,132.997691
2015-09-04,129.550003,130.490005,128.660004,129.759995,3746700,128.962627
2015-09-03,132.309998,132.350006,130.479996,131.020004,3379500,130.214894
2015-09-02,128.710007,130.669998,127.739998,130.630005,4809300,129.827291
2015-09-01,128.160004,128.990005,126.940002,127.440002,5772700,126.656891
2015-08-31,132.369995,132.699997,130.389999,130.679993,4231700,129.876972
2015-08-28,131.429993,133.720001,130.860001,133.240005,4508800,132.421254
2015-08-27,131.080002,132.360001,129.460007,131.869995,5754600,131.059662
2015-08-26,129.339996,129.759995,125.230003,129.339996,6428400,128.54521
2015-08-25,130.00,130.720001,125.43,125.489998,7159100,124.718869
2015-08-24,123.639999,135.50,115.139999,127.190002,9425800,126.408427
2015-08-21,134.880005,135.089996,131.460007,131.710007,7957600,130.900657
2015-08-20,141.619995,141.899994,136.899994,137.020004,6601400,136.178024
2015-08-19,143.419998,144.479996,142.320007,142.720001,2967700,141.842995
2015-08-18,144.389999,145.210007,143.820007,144.600006,1955500,143.711448
2015-08-17,144.600006,144.860001,142.929993,144.440002,3746000,143.552427
2015-08-14,144.610001,145.470001,143.759995,145.089996,2927100,144.198427
2015-08-13,142.029999,145.449997,141.529999,144.809998,5129500,143.920149
2015-08-12,142.550003,143.009995,139.860001,142.429993,4355800,141.554769
2015-08-11,144.139999,144.929993,143.279999,144.050003,2816700,143.164824
2015-08-10,143.789993,146.770004,143.779999,145.860001,3432600,144.9637
2015-08-07,143.220001,143.839996,141.699997,142.419998,2953200,141.544836
2015-08-06,144.699997,145.25,143.419998,143.820007,2457000,142.936242
2015-08-05,143.899994,145.600006,143.770004,144.949997,2926100,144.059288
2015-08-04,143.550003,144.869995,143.039993,143.539993,1973000,141.753548
2015-08-03,144.440002,144.75,142.589996,143.690002,3088000,141.90169
2015-07-31,143.759995,144.919998,143.289993,144.169998,3163500,142.375712
2015-07-30,143.350006,143.919998,142.210007,143.009995,2644000,141.230145
2015-07-29,142.479996,144.610001,142.369995,144.139999,3260400,142.346086
2015-07-28,141.610001,142.169998,139.509995,141.809998,4138200,140.045083
2015-07-27,143.220001,143.350006,140.800003,141.029999,3532100,139.274792
2015-07-24,145.809998,146.470001,143.979996,144.059998,2455000,142.26708
2015-07-23,147.00,147.949997,145.789993,146.110001,4116000,144.29157
2015-07-22,148.899994,149.179993,145.110001,146.470001,6238400,144.64709
2015-07-21,146.589996,146.589996,144.220001,145.00,4452600,143.195384
2015-07-20,147.110001,147.199997,145.910004,146.720001,3016100,144.893979