2015-12-16,37.400002,37.889999,37.16,37.830002,4242100,37.830002
2015-12-15,36.790001,37.400002,36.77,37.259998,3422300,37.259998
2015-12-14,36.849998,36.98,36.080002,36.529999,4510100,36.529999
2015-12-11,36.889999,38.400002,36.540001,36.84,3329100,36.84
2015-12-10,36.84,37.610001,36.669998,37.279999,3713600,37.279999
2015-12-09,36.91,37.50,36.650002,36.77,2123700,36.77
2015-12-08,37.50,37.52,37.029999,37.200001,2260200,37.200001
2015-12-07,37.50,37.779999,37.34,37.73,3592500,37.73
2015-12-04,36.91,37.73,36.91,37.540001,4767900,37.540001
2015-12-03,37.470001,37.700001,36.82,36.869999,6117100,36.869999
2015-12-02,37.91,38.00,37.310001,37.360001,2976500,37.360001
2015-12-01,37.880001,38.040001,37.619999,37.939999,3693900,37.825
2015-11-30,37.73,37.849998,37.470001,37.650002,5449200,37.535882
2015-11-27,37.84,37.880001,37.650002,37.68,1737200,37.565789
2015-11-25,38.080002,38.080002,37.720001,37.880001,2677900,37.765184
2015-11-24,37.709999,38.459999,37.709999,38.040001,6299500,37.924699
2015-11-23,38.240002,38.279999,37.900002,38.07,5250300,37.954607
2015-11-20,38.110001,38.560001,38.00,38.310001,6891900,38.193881
2015-11-19,37.950001,38.119999,37.720001,37.91,2783000,37.795092
2015-11-18,37.91,38.16,37.77,38.07,3950400,37.954607
2015-11-17,37.91,38.009998,37.549999,37.77,3157100,37.655517
2015-11-16,37.380001,37.959999,37.32,37.93,3842300,37.815032
2015-11-13,37.52,37.849998,37.400002,37.57,3127500,37.456122
2015-11-12,37.490002,37.799999,37.349998,37.459999,2826100,37.346455
2015-11-11,38.00,38.110001,37.799999,37.880001,3579900,37.765184
2015-11-10,37.580002,38.07,37.450001,37.98,3779100,37.864879
2015-11-09,37.810001,37.959999,37.450001,37.66,3454300,37.54585
2015-11-06,37.450001,37.970001,37.25,37.970001,2964400,37.854911
2015-11-05,37.73,37.869999,37.220001,37.549999,3445200,37.436182
2015-11-04,38.150002,38.790001,37.459999,37.57,5725000,37.456122
2015-11-03,37.779999,38.389999,37.599998,38.220001,4684600,38.104154
2015-11-02,37.509998,37.860001,37.400002,37.77,3848400,37.655517
2015-10-30,37.599998,37.639999,37.310001,37.389999,6100600,37.276667
2015-10-29,37.189999,37.759998,37.09,37.59,6967200,37.476062
2015-10-28,36.57,37.560001,36.060001,37.25,10065200,37.137092
2015-10-27,36.049999,36.98,36.049999,36.639999,5736100,36.528941
2015-10-26,35.470001,36.169998,35.400002,35.91,6671300,35.801154
2015-10-23,35.130001,35.630001,35.040001,35.400002,4959200,35.292701
2015-10-22,35.650002,35.66,34.43,34.919998,7132700,34.814153
2015-10-21,34.490002,35.68,34.41,35.599998,12740800,35.492092
2015-10-20,33.970001,34.50,33.880001,34.259998,5599700,34.156154
2015-10-19,33.860001,34.09,33.779999,34.02,4482500,33.916883
2015-10-16,33.860001,34.169998,33.630001,33.919998,4632600,33.817184
2015-10-15,33.16,33.779999,32.959999,33.700001,4024800,33.597854
2015-10-14,33.130001,33.27,32.919998,33.049999,3246800,32.949822
2015-10-13,33.34,33.529999,33.07,33.099998,6068300,32.99967
2015-10-12,33.169998,33.529999,33.099998,33.470001,3747600,33.368551
2015-10-09,33.189999,33.48,33.150002,33.209999,4960200,33.109337
2015-10-08,32.93,33.330002,32.619999,33.25,6958900,33.149217
2015-10-07,32.369999,32.950001,32.25,32.91,7084700,32.810247
2015-10-06,33.330002,33.50,32.18,32.27,9273700,32.172188
2015-10-05,33.830002,33.860001,33.110001,33.299999,7007100,33.199064
2015-10-02,32.419998,33.57,32.18,33.549999,7624300,33.448307
2015-10-01,32.689999,32.860001,32.310001,32.73,5616100,32.630792
2015-09-30,33.110001,33.25,32.57,32.849998,6117600,32.750428
2015-09-29,32.540001,33.25,32.220001,32.689999,9033800,32.590913
2015-09-28,34.25,34.34,32.52,32.59,7741700,32.491217
2015-09-25,35.529999,35.540001,34.25,34.450001,3936200,34.34558
2015-09-24,35.549999,35.580002,34.77,35.290001,6047300,35.183034
2015-09-23,35.580002,35.98,35.330002,35.759998,4406300,35.651607
2015-09-22,35.59,35.619999,34.84,35.48,6022300,35.372457
2015-09-21,36.439999,36.700001,35.91,35.950001,4207200,35.841034
2015-09-18,35.889999,36.279999,35.869999,36.25,6928100,36.140124
2015-09-17,36.25,36.880001,36.119999,36.349998,3351200,36.239819
2015-09-16,36.279999,36.369999,35.98,36.209999,3037700,36.100244
2015-09-15,35.919998,36.389999,35.889999,36.25,3137800,36.140124
2015-09-14,35.959999,36.139999,35.720001,35.970001,3269900,35.860973
2015-09-11,35.900002,36.200001,35.880001,36.02,3885200,35.910821
2015-09-10,36.25,36.32,35.75,36.07,5880800,35.960669
2015-09-09,37.040001,37.259998,36.25,36.310001,4296900,36.199943
2015-09-08,36.830002,36.849998,36.34,36.509998,8096800,36.399334
2015-09-04,36.560001,36.709999,35.91,36.139999,8565000,36.030456
2015-09-03,37.540001,37.790001,36.919998,37.049999,5842300,36.937698
2015-09-02,37.630001,37.66,37.00,37.400002,3414100,37.286639
2015-09-01,37.669998,37.990002,36.950001,37.23,6330700,37.002499
2015-08-31,38.650002,38.91,38.369999,38.450001,4810100,38.215046
2015-08-28,38.50,39.049999,38.34,38.75,6382400,38.513212
2015-08-27,37.970001,38.77,37.740002,38.59,9217800,38.354189
2015-08-26,37.619999,37.810001,36.709999,37.669998,8622300,37.439809
2015-08-25,37.990002,37.990002,36.880001,36.970001,10118100,36.74409
2015-08-24,36.369999,37.509998,34.50,37.169998,15628800,36.942865
2015-08-21,39.25,39.41,38.009998,38.279999,15192700,38.046082
2015-08-20,40.00,40.139999,39.509998,39.610001,7850000,39.367957
2015-08-19,40.48,40.580002,40.060001,40.139999,6773900,39.894717
2015-08-18,40.689999,40.98,40.52,40.59,4176100,40.341968
2015-08-17,40.75,40.810001,40.470001,40.759998,6676300,40.510927
2015-08-14,41.099998,41.099998,40.66,40.900002,4402500,40.650075
2015-08-13,40.810001,41.040001,40.509998,40.82,4966900,40.570562
2015-08-12,41.560001,41.639999,40.41,40.82,7711300,40.570562
2015-08-11,41.689999,41.98,41.490002,41.759998,6935500,41.504817
2015-08-10,42.029999,42.450001,41.93,42.040001,9214300,41.783108
2015-08-07,41.939999,42.709999,41.459999,41.880001,11530500,41.624086
2015-08-06,41.889999,42.560001,41.779999,41.93,23178500,41.67378
2015-08-05,40.560001,43.439999,40.400002,42.130001,40376600,41.872559
2015-08-04,40.41,41.080002,39.75,40.310001,76058800,40.06368
2015-08-03,39.919998,40.07,39.389999,39.509998,6949200,39.268566
2015-07-31,39.75,40.150002,39.720001,40.080002,11660300,39.835086
2015-07-30,37.82,40.07,37.709999,40.009998,14504000,39.76551
2015-07-29,38.18,38.759998,38.049999,38.50,8413900,38.264739
2015-07-28,37.959999,38.150002,37.68,38.09,8299900,37.857245
2015-07-27,37.599998,37.900002,37.50,37.700001,8898000,37.469629
2015-07-24,37.799999,37.970001,37.59,37.639999,6612600,37.409994
2015-07-23,37.799999,38.209999,37.759998,37.970001,10271800,37.737979
2015-07-22,37.73,37.860001,37.650002,37.709999,8715400,37.479566
2015-07-21,37.650002,37.889999,37.599998,37.849998,7290900,37.61871
2015-07-20,37.43,37.75,37.259998,37.66,12162900,37.429872