2015-12-16,52.720001,53.689999,52.669998,53.580002,1493100,53.580002
2015-12-15,52.529999,53.169998,52.310001,52.790001,2194100,52.790001
2015-12-14,53.529999,54.00,51.639999,52.200001,1988500,52.200001
2015-12-11,53.029999,53.380001,52.509998,52.630001,1789800,52.630001
2015-12-10,53.540001,54.41,53.150002,53.880001,1757800,53.880001
2015-12-09,53.43,54.880001,53.18,53.419998,1844100,53.419998
2015-12-08,53.880001,54.689999,53.50,53.849998,2379000,53.849998
2015-12-07,54.41,54.720001,53.959999,54.32,2042600,54.32
2015-12-04,53.400002,54.66,53.240002,54.389999,2222600,54.389999
2015-12-03,53.540001,53.68,52.450001,53.360001,2848900,53.360001
2015-12-02,54.189999,54.869999,53.639999,53.740002,2245200,53.740002
2015-12-01,54.509998,54.75,53.279999,53.880001,2641300,53.880001
2015-11-30,55.439999,55.580002,54.139999,54.52,2762200,54.52
2015-11-27,55.18,55.52,55.029999,55.43,969500,55.43
2015-11-25,53.779999,55.619999,53.779999,55.130001,2583200,55.130001
2015-11-24,52.459999,54.529999,52.279999,54.130001,3694400,54.130001
2015-11-23,53.91,53.91,52.619999,52.889999,2221800,52.889999
2015-11-20,53.810001,54.009998,53.32,53.619999,2119500,53.619999
2015-11-19,54.290001,54.299999,53.549999,53.810001,1307200,53.810001
2015-11-18,53.380001,54.169998,53.07,54.09,2028900,54.09
2015-11-17,53.380001,53.50,52.540001,53.07,2529600,53.07
2015-11-16,53.200001,54.07,52.43,53.360001,3160200,53.360001
2015-11-13,56.040001,56.349998,53.459999,53.529999,3474500,53.529999
2015-11-12,56.610001,57.529999,56.450001,56.669998,2258200,56.669998
2015-11-11,59.790001,59.790001,56.849998,57.049999,2947700,57.049999
2015-11-10,59.93,60.150002,58.52,59.549999,1509800,59.549999
2015-11-09,61.080002,61.259998,60.00,60.110001,2605600,60.110001
2015-11-06,60.73,61.310001,60.419998,61.25,1894600,61.25
2015-11-05,60.459999,60.959999,59.689999,60.939999,1384700,60.939999
2015-11-04,61.139999,61.490002,60.09,60.23,1572700,60.23
2015-11-03,59.68,61.380001,59.68,61.32,2462900,61.32
2015-11-02,59.77,60.23,59.00,59.950001,1919400,59.950001
2015-10-30,57.93,59.73,57.779999,59.630001,2691200,59.630001
2015-10-29,57.84,58.099998,57.27,57.68,1312000,57.68
2015-10-28,58.009998,58.290001,57.310001,58.16,1587900,58.16
2015-10-27,58.82,58.82,57.240002,57.66,1556700,57.66
2015-10-26,59.209999,59.490002,59.009998,59.049999,1674600,59.049999
2015-10-23,59.34,59.48,58.509998,59.209999,2373600,59.209999
2015-10-22,58.02,58.75,57.830002,58.689999,2162400,58.689999
2015-10-21,58.93,59.00,57.700001,57.720001,1502000,57.720001
2015-10-20,58.459999,59.130001,58.310001,58.459999,1285100,58.459999
2015-10-19,58.290001,59.169998,58.029999,58.650002,1842300,58.650002
2015-10-16,58.00,58.380001,57.82,58.290001,1502600,58.290001
2015-10-15,57.73,57.919998,56.84,57.91,1406900,57.91
2015-10-14,57.98,58.439999,57.169998,57.349998,2290800,57.349998
2015-10-13,58.82,59.040001,57.93,58.080002,1364900,58.080002
2015-10-12,58.959999,59.060001,58.240002,58.91,1550100,58.91
2015-10-09,59.220001,59.48,58.439999,58.98,2832500,58.98
2015-10-08,58.77,59.330002,58.77,59.220001,1936200,59.220001
2015-10-07,59.77,59.900002,58.490002,58.939999,3164400,58.939999
2015-10-06,59.110001,60.529999,59.099998,59.700001,3487700,59.700001
2015-10-05,58.139999,59.43,57.830002,59.400002,4121900,59.400002
2015-10-02,56.900002,57.41,56.009998,57.389999,2469100,57.389999
2015-10-01,56.98,57.639999,56.310001,57.610001,2524600,57.610001
2015-09-30,56.830002,57.209999,56.400002,57.02,2958100,57.02
2015-09-29,57.119999,57.759998,56.27,56.52,2489800,56.52
2015-09-28,59.740002,59.84,57.02,57.150002,3509900,57.150002
2015-09-25,59.310001,61.900002,59.00,59.790001,7197700,59.790001
2015-09-24,59.59,59.919998,59.209999,59.330002,3309600,59.330002
2015-09-23,59.98,60.400002,59.560001,59.84,1895800,59.84
2015-09-22,60.18,60.310001,59.57,60.07,2202900,60.07
2015-09-21,59.950001,60.740002,59.939999,60.490002,2622900,60.490002
2015-09-18,61.380001,61.560001,59.860001,59.970001,5092400,59.970001
2015-09-17,62.259998,62.779999,61.77,61.880001,2299500,61.880001
2015-09-16,61.59,62.400002,61.189999,62.139999,2414000,62.139999
2015-09-15,61.360001,62.080002,61.080002,61.84,1788200,61.84
2015-09-14,61.529999,61.959999,61.07,61.139999,1622500,61.139999
2015-09-11,62.00,62.970001,61.00,61.50,1715200,61.50
2015-09-10,62.450001,62.75,61.98,62.16,1414900,62.16
2015-09-09,63.950001,64.169998,62.470001,62.619999,1843500,62.619999
2015-09-08,62.669998,63.439999,62.220001,63.330002,1768700,63.330002
2015-09-04,61.490002,62.360001,61.009998,62.09,1377100,62.09
2015-09-03,62.130001,62.849998,62.080002,62.299999,1626300,62.299999
2015-09-02,61.77,62.220001,61.389999,62.00,1784900,62.00
2015-09-01,60.98,61.290001,60.650002,60.860001,2007700,60.860001
2015-08-31,62.139999,62.389999,61.630001,62.110001,1922500,62.110001
2015-08-28,62.419998,63.169998,62.049999,62.32,2190800,62.32
2015-08-27,61.549999,62.50,61.029999,62.50,3429800,62.50
2015-08-26,61.259998,61.439999,59.799999,61.209999,3316800,61.209999
2015-08-25,60.790001,61.439999,59.509998,60.07,4095300,60.07
2015-08-24,59.779999,61.389999,58.810001,59.93,5573200,59.93
2015-08-21,62.23,62.779999,61.82,61.869999,3784300,61.869999
2015-08-20,62.919998,63.50,62.77,62.779999,2429000,62.779999
2015-08-19,63.130001,64.129997,63.080002,63.529999,1734500,63.529999
2015-08-18,63.57,63.98,63.349998,63.509998,1486500,63.509998
2015-08-17,62.98,63.459999,62.73,63.27,1599200,63.27
2015-08-14,63.580002,64.18,63.049999,63.310001,2164000,63.310001
2015-08-13,63.75,64.309998,62.98,63.669998,1385500,63.669998
2015-08-12,63.490002,64.040001,62.790001,63.91,1383700,63.91
2015-08-11,63.50,64.059998,63.41,63.84,997400,63.84
2015-08-10,63.810001,64.620003,63.59,64.00,1163900,64.00
2015-08-07,63.18,63.470001,62.939999,63.299999,1276600,63.299999
2015-08-06,64.019997,64.300003,61.939999,63.189999,3263500,63.189999
2015-08-05,64.660004,64.720001,63.720001,64.059998,3248600,64.059998
2015-08-04,64.580002,65.019997,64.239998,64.440002,1201600,64.440002
2015-08-03,65.519997,65.519997,64.18,64.370003,1722100,64.370003
2015-07-31,65.550003,65.559998,65.029999,65.230003,766000,65.230003
2015-07-30,64.769997,65.400002,64.459999,65.230003,1350900,65.230003
2015-07-29,65.129997,65.779999,64.75,64.940002,2191700,64.940002
2015-07-28,65.199997,65.32,64.589996,65.300003,1801900,65.300003
2015-07-27,65.68,65.769997,65.029999,65.089996,2151500,65.089996
2015-07-24,67.510002,67.510002,65.510002,65.800003,2330800,65.800003
2015-07-23,67.459999,67.809998,67.139999,67.269997,780300,67.269997
2015-07-22,67.540001,68.190002,67.529999,67.629997,934500,67.629997
2015-07-21,67.93,68.110001,66.940002,67.410004,1593400,67.410004
2015-07-20,68.589996,68.589996,67.809998,67.93,743000,67.93