2015-12-16,30.110001,30.790001,30.040001,30.700001,4285700,30.700001
2015-12-15,30.110001,30.42,29.799999,30.040001,3993700,30.040001
2015-12-14,29.98,30.440001,29.540001,29.90,3975000,29.90
2015-12-11,29.98,30.299999,29.700001,29.790001,4473800,29.790001
2015-12-10,30.559999,30.85,30.23,30.32,3617400,30.32
2015-12-09,30.58,31.459999,30.290001,30.52,4258300,30.52
2015-12-08,30.48,31.360001,30.35,30.860001,3446600,30.860001
2015-12-07,31.00,31.15,30.360001,30.91,4475900,30.679999
2015-12-04,31.469999,31.51,30.889999,31.02,6543000,30.789181
2015-12-03,30.90,31.49,30.190001,31.299999,9806800,31.067096
2015-12-02,31.450001,31.629999,30.719999,30.90,4114600,30.670073
2015-12-01,31.83,31.889999,30.940001,31.370001,5506900,31.136577
2015-11-30,31.73,32.32,31.50,31.780001,5997100,31.543526
2015-11-27,32.09,32.16,31.450001,31.48,2834300,31.245757
2015-11-25,31.530001,32.220001,31.440001,31.950001,5396300,31.712261
2015-11-24,30.27,31.82,30.10,31.530001,6757300,31.295386
2015-11-23,30.459999,30.90,30.35,30.780001,5657200,30.550967
2015-11-20,31.059999,31.10,29.799999,30.51,9011500,30.282976
2015-11-19,29.209999,31.33,28.65,30.67,21695400,30.441785
2015-11-18,30.91,31.74,30.82,31.33,9614800,31.096874
2015-11-17,31.440001,31.450001,30.309999,30.709999,8426900,30.481486
2015-11-16,31.00,32.029999,30.83,31.629999,10742000,31.394641
2015-11-13,33.169998,33.75,31.540001,32.040001,11791300,31.801592
2015-11-12,34.25,34.529999,33.779999,33.990002,5624700,33.737083
2015-11-11,34.68,34.779999,34.209999,34.349998,5831800,34.094401
2015-11-10,35.25,35.549999,34.34,34.66,4301100,34.402095
2015-11-09,35.34,35.599998,35.009998,35.360001,4365200,35.096887
2015-11-06,34.880001,35.68,34.84,35.41,3209000,35.146515
2015-11-05,34.630001,35.040001,34.200001,35.02,3183300,34.759417
2015-11-04,35.599998,35.66,34.41,34.48,4800300,34.223434
2015-11-03,35.43,36.509998,35.360001,35.740002,3943600,35.474061
2015-11-02,35.139999,35.540001,34.919998,35.43,2299000,35.166366
2015-10-30,34.599998,35.200001,34.299999,35.029999,4199900,34.769341
2015-10-29,34.939999,35.09,34.27,34.459999,2851000,34.203583
2015-10-28,34.619999,34.93,34.349998,34.709999,3403500,34.451723
2015-10-27,34.75,34.950001,34.07,34.509998,2689600,34.25321
2015-10-26,35.18,35.360001,34.700001,34.75,3315700,34.491426
2015-10-23,35.529999,35.779999,35.09,35.200001,3807300,34.938078
2015-10-22,34.950001,35.450001,34.810001,35.16,2676000,34.898375
2015-10-21,35.470001,35.560001,34.759998,34.84,2054300,34.580756
2015-10-20,35.040001,35.549999,35.029999,35.310001,2431900,35.04726
2015-10-19,34.68,35.169998,34.599998,35.07,2629600,34.809044
2015-10-16,35.509998,35.540001,34.490002,34.700001,5253900,34.441799
2015-10-15,34.830002,35.490002,34.75,35.48,3432500,35.215993
2015-10-14,36.799999,37.00,34.740002,34.830002,6409900,34.570832
2015-10-13,37.009998,37.389999,36.939999,37.040001,2934400,36.764387
2015-10-12,37.009998,37.490002,36.889999,37.16,1888600,36.883493
2015-10-09,37.099998,37.16,36.619999,36.950001,2890500,36.675056
2015-10-08,37.209999,37.400002,36.599998,37.25,2520000,36.972823
2015-10-07,37.50,37.599998,37.099998,37.290001,3300800,37.012527
2015-10-06,37.720001,37.939999,36.990002,37.32,3404700,37.042302
2015-10-05,37.970001,38.119999,37.220001,37.68,4609300,37.399624
2015-10-02,36.689999,37.779999,36.540001,37.779999,2430700,37.498878
2015-10-01,37.25,37.279999,36.580002,37.16,3612400,36.883493
2015-09-30,36.450001,37.23,36.380001,37.119999,6084700,36.84379
2015-09-29,35.470001,36.07,35.32,35.970001,3986100,35.702349
2015-09-28,36.52,36.98,35.41,35.52,3292100,35.255697
2015-09-25,36.720001,37.099998,36.330002,36.529999,4980400,36.25818
2015-09-24,36.66,36.779999,36.32,36.610001,3657800,36.337586
2015-09-23,37.130001,37.189999,36.66,36.849998,2166600,36.575798
2015-09-22,37.25,37.389999,36.529999,36.970001,4064700,36.694908
2015-09-21,37.77,38.060001,37.310001,37.560001,4539300,37.280518
2015-09-18,37.880001,38.02,37.470001,37.529999,6652800,37.250739
2015-09-17,38.959999,39.099998,38.110001,38.23,3568700,37.945531
2015-09-16,38.50,39.00,38.220001,38.959999,3243100,38.670098
2015-09-15,38.389999,38.919998,38.310001,38.470001,5327500,38.183747
2015-09-14,38.049999,38.810001,37.990002,38.48,6146900,38.19367
2015-09-11,37.07,38.18,37.009998,38.009998,6799100,37.727167
2015-09-10,37.119999,37.709999,36.900002,37.32,4951600,36.814014
2015-09-09,37.990002,38.32,37.369999,37.52,6295500,37.011303
2015-09-08,37.220001,37.75,37.07,37.700001,5388100,37.188863
2015-09-04,36.349998,36.889999,36.25,36.619999,3870900,36.123504
2015-09-03,36.48,37.18,36.400002,36.720001,4598900,36.22215
2015-09-02,36.029999,36.43,35.630001,36.43,5380900,35.936081
2015-09-01,35.939999,36.41,35.189999,35.439999,5512200,34.959502
2015-08-31,35.939999,36.939999,35.830002,36.740002,7271500,36.24188
2015-08-28,35.709999,36.279999,35.669998,35.970001,4669800,35.482319
2015-08-27,35.759998,36.549999,35.049999,35.799999,9544600,35.314622
2015-08-26,33.93,35.279999,33.25,35.25,11551600,34.772079
2015-08-25,33.68,34.450001,32.919998,32.950001,21260800,32.503264
2015-08-24,28.799999,29.440001,28.32,29.27,8601900,28.873157
2015-08-21,30.959999,30.98,29.889999,30.18,7049300,29.770819
2015-08-20,31.700001,32.049999,31.41,31.43,4228600,31.003871
2015-08-19,32.27,32.43,31.799999,32.23,2693700,31.793024
2015-08-18,32.400002,32.759998,32.27,32.419998,2510700,31.980447
2015-08-17,32.52,32.779999,32.040001,32.380001,4700400,31.940992
2015-08-14,31.860001,32.73,31.75,32.639999,3846600,32.197465
2015-08-13,31.690001,32.00,31.50,31.709999,2196300,31.280074
2015-08-12,31.25,31.76,30.77,31.709999,2570900,31.280074
2015-08-11,31.049999,31.51,31.040001,31.48,2743100,31.053193
2015-08-10,31.049999,31.309999,30.889999,31.290001,3070000,30.86577
2015-08-07,31.219999,31.26,30.49,30.76,3400900,30.342955
2015-08-06,31.65,31.790001,31.00,31.110001,4445900,30.68821
2015-08-05,32.02,32.400002,31.98,32.00,2738500,31.566143
2015-08-04,31.950001,32.23,31.719999,31.959999,2820100,31.526684
2015-08-03,32.209999,32.369999,31.799999,31.969999,2852200,31.536549
2015-07-31,32.259998,32.450001,32.110001,32.290001,3505400,31.852212
2015-07-30,32.130001,32.310001,31.940001,32.119999,3124300,31.684515
2015-07-29,32.150002,32.290001,32.009998,32.119999,4180600,31.684515
2015-07-28,32.099998,32.299999,31.68,32.130001,3192900,31.694382
2015-07-27,32.099998,32.360001,31.92,32.060001,3092500,31.625331
2015-07-24,32.950001,33.02,32.389999,32.459999,2711300,32.019905
2015-07-23,33.02,33.209999,32.709999,32.860001,2797500,32.414484
2015-07-22,32.580002,33.040001,32.580002,33.040001,2892100,32.592044
2015-07-21,32.77,32.84,32.380001,32.73,4038300,32.286245
2015-07-20,32.639999,33.049999,32.330002,32.869999,5849200,32.424346