2015-12-16,154.600006,156.110001,153.130005,155.889999,1150200,155.889999
2015-12-15,154.089996,155.50,152.970001,153.289993,1535000,153.289993
2015-12-14,152.479996,153.679993,150.949997,153.190002,1284900,153.190002
2015-12-11,152.570007,153.899994,150.949997,151.679993,870800,151.679993
2015-12-10,152.729996,154.789993,152.050003,154.350006,931300,154.350006
2015-12-09,154.100006,155.529999,151.610001,152.869995,1367300,152.869995
2015-12-08,154.00,154.759995,152.429993,154.699997,1554800,154.699997
2015-12-07,154.320007,154.809998,152.800003,153.619995,1224000,152.959997
2015-12-04,150.179993,154.880005,150.110001,154.809998,1066300,154.144887
2015-12-03,152.059998,152.429993,149.350006,149.929993,1127300,149.285848
2015-12-02,152.889999,153.00,151.570007,151.779999,798100,151.127906
2015-12-01,151.100006,152.820007,151.100006,152.669998,1093700,152.014082
2015-11-30,151.580002,151.990005,150.229996,150.25,1028400,149.604481
2015-11-27,150.839996,152.199997,150.100006,151.289993,645700,150.640006
2015-11-25,150.529999,150.949997,149.630005,150.119995,746800,149.475034
2015-11-24,147.839996,150.720001,147.839996,150.550003,659800,149.903195
2015-11-23,151.309998,152.050003,150.440002,150.919998,585800,150.2716
2015-11-20,150.720001,152.460007,149.960007,151.220001,1302100,150.570314
2015-11-19,151.130005,151.410004,149.520004,149.960007,931900,149.315733
2015-11-18,151.220001,151.690002,150.470001,151.539993,1131100,150.888932
2015-11-17,150.800003,151.800003,149.690002,150.960007,735300,150.311437
2015-11-16,148.789993,150.860001,148.580002,150.789993,849500,150.142154
2015-11-13,148.520004,149.759995,148.00,148.679993,696700,148.041218
2015-11-12,150.809998,151.929993,148.360001,148.429993,924800,147.792292
2015-11-11,152.289993,153.25,151.880005,151.960007,672700,151.307141
2015-11-10,152.259995,152.75,151.75,152.110001,714100,151.45649
2015-11-09,152.520004,152.759995,151.330002,152.410004,811100,151.755204
2015-11-06,151.660004,152.850006,151.529999,152.50,950100,151.844814
2015-11-05,151.50,152.580002,151.100006,152.240005,1156200,151.585936
2015-11-04,151.00,151.889999,149.009995,151.009995,1480600,150.36121
2015-11-03,144.509995,146.699997,143.830002,146.630005,1272200,146.000038
2015-11-02,143.470001,145.050003,143.059998,144.809998,1064200,144.18785
2015-10-30,143.130005,143.990005,142.520004,142.520004,1097800,141.907695
2015-10-29,142.00,143.759995,142.00,143.229996,805800,142.614636
2015-10-28,141.059998,141.979996,139.320007,141.970001,749700,141.360055
2015-10-27,139.839996,141.070007,139.820007,140.75,506600,140.145295
2015-10-26,140.139999,140.470001,139.279999,139.899994,747800,139.298941
2015-10-23,138.940002,141.240005,137.899994,140.220001,1251800,139.617574
2015-10-22,140.320007,141.160004,137.639999,138.449997,923300,137.855174
2015-10-21,140.520004,140.759995,138.110001,139.759995,736500,139.159543
2015-10-20,139.300003,140.539993,139.300003,139.759995,611300,139.159543
2015-10-19,139.399994,140.089996,138.830002,139.949997,465200,139.348729
2015-10-16,137.850006,139.649994,137.190002,139.559998,717800,138.960406
2015-10-15,136.580002,137.089996,135.490005,137.070007,971800,136.481113
2015-10-14,136.779999,137.809998,135.580002,135.759995,567800,135.176728
2015-10-13,137.580002,138.490005,136.619995,136.910004,523000,136.321797
2015-10-12,137.509995,138.949997,137.270004,138.460007,428700,137.865141
2015-10-09,137.100006,138.25,136.850006,137.759995,693600,137.168136
2015-10-08,136.889999,137.320007,135.119995,137.119995,682800,136.530886
2015-10-07,135.50,137.270004,134.169998,137.240005,1059300,136.650381
2015-10-06,136.789993,136.899994,132.929993,134.589996,1442500,134.011757
2015-10-05,136.320007,137.300003,135.850006,136.990005,1359700,136.401455
2015-10-02,130.949997,135.449997,130.199997,135.369995,1464800,134.788405
2015-10-01,132.490005,132.830002,130.220001,132.190002,1314800,131.622074
2015-09-30,132.279999,133.669998,131.399994,132.660004,1004400,132.090056
2015-09-29,129.899994,131.800003,128.949997,130.889999,1451300,130.327656
2015-09-28,135.279999,135.440002,128.869995,130.399994,2084300,129.839756
2015-09-25,139.229996,140.460007,135.410004,136.149994,1111500,135.565052
2015-09-24,138.229996,139.110001,137.690002,138.839996,1237100,138.243498
2015-09-23,138.059998,139.449997,137.470001,139.279999,1035700,138.68161
2015-09-22,137.639999,138.50,137.050003,138.259995,778200,137.665988
2015-09-21,139.070007,140.279999,138.50,139.110001,1045300,138.512342
2015-09-18,138.589996,139.389999,138.119995,138.330002,2085400,137.735694
2015-09-17,138.809998,141.330002,138.649994,139.800003,1080500,139.19938
2015-09-16,137.50,139.160004,137.139999,138.869995,943700,138.273368
2015-09-15,136.399994,137.820007,135.979996,137.179993,564400,136.590626
2015-09-14,136.179993,136.389999,135.240005,136.259995,1148300,135.67458
2015-09-11,134.970001,136.779999,134.320007,135.979996,968800,135.395784
2015-09-10,136.089996,136.539993,134.800003,135.199997,1115900,134.619137
2015-09-09,139.220001,139.979996,135.630005,135.899994,838800,135.316126
2015-09-08,135.75,138.029999,135.259995,138.020004,1382800,137.427029
2015-09-04,135.419998,135.979996,133.179993,134.320007,1176600,133.742928
2015-09-03,137.00,138.229996,136.020004,136.529999,1025500,135.346003
2015-09-02,136.229996,137.00,134.729996,136.720001,1170500,135.534357
2015-09-01,138.50,139.229996,134.289993,134.889999,1791700,133.720225
2015-08-31,142.720001,143.630005,140.389999,141.020004,1009100,139.797071
2015-08-28,142.429993,143.110001,141.529999,142.830002,841100,141.591372
2015-08-27,141.160004,143.039993,140.490005,142.949997,1193300,141.710326
2015-08-26,139.759995,140.330002,136.75,139.940002,1531000,138.726435
2015-08-25,141.070007,141.880005,137.619995,137.619995,2213200,136.426546
2015-08-24,138.470001,138.470001,133.50,138.199997,2918600,137.001518
2015-08-21,142.779999,143.919998,141.880005,141.919998,1797900,140.68926
2015-08-20,145.660004,145.789993,143.520004,143.580002,1572700,142.334868
2015-08-19,146.580002,147.389999,145.160004,146.509995,1017500,145.239451
2015-08-18,148.100006,148.470001,146.710007,147.080002,945900,145.804515
2015-08-17,147.649994,148.649994,147.00,148.600006,616900,147.311338
2015-08-14,147.410004,148.490005,146.910004,148.270004,663700,146.984198
2015-08-13,147.779999,148.289993,146.75,147.600006,734400,146.32001
2015-08-12,148.289993,148.300003,145.710007,147.929993,1628900,146.647135
2015-08-11,149.149994,149.889999,147.259995,148.600006,1155200,147.311338
2015-08-10,150.399994,150.839996,149.600006,150.300003,1215200,148.996593
2015-08-07,149.949997,149.949997,146.710007,148.919998,1482700,147.628555
2015-08-06,153.270004,153.360001,148.679993,150.190002,1930100,148.887546
2015-08-05,153.820007,154.979996,152.070007,153.860001,1306000,152.525718
2015-08-04,152.520004,153.039993,151.460007,152.350006,993700,151.028818
2015-08-03,151.789993,152.759995,151.050003,152.429993,1386400,151.108111
2015-07-31,152.610001,152.880005,151.880005,152.149994,1016600,150.83054
2015-07-30,151.770004,152.490005,151.419998,152.00,1043000,150.681847
2015-07-29,149.990005,152.080002,149.610001,151.990005,1455400,150.671939
2015-07-28,147.179993,149.960007,146.589996,149.880005,1170400,148.580237
2015-07-27,147.070007,147.149994,146.00,146.330002,902800,145.061019
2015-07-24,148.020004,148.649994,147.119995,147.300003,720200,146.022609
2015-07-23,148.179993,148.929993,147.529999,148.169998,714800,146.885059
2015-07-22,147.600006,148.309998,147.470001,148.009995,625900,146.726443
2015-07-21,147.990005,148.929993,146.809998,147.509995,862900,146.230779
2015-07-20,148.449997,148.449997,147.380005,148.160004,455700,146.875151