2015-12-16,35.970001,36.23,35.290001,36.16,3782400,36.16
2015-12-15,35.549999,36.220001,35.52,35.599998,4626400,35.599998
2015-12-14,36.060001,36.259998,34.619999,35.119999,8860600,35.119999
2015-12-11,37.77,37.889999,35.919998,36.18,8021200,36.18
2015-12-10,38.509998,39.040001,38.360001,38.470001,2699800,38.470001
2015-12-09,39.150002,39.66,38.41,38.509998,3801400,38.509998
2015-12-08,39.900002,40.09,39.23,39.32,4304700,39.32
2015-12-07,41.09,41.220001,40.610001,40.82,2581200,40.82
2015-12-04,40.52,41.240002,40.389999,41.139999,3189900,41.139999
2015-12-03,41.18,41.220001,40.25,40.419998,2795600,40.419998
2015-12-02,41.830002,41.880001,40.869999,41.029999,2270800,41.029999
2015-12-01,42.099998,42.23,41.490002,41.830002,2896800,41.830002
2015-11-30,41.68,42.00,41.610001,41.919998,2658900,41.919998
2015-11-27,41.799999,41.91,41.34,41.580002,788100,41.580002
2015-11-25,41.380001,41.93,41.299999,41.810001,2071500,41.810001
2015-11-24,40.73,41.549999,40.110001,41.290001,2708400,41.290001
2015-11-23,41.389999,41.66,41.130001,41.189999,2895000,41.189999
2015-11-20,41.709999,42.00,41.169998,41.34,1984400,41.34
2015-11-19,41.470001,41.689999,41.369999,41.580002,2132000,41.580002
2015-11-18,40.599998,41.50,39.849998,41.419998,2605800,41.419998
2015-11-17,40.560001,40.799999,40.09,40.419998,3035700,40.419998
2015-11-16,39.509998,40.509998,39.389999,40.50,2292600,40.50
2015-11-13,40.310001,40.630001,39.599998,39.619999,2820000,39.619999
2015-11-12,40.439999,40.82,40.32,40.41,3047900,40.41
2015-11-11,41.080002,41.09,40.720001,40.84,2826500,40.84
2015-11-10,40.599998,40.849998,40.330002,40.799999,2627400,40.799999
2015-11-09,40.790001,40.849998,40.419998,40.650002,3802500,40.650002
2015-11-06,41.759998,42.029999,40.700001,40.860001,4957400,40.860001
2015-11-05,41.150002,41.639999,41.040001,41.57,3006200,41.57
2015-11-04,41.540001,41.59,41.060001,41.130001,1488400,41.130001
2015-11-03,40.98,41.529999,40.970001,41.400002,2185000,41.400002
2015-11-02,40.849998,41.369999,40.68,41.150002,3781000,41.150002
2015-10-30,40.169998,40.830002,40.009998,40.759998,5739600,40.759998
2015-10-29,39.93,40.299999,39.59,40.110001,3782000,40.110001
2015-10-28,39.330002,40.09,39.189999,39.970001,4907000,39.970001
2015-10-27,39.84,39.990002,39.27,39.369999,3380800,39.369999
2015-10-26,40.189999,40.32,39.939999,40.080002,2889600,40.080002
2015-10-23,40.139999,40.299999,39.419998,40.18,5139200,40.18
2015-10-22,38.200001,40.59,38.119999,39.779999,7159600,39.779999
2015-10-21,38.25,38.369999,37.880001,37.939999,5298100,37.939999
2015-10-20,38.040001,38.290001,38.02,38.18,4357200,38.18
2015-10-19,38.27,38.400002,38.07,38.150002,3656700,38.150002
2015-10-16,37.91,38.669998,37.740002,38.470001,5645000,38.470001
2015-10-15,37.630001,37.869999,37.380001,37.810001,4381900,37.810001
2015-10-14,37.50,37.990002,37.380001,37.470001,4143000,37.470001
2015-10-13,37.75,38.299999,37.43,37.50,4144400,37.50
2015-10-12,38.810001,38.93,37.91,38.029999,2626200,38.029999
2015-10-09,38.470001,39.27,38.419998,38.849998,5056000,38.849998
2015-10-08,38.900002,39.02,38.490002,38.889999,3464500,38.889999
2015-10-07,38.919998,39.66,38.73,39.02,4904700,39.02
2015-10-06,38.52,38.779999,38.34,38.720001,2486500,38.720001
2015-10-05,38.09,38.98,38.009998,38.669998,3567300,38.669998
2015-10-02,36.110001,37.810001,36.099998,37.759998,4050600,37.759998
2015-10-01,37.09,37.459999,36.689999,37.080002,4310700,37.080002
2015-09-30,36.91,37.32,36.619999,37.259998,3748200,37.259998
2015-09-29,36.709999,37.029999,36.150002,36.360001,4176300,36.360001
2015-09-28,36.900002,37.110001,36.43,36.700001,4436300,36.700001
2015-09-25,37.619999,38.439999,37.189999,37.360001,2743500,37.210001
2015-09-24,37.09,37.389999,36.810001,37.27,3161600,37.120363
2015-09-23,38.099998,38.200001,37.459999,37.540001,3037700,37.389279
2015-09-22,38.02,38.099998,37.639999,38.009998,3966800,37.857389
2015-09-21,38.82,38.860001,38.310001,38.650002,3236700,38.494823
2015-09-18,38.75,39.16,38.400002,38.509998,6373100,38.355382
2015-09-17,39.639999,40.099998,39.290001,39.529999,5302600,39.371287
2015-09-16,39.529999,39.68,39.299999,39.59,3855600,39.431048
2015-09-15,39.23,39.619999,39.110001,39.450001,3385100,39.29161
2015-09-14,39.450001,39.540001,39.080002,39.169998,3315900,39.012732
2015-09-11,39.139999,39.43,38.990002,39.419998,2843700,39.261728
2015-09-10,39.450001,39.700001,38.990002,39.299999,4758500,39.142211
2015-09-09,40.790001,40.990002,39.57,39.66,4364800,39.500766
2015-09-08,39.82,40.240002,39.650002,40.07,4111300,39.90912
2015-09-04,39.189999,39.380001,38.849998,39.009998,3040200,38.853374
2015-09-03,39.50,40.029999,39.279999,39.810001,3676000,39.650165
2015-09-02,40.080002,40.080002,39.119999,39.52,3028700,39.361329
2015-09-01,39.259998,40.02,39.209999,39.450001,4017100,39.29161
2015-08-31,40.799999,41.150002,40.560001,40.580002,4004400,40.417074
2015-08-28,40.790001,41.25,40.549999,41.240002,3994000,41.074424
2015-08-27,40.299999,41.080002,40.16,41.049999,4922400,40.885185
2015-08-26,39.880001,40.099998,38.759998,39.990002,6650400,39.829443
2015-08-25,40.939999,41.029999,38.790001,38.849998,10311800,38.694017
2015-08-24,39.009998,41.18,38.25,39.41,9177900,39.25177
2015-08-21,41.639999,42.25,40.950001,40.98,7409400,40.815466
2015-08-20,42.919998,43.130001,42.040001,42.060001,4846100,41.891132
2015-08-19,43.580002,43.689999,42.939999,43.27,4074500,43.096273
2015-08-18,43.740002,43.939999,43.630001,43.889999,2844500,43.713782
2015-08-17,43.57,43.860001,43.330002,43.759998,2304200,43.584303
2015-08-14,43.509998,43.619999,43.310001,43.619999,2592600,43.444866
2015-08-13,43.91,44.02,43.52,43.57,2539300,43.395068
2015-08-12,43.470001,44.00,42.880001,43.98,4151700,43.803421
2015-08-11,44.470001,44.470001,43.740002,43.950001,2786900,43.773543
2015-08-10,44.610001,44.939999,44.549999,44.93,3513600,44.749608
2015-08-07,44.68,44.759998,44.040001,44.330002,2688000,44.152018
2015-08-06,45.200001,45.25,44.610001,44.709999,2587500,44.53049
2015-08-05,45.630001,45.709999,45.150002,45.189999,2695900,45.008562
2015-08-04,45.470001,45.50,45.029999,45.209999,2798800,45.028482
2015-08-03,45.459999,45.720001,45.119999,45.450001,3739600,45.26752
2015-07-31,46.299999,46.34,45.509998,45.549999,4240900,45.367117
2015-07-30,46.349998,46.48,45.900002,46.16,3102400,45.974669
2015-07-29,46.200001,46.77,45.919998,46.509998,3100700,46.323262
2015-07-28,46.900002,47.029999,46.389999,46.52,2818200,46.333224
2015-07-27,46.02,46.450001,45.900002,46.41,3046400,46.223665
2015-07-24,47.389999,47.48,46.299999,46.400002,4762000,46.213707
2015-07-23,48.669998,48.720001,47.419998,47.59,3598300,47.398928
2015-07-22,48.830002,48.98,48.43,48.490002,2215200,48.295316
2015-07-21,49.009998,49.25,48.66,48.91,1093400,48.713628
2015-07-20,49.459999,49.580002,49.00,49.080002,1472400,48.882947