2015-12-16,46.439999,46.939999,44.669998,44.759998,8129100,44.759998
2015-12-15,47.66,49.759998,46.07,46.50,10739900,46.50
2015-12-14,45.23,47.169998,43.00,46.779999,12897600,46.779999
2015-12-11,50.919998,51.279999,47.029999,47.799999,8507700,47.799999
2015-12-10,52.759998,53.490002,51.349998,51.68,7780600,51.68
2015-12-09,49.50,53.470001,49.50,53.029999,7452000,53.029999
2015-12-08,49.009998,51.18,48.509998,49.369999,3161300,49.369999
2015-12-07,51.470001,51.790001,48.799999,49.860001,6474300,49.860001
2015-12-04,51.919998,52.82,51.099998,52.619999,3876900,52.619999
2015-12-03,54.639999,54.880001,52.27,52.619999,5601000,52.619999
2015-12-02,54.279999,55.240002,53.279999,53.849998,4845300,53.849998
2015-12-01,53.830002,54.84,53.150002,54.759998,3262400,54.759998
2015-11-30,53.060001,55.189999,52.810001,54.07,3900300,53.899999
2015-11-27,52.080002,52.939999,51.810001,52.779999,981200,52.614054
2015-11-25,52.82,53.200001,52.360001,52.50,1614400,52.334936
2015-11-24,51.630001,53.689999,51.470001,53.09,2950500,52.923081
2015-11-23,50.82,51.490002,50.459999,51.419998,2277800,51.258329
2015-11-20,50.869999,51.150002,49.630001,51.009998,4404600,50.849619
2015-11-19,51.27,51.48,50.400002,50.869999,2832600,50.710059
2015-11-18,49.970001,51.84,49.939999,51.68,5667200,51.517514
2015-11-17,49.41,49.790001,48.759998,49.470001,3150100,49.314463
2015-11-16,47.57,49.889999,47.57,49.389999,4510200,49.234713
2015-11-13,48.00,48.389999,46.84,47.66,3366400,47.510153
2015-11-12,48.169998,49.759998,47.759998,48.139999,6345100,47.988643
2015-11-11,49.950001,49.950001,47.709999,49.00,3384400,48.84594
2015-11-10,51.32,51.48,49.73,49.830002,4165600,49.673332
2015-11-09,51.950001,51.970001,50.27,51.66,2399300,51.497576
2015-11-06,49.490002,52.150002,49.130001,52.080002,3944700,51.916258
2015-11-05,51.310001,51.619999,49.599998,49.880001,8398300,49.723174
2015-11-04,54.240002,54.27,50.700001,51.560001,5678000,51.397892
2015-11-03,53.709999,54.759998,53.240002,54.459999,3967000,54.288772
2015-11-02,52.700001,53.470001,51.810001,53.290001,3681900,53.122453
2015-10-30,52.810001,53.380001,52.060001,52.68,2404200,52.51437
2015-10-29,52.740002,53.330002,52.110001,52.59,1528000,52.424653
2015-10-28,52.09,53.540001,51.610001,52.799999,2275300,52.633992
2015-10-27,51.630001,53.09,51.400002,51.50,4670600,51.33808
2015-10-26,53.779999,53.91,52.299999,52.459999,2931200,52.29506
2015-10-23,55.060001,55.400002,52.049999,53.93,3389600,53.76044
2015-10-22,54.970001,56.169998,54.970001,55.59,4318400,55.41522
2015-10-21,52.950001,55.110001,52.950001,54.41,3866100,54.23893
2015-10-20,53.279999,53.889999,52.970001,53.169998,3546200,53.002827
2015-10-19,53.25,54.009998,52.900002,53.330002,3513800,53.162328
2015-10-16,56.810001,56.810001,53.34,53.830002,5420500,53.660756
2015-10-15,55.049999,56.209999,54.209999,56.189999,2558400,56.013332
2015-10-14,55.049999,55.419998,54.540001,55.009998,2087000,54.837042
2015-10-13,55.32,56.389999,54.75,55.02,1832400,54.847013
2015-10-12,56.580002,56.689999,55.009998,55.68,1444500,55.504938
2015-10-09,57.50,57.869999,55.939999,56.439999,2140500,56.262546
2015-10-08,56.68,57.43,55.439999,57.330002,1778900,57.149751
2015-10-07,56.130001,58.23,55.939999,56.68,3471000,56.501794
2015-10-06,55.00,56.389999,54.27,55.310001,3408900,55.136102
2015-10-05,54.049999,54.91,53.57,54.630001,3212800,54.45824
2015-10-02,50.669998,53.349998,50.580002,53.349998,3167100,53.182262
2015-10-01,52.630001,52.970001,50.529999,51.18,2681500,51.019086
2015-09-30,50.849998,52.139999,50.82,52.040001,4118900,51.876383
2015-09-29,51.009998,51.560001,49.970001,50.470001,2423000,50.311319
2015-09-28,51.939999,52.09,50.459999,50.50,3266400,50.341224
2015-09-25,53.759998,53.849998,51.970001,52.50,2630200,52.334936
2015-09-24,53.310001,53.990002,53.00,53.209999,3452900,53.042702
2015-09-23,54.619999,54.619999,53.720001,54.00,1725800,53.830219
2015-09-22,53.310001,54.970001,53.02,54.290001,3932700,54.119309
2015-09-21,54.299999,55.029999,53.48,54.73,5218400,54.557924
2015-09-18,54.189999,54.450001,53.16,53.470001,4364500,53.301887
2015-09-17,55.57,56.139999,55.009998,55.290001,2220100,55.116164
2015-09-16,53.669998,55.779999,53.57,55.66,2543200,55.485
2015-09-15,53.43,53.900002,53.040001,53.419998,1979300,53.252041
2015-09-14,52.639999,53.779999,52.549999,53.18,2735300,53.012798
2015-09-11,53.68,53.68,52.209999,53.080002,4253400,52.913114
2015-09-10,53.119999,54.330002,52.209999,53.68,3043500,53.511226
2015-09-09,54.50,55.110001,52.880001,52.990002,3346500,52.823397
2015-09-08,54.290001,54.43,53.380001,54.009998,4247700,53.840186
2015-09-04,53.959999,54.41,53.119999,53.259998,3728700,53.092544
2015-09-03,54.759998,55.939999,54.32,54.82,5413000,54.647641
2015-09-02,55.169998,55.220001,53.41,54.740002,2968500,54.567894
2015-09-01,54.099998,55.330002,53.580002,54.380001,5127300,54.209026
2015-08-31,54.139999,56.049999,53.450001,56.00,3728900,55.823931
2015-08-28,53.560001,55.049999,53.07,54.720001,4012600,54.378492
2015-08-27,50.349998,53.860001,50.049999,53.75,5948000,53.414545
2015-08-26,48.810001,49.34,47.700001,49.200001,4411500,48.892942
2015-08-25,47.50,48.889999,47.009998,47.740002,5486500,47.442055
2015-08-24,47.360001,48.66,44.110001,45.759998,7055800,45.474409
2015-08-21,51.189999,51.889999,49.439999,49.52,4832900,49.210945
2015-08-20,53.759998,54.189999,51.349998,51.360001,5902200,51.039462
2015-08-19,56.040001,56.16,53.919998,54.09,4342000,53.752423
2015-08-18,56.779999,57.27,56.50,56.650002,1760200,56.296448
2015-08-17,57.040001,57.419998,56.549999,56.759998,2434100,56.405758
2015-08-14,56.790001,57.990002,56.790001,57.330002,2363800,56.972204
2015-08-13,58.189999,58.380001,56.860001,56.900002,2462100,56.544887
2015-08-12,57.32,59.009998,55.98,58.599998,3105300,58.234275
2015-08-11,56.580002,57.709999,56.48,57.540001,2379800,57.180892
2015-08-10,55.75,57.900002,55.59,57.830002,2825600,57.469083
2015-08-07,56.00,56.759998,55.560001,55.720001,2289600,55.372251
2015-08-06,55.959999,56.75,55.389999,56.560001,2619200,56.207009
2015-08-05,55.779999,56.860001,55.66,56.330002,2869800,55.978445
2015-08-04,55.889999,56.349998,54.959999,55.299999,4635100,54.954871
2015-08-03,57.490002,57.619999,55.400002,55.549999,5326400,55.20331
2015-07-31,58.490002,58.950001,58.119999,58.150002,2468800,57.787086
2015-07-30,59.630001,60.169998,58.34,58.689999,2551500,58.323713
2015-07-29,58.060001,59.75,57.700001,59.669998,5948200,59.297596
2015-07-28,57.900002,58.630001,57.00,58.549999,2859700,58.184587
2015-07-27,57.720001,58.360001,57.220001,57.740002,3354500,57.379645
2015-07-24,59.450001,59.639999,58.400002,58.66,4466800,58.293901
2015-07-23,58.900002,59.75,58.490002,59.259998,4051000,58.890155
2015-07-22,60.41,61.700001,52.799999,58.279999,27297500,57.916272
2015-07-21,59.459999,61.439999,59.360001,60.639999,4019600,60.261544
2015-07-20,58.880001,60.279999,58.880001,59.459999,4831900,59.088908