2015-12-16,71.629997,71.889999,70.50,71.629997,1458600,71.629997
2015-12-15,71.339996,71.50,70.550003,71.139999,1270500,71.139999
2015-12-14,71.25,71.519997,70.279999,70.849998,1485600,70.849998
2015-12-11,70.760002,72.169998,70.269997,71.339996,2408200,71.339996
2015-12-10,69.650002,72.470001,69.330002,71.889999,2433900,71.889999
2015-12-09,68.139999,69.93,67.580002,68.839996,2283900,68.839996
2015-12-08,68.019997,68.260002,66.510002,67.440002,1279800,67.440002
2015-12-07,69.160004,69.629997,68.139999,68.800003,2029800,68.800003
2015-12-04,67.919998,69.849998,67.839996,69.769997,1379800,69.769997
2015-12-03,68.449997,69.019997,67.480003,67.900002,1785000,67.900002
2015-12-02,68.739998,69.599998,67.349998,67.50,997700,67.50
2015-12-01,69.419998,70.00,68.739998,68.839996,1891900,68.839996
2015-11-30,68.959999,69.529999,68.529999,69.419998,1504600,69.419998
2015-11-27,68.690002,69.199997,68.050003,69.010002,319800,69.010002
2015-11-25,69.349998,69.440002,68.389999,68.800003,1017100,68.670004
2015-11-24,68.480003,69.379997,67.93,69.32,1033800,69.189018
2015-11-23,69.400002,70.040001,68.660004,68.779999,848500,68.650037
2015-11-20,68.800003,69.779999,68.650002,69.440002,959800,69.308794
2015-11-19,68.309998,68.540001,67.599998,68.410004,720400,68.280741
2015-11-18,66.349998,68.440002,66.220001,68.360001,869200,68.230833
2015-11-17,66.459999,66.879997,65.730003,66.129997,624300,66.005043
2015-11-16,65.800003,66.519997,65.389999,66.279999,688600,66.154761
2015-11-13,65.510002,66.25,64.919998,65.919998,660000,65.795441
2015-11-12,67.68,67.809998,65.389999,65.419998,931100,65.296385
2015-11-11,67.940002,68.309998,67.57,68.18,527400,68.051172
2015-11-10,66.860001,67.790001,66.080002,67.769997,831900,67.641943
2015-11-09,67.809998,67.809998,66.190002,66.339996,1179700,66.214645
2015-11-06,67.419998,68.07,66.610001,67.779999,592500,67.651927
2015-11-05,67.529999,67.980003,67.040001,67.790001,703700,67.66191
2015-11-04,67.870003,68.190002,67.150002,67.419998,888200,67.292606
2015-11-03,70.059998,70.190002,67.760002,67.82,1000400,67.691852
2015-11-02,68.550003,70.489998,68.510002,70.239998,1279400,70.107278
2015-10-30,67.639999,69.349998,67.330002,68.50,1459900,68.370567
2015-10-29,67.089996,68.120003,66.349998,67.32,875200,67.192797
2015-10-28,67.529999,68.110001,67.07,67.959999,881000,67.831587
2015-10-27,67.25,67.68,66.589996,67.489998,776000,67.362474
2015-10-26,67.629997,68.309998,67.610001,67.739998,1020100,67.612001
2015-10-23,68.709999,69.080002,67.779999,67.830002,1260600,67.701835
2015-10-22,66.68,68.459999,66.309998,68.419998,1560500,68.290717
2015-10-21,67.00,67.419998,66.07,66.120003,1145100,65.995067
2015-10-20,66.610001,67.629997,66.440002,67.059998,1251900,66.933286
2015-10-19,66.589996,66.93,66.25,66.599998,754200,66.474156
2015-10-16,66.650002,66.959999,66.139999,66.940002,1145200,66.813518
2015-10-15,66.379997,66.739998,65.07,66.519997,1176100,66.394305
2015-10-14,66.010002,66.660004,65.650002,66.279999,1247900,66.154761
2015-10-13,66.300003,66.959999,65.879997,66.019997,796400,65.89525
2015-10-12,66.379997,67.07,65.93,66.779999,559100,66.653816
2015-10-09,67.18,67.199997,65.970001,66.540001,699600,66.414272
2015-10-08,64.379997,66.279999,64.029999,66.099998,654200,65.975101
2015-10-07,63.07,64.730003,63.07,64.559998,983900,64.43801
2015-10-06,64.949997,64.989998,63.299999,63.41,972800,63.290185
2015-10-05,64.559998,64.980003,64.07,64.699997,834200,64.577745
2015-10-02,62.389999,64.089996,62.029999,64.059998,906000,63.938954
2015-10-01,62.41,63.400002,62.040001,63.139999,1122500,63.020695
2015-09-30,61.200001,62.32,61.200001,62.200001,1037600,62.082472
2015-09-29,60.700001,61.139999,60.299999,60.50,999100,60.385684
2015-09-28,62.66,62.66,60.560001,60.75,1120400,60.635211
2015-09-25,63.310001,63.349998,62.169998,62.959999,1537900,62.841034
2015-09-24,63.009998,63.330002,62.189999,62.779999,1343700,62.661374
2015-09-23,65.040001,65.040001,63.099998,63.369999,969200,63.25026
2015-09-22,66.160004,66.50,64.800003,64.879997,1499100,64.757405
2015-09-21,67.339996,68.209999,66.690002,67.050003,979100,66.92331
2015-09-18,66.57,67.379997,66.110001,66.959999,1572200,66.833476
2015-09-17,67.75,68.230003,67.089996,67.199997,604000,67.073021
2015-09-16,67.120003,68.040001,66.699997,67.830002,720000,67.701835
2015-09-15,66.040001,67.400002,65.620003,67.309998,698500,67.182814
2015-09-14,66.519997,66.519997,65.730003,65.860001,732100,65.735556
2015-09-11,66.370003,66.839996,65.970001,66.610001,771400,66.484139
2015-09-10,66.870003,67.769997,66.580002,66.849998,1067800,66.723684
2015-09-09,67.449997,67.900002,66.68,66.800003,944600,66.673783
2015-09-08,65.059998,66.940002,64.68,66.879997,1117400,66.753626
2015-09-04,65.32,65.540001,63.759998,64.010002,1487800,63.889054
2015-09-03,65.330002,66.470001,64.919998,66.209999,1173700,66.084894
2015-09-02,65.199997,65.279999,63.869999,64.900002,941600,64.777371
2015-09-01,64.489998,65.279999,64.110001,64.389999,1389100,64.268333
2015-08-31,66.209999,66.410004,65.639999,65.910004,863100,65.785465
2015-08-28,65.529999,66.550003,65.07,66.519997,1065300,66.394305
2015-08-27,64.529999,66.199997,64.190002,65.879997,2358300,65.62576
2015-08-26,65.00,65.18,63.029999,63.849998,2096300,63.603595
2015-08-25,66.300003,66.300003,63.59,63.59,1395700,63.3446
2015-08-24,61.099998,66.160004,57.950001,64.800003,1961300,64.549933
2015-08-21,68.080002,68.50,67.129997,67.160004,1219100,66.900826
2015-08-20,70.080002,70.080002,68.839996,68.919998,795900,68.654029
2015-08-19,71.120003,71.209999,70.029999,70.650002,561400,70.377356
2015-08-18,71.089996,71.800003,71.089996,71.610001,413100,71.33365
2015-08-17,71.300003,71.669998,70.559998,71.660004,516000,71.38346
2015-08-14,70.360001,71.910004,70.260002,71.709999,729300,71.433263
2015-08-13,73.360001,73.360001,69.43,70.360001,648600,70.088474
2015-08-12,69.720001,69.93,68.93,69.690002,705700,69.421062
2015-08-11,70.050003,70.610001,69.919998,70.150002,550800,69.879285
2015-08-10,69.669998,70.919998,69.370003,70.860001,1050600,70.586545
2015-08-07,69.290001,69.449997,68.610001,69.32,1188700,69.052487
2015-08-06,68.32,69.610001,68.269997,69.32,1365100,69.052487
2015-08-05,68.510002,68.589996,67.43,68.260002,2200200,67.99658
2015-08-04,67.300003,68.059998,67.199997,67.790001,930100,67.528392
2015-08-03,67.330002,68.970001,67.07,67.300003,1596700,67.040285
2015-07-31,69.739998,70.190002,67.779999,67.839996,1351400,67.578195
2015-07-30,68.43,69.800003,67.190002,69.540001,1382200,69.271639
2015-07-29,67.709999,68.910004,67.360001,68.739998,744100,68.474723
2015-07-28,67.129997,67.949997,66.769997,67.650002,659800,67.388933
2015-07-27,66.910004,66.970001,66.220001,66.639999,659900,66.382829
2015-07-24,67.349998,68.160004,66.75,67.010002,926200,66.751404
2015-07-23,68.68,68.68,67.370003,67.470001,719900,67.209628
2015-07-22,68.730003,69.580002,68.279999,68.449997,861100,68.185841
2015-07-21,69.779999,69.800003,68.639999,68.75,790900,68.484687
2015-07-20,71.269997,71.669998,70.029999,70.110001,901700,69.839439