2015-12-16,70.349998,70.839996,69.07,70.709999,6170500,70.709999
2015-12-15,69.300003,70.480003,69.300003,70.220001,8220900,70.220001
2015-12-14,67.889999,68.690002,67.339996,68.639999,5914900,68.639999
2015-12-11,68.940002,68.940002,67.470001,67.620003,4154900,67.620003
2015-12-10,68.559998,69.419998,68.169998,68.940002,3783300,68.940002
2015-12-09,69.099998,69.389999,68.269997,68.559998,4765400,68.559998
2015-12-08,68.379997,69.849998,68.349998,69.400002,5181400,69.400002
2015-12-07,69.00,69.449997,68.480003,68.839996,4850100,68.839996
2015-12-04,66.879997,69.309998,66.849998,69.110001,6539200,69.110001
2015-12-03,67.589996,68.040001,66.139999,66.449997,6797000,66.449997
2015-12-02,68.620003,69.709999,67.660004,67.779999,5864900,67.779999
2015-12-01,67.540001,68.370003,66.93,68.260002,5517900,68.260002
2015-11-30,67.849998,67.989998,66.849998,67.010002,5831300,67.010002
2015-11-27,68.080002,68.440002,67.809998,67.849998,1385100,67.849998
2015-11-25,67.82,68.449997,67.589996,68.080002,3706900,68.080002
2015-11-24,67.629997,67.949997,67.239998,67.82,6022000,67.82
2015-11-23,67.82,68.459999,67.410004,67.989998,5605500,67.989998
2015-11-20,67.370003,69.00,67.160004,67.82,6052200,67.82
2015-11-19,67.419998,67.879997,66.739998,66.940002,4010200,66.940002
2015-11-18,66.00,67.709999,65.959999,67.610001,6169900,67.610001
2015-11-17,64.93,66.610001,64.669998,65.730003,4959600,65.730003
2015-11-16,64.150002,65.129997,63.709999,65.019997,4660300,65.019997
2015-11-13,63.740002,64.529999,63.57,64.150002,6239100,64.150002
2015-11-12,64.089996,64.690002,63.689999,63.720001,4037300,63.720001
2015-11-11,65.389999,65.389999,64.190002,64.239998,3980100,64.239998
2015-11-10,65.029999,65.589996,64.699997,65.050003,4024000,65.050003
2015-11-09,65.080002,65.440002,64.540001,64.989998,3987400,64.989998
2015-11-06,65.480003,65.580002,64.139999,65.449997,5504000,65.449997
2015-11-05,65.790001,66.00,65.199997,65.550003,3918400,65.550003
2015-11-04,65.940002,66.139999,65.010002,65.620003,5241700,65.620003
2015-11-03,65.769997,66.269997,65.099998,66.080002,5509100,66.080002
2015-11-02,66.559998,66.900002,65.57,65.75,7508200,65.75
2015-10-30,67.339996,67.599998,65.949997,65.949997,6458000,65.949997
2015-10-29,67.50,68.480003,66.980003,67.309998,4570400,67.309998
2015-10-28,66.809998,68.169998,66.120003,67.589996,6446700,67.589996
2015-10-27,65.50,66.980003,64.949997,66.800003,9075700,66.800003
2015-10-26,64.739998,65.769997,64.349998,64.550003,6679500,64.550003
2015-10-23,63.580002,65.550003,63.48,65.160004,8081600,65.160004
2015-10-22,62.869999,63.400002,61.689999,63.18,7908000,63.18
2015-10-21,64.239998,64.269997,61.50,62.509998,8094400,62.509998
2015-10-20,64.93,64.989998,63.080002,63.889999,5965100,63.889999
2015-10-19,64.489998,65.489998,64.25,65.080002,6023500,65.080002
2015-10-16,64.040001,64.709999,63.759998,64.489998,5781200,64.489998
2015-10-15,62.049999,63.720001,61.66,63.619999,4641700,63.619999
2015-10-14,62.400002,63.25,61.91,62.080002,4457300,62.080002
2015-10-13,62.560001,63.330002,62.130001,62.34,7260600,62.34
2015-10-12,60.98,62.900002,60.650002,62.709999,5888300,62.709999
2015-10-09,59.880001,61.529999,59.82,61.439999,9492100,61.439999
2015-10-08,60.200001,60.869999,59.599998,60.509998,6268600,60.509998
2015-10-07,59.970001,61.380001,59.060001,60.549999,8230700,60.549999
2015-10-06,61.77,62.130001,58.389999,59.880001,10075500,59.880001
2015-10-05,62.66,63.220001,61.330002,61.970001,8039900,61.970001
2015-10-02,59.080002,63.18,58.959999,62.23,13527800,62.23
2015-10-01,59.259998,60.52,58.970001,60.049999,11280900,60.049999
2015-09-30,59.439999,59.610001,58.610001,59.200001,11274700,59.200001
2015-09-29,57.93,59.919998,57.419998,58.950001,10515100,58.580002
2015-09-28,59.799999,59.93,57.029999,57.459999,11017400,57.099352
2015-09-25,62.330002,62.48,59.630001,60.240002,9427800,59.861906
2015-09-24,61.27,62.02,60.450001,61.799999,6380600,61.412112
2015-09-23,62.349998,62.709999,61.470001,61.740002,4766700,61.352491
2015-09-22,61.959999,62.900002,61.349998,62.09,7557900,61.700293
2015-09-21,64.419998,64.68,62.200001,62.720001,10273300,62.32634
2015-09-18,62.18,64.68,62.040001,64.339996,18650300,63.936167
2015-09-17,61.41,63.119999,61.279999,62.189999,7396400,61.799664
2015-09-16,60.240002,61.77,60.099998,61.610001,9551000,61.223306
2015-09-15,59.279999,60.200001,58.84,60.09,7190000,59.712846
2015-09-14,59.400002,59.82,58.82,59.169998,4960600,58.798618
2015-09-11,58.50,59.279999,58.490002,59.220001,9624000,58.848308
2015-09-10,58.220001,59.150002,58.040001,58.75,7520500,58.381256
2015-09-09,59.459999,59.52,57.860001,58.029999,7931500,57.665774
2015-09-08,58.380001,59.080002,56.32,58.990002,11438200,58.619752
2015-09-04,58.080002,58.48,56.900002,57.299999,9288700,56.940356
2015-09-03,60.419998,60.970001,58.610001,58.75,8231100,58.381256
2015-09-02,58.950001,59.720001,58.549999,59.610001,7219300,59.235859
2015-09-01,58.549999,59.290001,57.939999,58.200001,8879100,57.834709
2015-08-31,60.639999,60.990002,59.279999,59.470001,5680000,59.096738
2015-08-28,60.220001,61.049999,59.77,60.610001,5326300,60.229583
2015-08-27,60.509998,60.880001,59.48,60.82,7446900,60.438264
2015-08-26,59.310001,60.119999,57.75,60.029999,10246500,59.653221
2015-08-25,60.189999,60.540001,57.880001,57.880001,8146200,57.516718
2015-08-24,57.990002,60.939999,51.82,58.650002,15215000,58.281885
2015-08-21,62.259998,62.830002,61.009998,61.07,7516400,60.686695
2015-08-20,63.490002,63.790001,62.709999,62.709999,5334000,62.316401
2015-08-19,63.27,64.970001,63.220001,64.120003,5245800,63.717554
2015-08-18,63.50,64.620003,63.459999,64.279999,7992200,63.876546
2015-08-17,62.709999,63.610001,62.57,63.470001,3993800,63.071633
2015-08-14,62.450001,63.279999,62.41,63.080002,6060600,62.684081
2015-08-13,62.400002,62.689999,61.799999,62.419998,3686900,62.02822
2015-08-12,62.310001,62.599998,61.27,62.389999,6739200,61.998409
2015-08-11,63.41,63.779999,62.369999,62.66,5409100,62.266715
2015-08-10,63.970001,64.349998,63.84,63.889999,5681500,63.488995
2015-08-07,63.50,63.59,62.16,63.41,7424000,63.012008
2015-08-06,65.129997,65.269997,63.34,63.540001,4732600,63.141193
2015-08-05,65.110001,65.480003,65.050003,65.059998,3902900,64.651649
2015-08-04,65.470001,65.550003,64.650002,64.839996,3890100,64.433029
2015-08-03,65.949997,66.129997,64.690002,65.339996,4611600,64.929891
2015-07-31,64.800003,66.779999,64.639999,65.639999,7955200,65.228011
2015-07-30,64.550003,64.830002,63.82,64.459999,4168200,64.055417
2015-07-29,64.989998,65.120003,64.309998,64.889999,4920500,64.482718
2015-07-28,64.449997,64.720001,64.110001,64.660004,9173100,64.254166
2015-07-27,65.699997,65.699997,64.290001,64.300003,9237500,63.896425
2015-07-24,68.07,68.07,65.980003,65.980003,6866800,65.565881
2015-07-23,69.660004,69.660004,67.739998,68.239998,8947000,67.81169
2015-07-22,68.790001,69.550003,68.470001,69.370003,7786100,68.934603
2015-07-21,70.110001,70.199997,68.860001,68.870003,6107100,68.437741
2015-07-20,70.440002,70.540001,69.720001,69.970001,4758200,69.530835