2015-12-16,18.860001,18.940001,18.50,18.879999,8055900,18.879999
2015-12-15,18.60,18.75,18.51,18.66,8591000,18.66
2015-12-14,18.15,18.540001,18.139999,18.389999,9396100,18.389999
2015-12-11,18.190001,18.35,18.00,18.10,8970400,18.10
2015-12-10,18.469999,18.66,18.35,18.440001,8065500,18.440001
2015-12-09,18.58,18.85,18.40,18.48,11206400,18.48
2015-12-08,18.459999,18.77,18.370001,18.73,14705600,18.73
2015-12-07,18.450001,18.60,18.290001,18.57,8677900,18.57
2015-12-04,18.09,18.52,18.059999,18.51,7113200,18.51
2015-12-03,18.41,18.540001,17.99,18.040001,7863600,18.040001
2015-12-02,18.50,18.620001,18.379999,18.41,6003000,18.41
2015-12-01,18.450001,18.540001,18.209999,18.52,9490000,18.52
2015-11-30,18.40,18.469999,18.24,18.280001,6137400,18.280001
2015-11-27,18.40,18.52,18.299999,18.33,2058000,18.33
2015-11-25,18.299999,18.40,18.27,18.379999,5379100,18.379999
2015-11-24,17.98,18.58,17.92,18.32,11863700,18.32
2015-11-23,17.85,18.200001,17.83,18.10,11663700,18.10
2015-11-20,17.780001,17.98,17.690001,17.870001,8357500,17.870001
2015-11-19,17.75,17.82,17.51,17.620001,6045500,17.620001
2015-11-18,17.68,17.82,17.459999,17.77,14926200,17.77
2015-11-17,17.719999,17.82,17.540001,17.58,8339700,17.58
2015-11-16,17.52,17.790001,17.50,17.74,9254900,17.74
2015-11-13,17.719999,17.809999,17.50,17.51,8375200,17.51
2015-11-12,18.110001,18.15,17.74,17.74,8626300,17.74
2015-11-11,18.129999,18.27,17.92,18.01,21238300,18.01
2015-11-10,18.60,18.889999,18.530001,18.799999,7812500,18.799999
2015-11-09,18.67,18.76,18.43,18.59,8181600,18.59
2015-11-06,18.889999,18.969999,18.639999,18.780001,13546800,18.780001
2015-11-05,18.700001,19.059999,18.549999,18.940001,9920500,18.940001
2015-11-04,18.690001,18.75,18.43,18.67,7518800,18.67
2015-11-03,18.76,18.77,18.49,18.67,7958500,18.67
2015-11-02,18.280001,18.92,18.23,18.860001,13118600,18.860001
2015-10-30,18.190001,18.40,18.129999,18.280001,10157300,18.280001
2015-10-29,18.379999,18.41,17.940001,18.18,13897300,18.18
2015-10-28,17.299999,18.41,17.290001,18.40,27839900,18.40
2015-10-27,16.68,16.870001,16.639999,16.82,9835800,16.82
2015-10-26,16.73,16.93,16.610001,16.700001,7441900,16.700001
2015-10-23,16.49,16.860001,16.49,16.73,8740300,16.73
2015-10-22,17.209999,17.25,16.27,16.42,16967800,16.42
2015-10-21,17.26,17.299999,16.940001,17.190001,10734700,17.190001
2015-10-20,17.059999,17.24,16.950001,17.190001,8056600,17.190001
2015-10-19,17.07,17.200001,16.879999,17.08,6423800,17.08
2015-10-16,16.959999,17.190001,16.84,17.07,5755300,17.07
2015-10-15,16.68,16.889999,16.540001,16.85,7456700,16.85
2015-10-14,16.74,17.00,16.610001,16.66,7783800,16.66
2015-10-13,16.84,16.93,16.690001,16.73,6035900,16.73
2015-10-12,16.84,16.98,16.620001,16.940001,8284200,16.940001
2015-10-09,16.780001,16.940001,16.67,16.879999,8346800,16.879999
2015-10-08,16.84,16.879999,16.43,16.790001,8714500,16.790001
2015-10-07,16.66,16.85,16.530001,16.82,11441300,16.82
2015-10-06,17.049999,17.129999,16.42,16.57,14237700,16.57
2015-10-05,17.379999,17.48,16.950001,17.07,11321700,17.07
2015-10-02,16.43,16.93,16.25,16.92,12171000,16.92
2015-10-01,16.50,16.709999,16.33,16.690001,9982700,16.690001
2015-09-30,16.190001,16.459999,16.110001,16.41,14058400,16.41
2015-09-29,15.88,16.190001,15.73,16.00,9296600,16.00
2015-09-28,16.370001,16.450001,15.83,15.88,12272500,15.88
2015-09-25,16.950001,17.030001,16.26,16.309999,8928200,16.309999
2015-09-24,16.629999,16.90,16.610001,16.790001,8841000,16.790001
2015-09-23,16.58,16.889999,16.50,16.75,6697800,16.75
2015-09-22,16.559999,16.690001,16.40,16.549999,5103600,16.549999
2015-09-21,16.879999,16.959999,16.549999,16.719999,8365000,16.719999
2015-09-18,16.940001,17.139999,16.73,16.75,11096900,16.75
2015-09-17,17.219999,17.43,17.08,17.200001,8475400,17.200001
2015-09-16,17.059999,17.190001,16.93,17.110001,5215400,17.110001
2015-09-15,16.83,17.18,16.719999,17.08,10293000,17.08
2015-09-14,16.870001,16.940001,16.66,16.73,4588400,16.73
2015-09-11,16.73,17.030001,16.629999,16.889999,5114600,16.889999
2015-09-10,16.60,16.91,16.58,16.780001,7546500,16.780001
2015-09-09,17.120001,17.120001,16.58,16.629999,7073600,16.629999
2015-09-08,16.540001,16.959999,16.450001,16.950001,10884400,16.950001
2015-09-04,16.299999,16.43,16.00,16.24,5427900,16.24
2015-09-03,16.549999,16.780001,16.450001,16.530001,6513900,16.530001
2015-09-02,16.299999,16.51,16.16,16.51,7199000,16.51
2015-09-01,16.35,16.41,15.96,16.09,10265300,16.09
2015-08-31,17.040001,17.129999,16.709999,16.74,5975700,16.74
2015-08-28,16.889999,17.07,16.85,17.07,8056200,17.07
2015-08-27,17.049999,17.15,16.57,16.940001,11911000,16.940001
2015-08-26,16.129999,16.379999,15.68,16.370001,11469000,16.370001
2015-08-25,16.02,16.459999,15.78,15.78,11695700,15.78
2015-08-24,15.38,16.00,14.18,15.85,11303800,15.85
2015-08-21,16.709999,16.75,16.32,16.35,11847300,16.35
2015-08-20,17.27,17.309999,16.860001,16.870001,8041300,16.870001
2015-08-19,17.48,17.57,17.24,17.360001,6310600,17.360001
2015-08-18,17.50,17.629999,17.42,17.559999,6309400,17.559999
2015-08-17,17.32,17.59,17.190001,17.57,5539500,17.57
2015-08-14,17.200001,17.43,17.120001,17.43,7934400,17.43
2015-08-13,17.33,17.559999,17.219999,17.25,5680000,17.25
2015-08-12,17.02,17.309999,16.75,17.309999,9497200,17.309999
2015-08-11,17.25,17.379999,17.07,17.139999,4035200,17.139999
2015-08-10,17.41,17.48,17.23,17.33,5290400,17.33
2015-08-07,17.42,17.450001,17.049999,17.290001,6834300,17.290001
2015-08-06,17.620001,17.75,17.33,17.42,8602600,17.42
2015-08-05,17.200001,17.690001,17.18,17.67,11585100,17.67
2015-08-04,17.190001,17.24,17.049999,17.09,5972500,17.09
2015-08-03,17.379999,17.40,16.99,17.110001,8510000,17.110001
2015-07-31,17.34,17.469999,17.24,17.34,6842400,17.34
2015-07-30,17.26,17.370001,17.139999,17.25,5797700,17.25
2015-07-29,17.52,17.57,17.25,17.32,7823600,17.32
2015-07-28,17.200001,17.51,16.959999,17.51,10517600,17.51
2015-07-27,17.34,17.40,17.040001,17.110001,8747900,17.110001
2015-07-24,17.469999,17.719999,17.309999,17.360001,8270700,17.360001
2015-07-23,17.780001,17.860001,17.25,17.610001,18670600,17.610001
2015-07-22,17.780001,18.110001,17.77,18.02,11203500,18.02
2015-07-21,17.85,17.889999,17.620001,17.76,5299800,17.76
2015-07-20,17.92,17.98,17.84,17.879999,4135900,17.879999