2015-12-16,41.259998,42.209999,40.889999,42.119999,1791300,42.119999
2015-12-15,40.240002,41.200001,40.139999,40.779999,1587700,40.779999
2015-12-14,39.869999,40.130001,39.529999,39.970001,1489400,39.970001
2015-12-11,40.540001,40.580002,39.669998,39.82,1454100,39.82
2015-12-10,41.25,41.650002,40.98,41.119999,1134900,41.119999
2015-12-09,41.110001,42.029999,40.810001,41.27,1465400,41.27
2015-12-08,42.299999,42.299999,41.220001,41.290001,1639900,41.290001
2015-12-07,43.139999,43.139999,42.290001,42.759998,2175400,42.759998
2015-12-04,42.32,43.560001,42.169998,43.299999,1883100,43.299999
2015-12-03,42.900002,43.00,41.970001,42.23,1607300,42.23
2015-12-02,43.419998,43.580002,42.709999,42.779999,2076900,42.779999
2015-12-01,42.810001,43.48,42.279999,43.419998,2506600,43.419998
2015-11-30,43.00,43.049999,42.209999,42.689999,1662700,42.689999
2015-11-27,42.950001,43.200001,42.560001,42.779999,622500,42.779999
2015-11-25,43.07,43.450001,42.880001,42.990002,896500,42.860001
2015-11-24,42.720001,43.27,42.709999,43.080002,2020700,42.949729
2015-11-23,43.119999,43.48,42.880001,43.049999,1579700,42.919817
2015-11-20,42.610001,43.470001,42.610001,43.220001,2404500,43.089305
2015-11-19,42.720001,42.889999,42.119999,42.380001,1840300,42.251845
2015-11-18,41.740002,42.98,41.610001,42.630001,3557500,42.501089
2015-11-17,40.57,41.189999,40.32,40.639999,2007500,40.517105
2015-11-16,39.799999,40.599998,39.709999,40.560001,2463500,40.437349
2015-11-13,40.709999,40.900002,39.740002,39.869999,1982400,39.749433
2015-11-12,41.259998,41.459999,40.830002,40.860001,2235700,40.736441
2015-11-11,42.200001,42.279999,41.43,41.470001,1775600,41.344597
2015-11-10,42.049999,42.48,41.830002,42.049999,1948100,41.922841
2015-11-09,41.57,42.34,41.310001,42.27,2426600,42.142177
2015-11-06,42.049999,42.369999,41.139999,41.689999,2412500,41.563929
2015-11-05,42.330002,42.900002,41.950001,42.299999,1807000,42.172085
2015-11-04,42.919998,43.00,42.07,42.50,2290400,42.371481
2015-11-03,42.73,43.130001,42.310001,42.810001,4459000,42.680545
2015-11-02,42.779999,43.07,42.189999,42.799999,2194700,42.670573
2015-10-30,41.220001,42.98,39.799999,42.82,6035000,42.690513
2015-10-29,46.810001,48.639999,41.490002,41.57,6577200,41.444293
2015-10-28,43.959999,45.790001,43.68,45.529999,3601800,45.392317
2015-10-27,44.139999,44.470001,43.290001,43.68,2369900,43.547913
2015-10-26,43.52,44.84,43.41,44.610001,3272900,44.475101
2015-10-23,42.599998,43.970001,42.41,43.66,3919900,43.527973
2015-10-22,42.34,42.669998,41.919998,42.259998,5330500,42.132205
2015-10-21,43.470001,43.779999,42.799999,42.880001,918000,42.750333
2015-10-20,42.790001,43.779999,42.459999,43.110001,1666100,42.979637
2015-10-19,42.290001,42.91,41.779999,42.790001,2936700,42.660605
2015-10-16,44.049999,44.049999,43.189999,43.639999,1858500,43.508033
2015-10-15,44.220001,44.220001,43.119999,44.02,1138600,43.886885
2015-10-14,43.509998,43.509998,42.630001,43.389999,2461500,43.258789
2015-10-13,44.580002,44.580002,43.470001,43.490002,2190200,43.358489
2015-10-12,45.169998,45.400002,44.549999,44.84,1519000,44.704405
2015-10-09,45.240002,45.849998,45.119999,45.189999,2644800,45.053345
2015-10-08,44.509998,45.080002,44.330002,44.939999,2102400,44.804101
2015-10-07,43.799999,45.049999,43.779999,44.799999,2909600,44.664525
2015-10-06,43.150002,43.66,42.889999,43.50,1828900,43.368457
2015-10-05,42.419998,43.389999,42.419998,43.209999,1685800,43.079333
2015-10-02,40.970001,42.279999,40.959999,42.240002,1929200,42.112269
2015-10-01,41.779999,42.310001,40.75,41.73,2648100,41.603809
2015-09-30,41.200001,42.16,41.00,41.59,3039800,41.464233
2015-09-29,40.00,40.470001,39.41,40.419998,3832300,40.297769
2015-09-28,39.639999,39.98,39.279999,39.82,3970000,39.699585
2015-09-25,39.369999,40.060001,39.139999,40.00,3871300,39.879041
2015-09-24,38.150002,39.07,37.330002,38.889999,4483400,38.772397
2015-09-23,39.369999,39.720001,38.610001,38.98,3855100,38.862125
2015-09-22,41.150002,41.380001,38.950001,39.369999,8470500,39.250945
2015-09-21,41.73,42.810001,40.900002,42.610001,5128900,42.481149
2015-09-18,43.790001,43.84,42.82,42.950001,2654000,42.820121
2015-09-17,44.459999,45.279999,44.23,44.400002,1716000,44.265737
2015-09-16,43.57,44.73,43.48,44.630001,1599000,44.495041
2015-09-15,43.220001,43.639999,43.009998,43.50,1063100,43.368457
2015-09-14,43.169998,43.32,42.77,43.099998,1272500,42.969665
2015-09-11,43.119999,43.259998,42.450001,43.169998,1949900,43.039453
2015-09-10,43.790001,43.91,43.310001,43.740002,2051700,43.607733
2015-09-09,44.50,45.169998,43.849998,43.98,3292100,43.847005
2015-09-08,43.459999,44.00,43.299999,43.93,1941700,43.797157
2015-09-04,42.119999,42.709999,42.080002,42.560001,2462500,42.431301
2015-09-03,42.919998,43.66,42.549999,42.959999,1700400,42.830089
2015-09-02,42.950001,43.310001,42.400002,42.919998,2041900,42.790209
2015-09-01,42.779999,43.200001,42.290001,42.470001,3059900,42.341573
2015-08-31,44.02,44.439999,43.59,43.639999,2386500,43.508033
2015-08-28,43.50,44.330002,43.380001,44.310001,2695500,44.176009
2015-08-27,44.360001,44.950001,43.41,44.220001,3088700,43.956675
2015-08-26,44.389999,44.450001,42.939999,44.060001,2063700,43.797628
2015-08-25,44.98,45.380001,43.119999,43.139999,3544000,42.883104
2015-08-24,41.77,44.669998,41.740002,43.369999,4659700,43.111734
2015-08-21,44.84,45.189999,44.07,44.220001,3721900,43.956675
2015-08-20,45.990002,46.200001,45.279999,45.299999,3230400,45.030241
2015-08-19,47.00,47.689999,46.259998,46.490002,2578000,46.213157
2015-08-18,47.450001,47.650002,46.889999,47.150002,2354300,46.869227
2015-08-17,46.290001,46.790001,46.049999,46.790001,1187800,46.51137
2015-08-14,46.389999,46.549999,46.130001,46.369999,2015600,46.093869
2015-08-13,46.970001,47.040001,46.139999,46.380001,2500100,46.103812
2015-08-12,45.799999,46.970001,45.09,46.779999,3522000,46.501428
2015-08-11,47.48,47.48,46.240002,46.599998,2419700,46.322499
2015-08-10,48.400002,48.700001,47.98,48.389999,2334600,48.101841
2015-08-07,47.84,48.59,47.540001,47.860001,1580300,47.574998
2015-08-06,47.810001,48.310001,47.310001,47.68,3265700,47.39607
2015-08-05,48.790001,49.00,47.619999,47.759998,2662900,47.475591
2015-08-04,48.939999,49.43,48.349998,48.439999,1824900,48.151542
2015-08-03,49.759998,49.84,48.610001,48.98,2029100,48.688328
2015-07-31,49.950001,50.509998,49.209999,49.709999,3452700,49.41398
2015-07-30,47.75,49.98,46.50,49.849998,7329900,49.553146
2015-07-29,51.470001,52.470001,51.43,52.43,2454400,52.117784
2015-07-28,50.630001,51.630001,50.220001,51.400002,1761300,51.093919
2015-07-27,50.459999,50.799999,50.029999,50.380001,1582200,50.079992
2015-07-24,52.48,52.48,50.77,50.860001,1745300,50.557133
2015-07-23,51.779999,52.549999,51.630001,51.709999,2291100,51.40207
2015-07-22,52.099998,52.299999,51.400002,51.549999,1538900,51.243023
2015-07-21,52.060001,52.560001,51.900002,52.299999,1612200,51.988557
2015-07-20,52.32,52.470001,51.599998,52.040001,1935200,51.730107