2015-12-16,53.040001,54.009998,52.299999,53.900002,25923100,53.900002
2015-12-15,51.849998,52.799999,51.849998,52.52,21630200,52.52
2015-12-14,51.139999,51.73,50.50,51.099998,21379900,51.099998
2015-12-11,51.939999,52.209999,50.669998,51.110001,23950600,51.110001
2015-12-10,52.889999,53.240002,52.169998,52.650002,16320900,52.650002
2015-12-09,53.049999,53.810001,52.310001,52.810001,18509700,52.810001
2015-12-08,53.84,54.009998,53.18,53.389999,14759000,53.389999
2015-12-07,54.77,54.880001,53.91,54.400002,14994400,54.400002
2015-12-04,53.66,55.330002,53.52,55.09,21321500,55.09
2015-12-03,54.419998,54.599998,53.349998,53.509998,19545100,53.509998
2015-12-02,54.990002,55.02,54.029999,54.139999,15233500,54.139999
2015-12-01,54.400002,54.91,54.25,54.880001,11850400,54.880001
2015-11-30,54.34,54.459999,53.970001,54.09,13834400,54.09
2015-11-27,54.060001,54.369999,53.720001,54.209999,5483300,54.209999
2015-11-25,54.290001,54.330002,53.759998,54.080002,9859400,54.080002
2015-11-24,53.810001,54.509998,53.709999,54.18,12950900,54.18
2015-11-23,54.669998,54.84,54.150002,54.279999,14547100,54.279999
2015-11-20,55.369999,55.369999,54.549999,54.75,14896000,54.75
2015-11-19,54.880001,55.299999,54.740002,55.060001,11997500,55.060001
2015-11-18,53.849998,55.029999,53.759998,54.98,19100300,54.98
2015-11-17,53.889999,54.220001,53.23,53.490002,14845300,53.490002
2015-11-16,52.959999,53.689999,52.490002,53.689999,14896600,53.689999
2015-11-13,53.169998,53.580002,52.669998,53.169998,16828800,53.169998
2015-11-12,54.52,54.52,53.450001,53.459999,17735000,53.459999
2015-11-11,56.119999,56.139999,54.779999,54.900002,15834000,54.900002
2015-11-10,55.529999,56.169998,55.00,55.799999,17657400,55.799999
2015-11-09,55.919998,56.189999,55.07,55.709999,19921800,55.709999
2015-11-06,55.77,56.459999,55.490002,55.869999,21654400,55.869999
2015-11-05,53.779999,54.400002,53.75,54.150002,13632500,54.150002
2015-11-04,54.369999,54.50,53.66,53.830002,16985200,53.830002
2015-11-03,53.560001,54.389999,53.52,54.16,13518300,54.16
2015-11-02,53.450001,54.049999,53.34,53.830002,11999700,53.830002
2015-10-30,53.75,53.82,52.93,53.169998,18430200,53.169998
2015-10-29,54.50,55.060001,53.619999,53.66,23153900,53.66
2015-10-28,52.860001,54.959999,52.709999,54.73,23403900,54.68
2015-10-27,52.709999,52.91,52.240002,52.610001,13232400,52.561938
2015-10-26,53.23,53.59,52.75,53.110001,14530700,53.061481
2015-10-23,53.00,53.669998,52.950001,53.639999,19927100,53.590996
2015-10-22,52.18,52.869999,52.150002,52.509998,22320500,52.462027
2015-10-21,52.990002,53.16,51.790001,51.810001,15577800,51.76267
2015-10-20,52.860001,53.200001,52.599998,52.84,11195800,52.791728
2015-10-19,52.360001,53.18,52.330002,52.860001,13616200,52.81171
2015-10-16,53.34,53.360001,52.57,52.689999,17529400,52.641863
2015-10-15,51.830002,53.18,51.119999,52.970001,31023100,52.92161
2015-10-14,51.07,51.220001,50.380001,50.720001,22288000,50.673665
2015-10-13,50.849998,51.709999,50.830002,51.209999,13337900,51.163216
2015-10-12,51.360001,51.490002,50.880001,51.279999,11187000,51.233151
2015-10-09,51.82,52.02,50.93,51.380001,14341200,51.333062
2015-10-08,51.09,51.84,50.75,51.650002,16903000,51.602816
2015-10-07,51.48,51.849998,50.889999,51.32,16572000,51.273116
2015-10-06,51.049999,51.50,50.830002,51.060001,12602100,51.013355
2015-10-05,50.400002,51.34,50.34,51.16,14881200,51.113262
2015-10-02,48.509998,49.880001,47.709999,49.880001,27320900,49.834433
2015-10-01,49.419998,50.00,49.220001,49.889999,16291000,49.844422
2015-09-30,49.810001,49.84,48.900002,49.610001,17629000,49.564679
2015-09-29,49.049999,49.450001,48.470001,49.00,16485000,48.955236
2015-09-28,50.630001,50.700001,48.950001,49.029999,21919800,48.985207
2015-09-25,50.169998,50.720001,49.869999,50.549999,22341800,50.503819
2015-09-24,49.66,49.75,48.75,49.130001,32241000,49.085118
2015-09-23,50.400002,50.650002,49.950001,50.119999,13680200,50.074211
2015-09-22,49.950001,50.450001,49.860001,50.380001,19610600,50.333976
2015-09-21,50.82,51.099998,50.360001,50.709999,14936600,50.663672
2015-09-18,50.700001,50.84,50.110001,50.290001,33404600,50.244058
2015-09-17,52.610001,53.00,51.380001,51.650002,24075200,51.602816
2015-09-16,52.259998,52.709999,51.790001,52.59,17369500,52.541956
2015-09-15,51.18,52.290001,51.060001,52.00,17858900,51.952495
2015-09-14,51.080002,51.18,50.68,50.98,11427000,50.933426
2015-09-11,51.009998,51.150002,50.630001,51.099998,12001800,51.053316
2015-09-10,50.560001,51.50,50.290001,51.07,17467000,51.023344
2015-09-09,52.400002,52.619999,50.73,50.880001,16930900,50.833519
2015-09-08,51.400002,51.880001,51.02,51.650002,17160200,51.602816
2015-09-04,51.130001,51.299999,50.119999,50.59,19054500,50.543783
2015-09-03,51.959999,52.709999,51.59,51.790001,15708700,51.742688
2015-09-02,51.810001,52.029999,50.990002,51.75,17515800,51.702723
2015-09-01,52.400002,52.400002,50.290001,50.939999,28621600,50.893462
2015-08-31,53.130001,53.66,52.720001,53.48,20629000,53.431142
2015-08-28,53.09,53.560001,52.82,53.279999,17205400,53.231324
2015-08-27,53.189999,53.619999,52.349998,53.439999,26467300,53.391178
2015-08-26,51.41,52.380001,50.25,52.279999,30721900,52.232238
2015-08-25,52.700001,52.75,49.880001,49.880001,27809200,49.834433
2015-08-24,49.130001,52.529999,47.099998,50.34,37767000,50.294012
2015-08-21,54.400002,55.049999,53.580002,53.599998,33437500,53.551032
2015-08-20,56.029999,56.310001,55.330002,55.330002,28455500,55.279455
2015-08-19,57.18,57.52,56.560001,57.00,17673200,56.947927
2015-08-18,57.669998,57.919998,57.400002,57.549999,11593200,57.497424
2015-08-17,57.16,57.849998,56.990002,57.77,11139200,57.717224
2015-08-14,57.18,57.720001,57.18,57.59,8864000,57.537388
2015-08-13,57.029999,57.599998,56.50,57.330002,15837900,57.277627
2015-08-12,56.939999,57.240002,55.310001,56.91,27428700,56.858009
2015-08-11,58.009998,58.25,57.240002,57.639999,18897600,57.587342
2015-08-10,58.259998,58.84,58.209999,58.740002,10812200,58.686339
2015-08-07,58.18,58.610001,57.439999,57.91,11934000,57.857096
2015-08-06,58.82,58.959999,57.900002,58.099998,14707400,58.046921
2015-08-05,58.939999,59.25,58.599998,58.740002,10631000,58.686339
2015-08-04,58.369999,58.869999,58.290001,58.470001,10984500,58.416585
2015-08-03,58.619999,58.669998,57.950001,58.439999,10508700,58.38661
2015-07-31,58.790001,58.84,58.369999,58.459999,12529300,58.406592
2015-07-30,58.73,59.049999,58.299999,58.880001,11202100,58.826211
2015-07-29,58.560001,59.150002,58.43,58.919998,14460800,58.816214
2015-07-28,58.450001,58.50,57.779999,58.369999,12566700,58.267184
2015-07-27,57.900002,58.330002,57.43,57.959999,20378400,57.857906
2015-07-24,59.700001,59.77,58.330002,58.700001,24760800,58.596604
2015-07-23,60.290001,60.950001,59.73,59.869999,29432300,59.764542
2015-07-22,59.119999,60.529999,59.029999,60.34,30156200,60.233715
2015-07-21,58.799999,59.310001,58.799999,59.099998,21541700,58.995898
2015-07-20,58.959999,59.299999,58.630001,58.849998,16016600,58.746338