2015-12-16,40.119999,41.09,39.939999,40.799999,4158400,40.799999
2015-12-15,39.639999,39.919998,39.279999,39.610001,3366300,39.610001
2015-12-14,39.369999,39.740002,38.970001,39.290001,3838900,39.290001
2015-12-11,39.830002,39.950001,39.07,39.310001,2755300,39.310001
2015-12-10,40.34,40.709999,40.009998,40.32,1604000,40.32
2015-12-09,40.240002,40.860001,39.970001,40.400002,3397700,40.400002
2015-12-08,40.439999,40.59,40.009998,40.560001,2646700,40.560001
2015-12-07,41.130001,41.360001,40.529999,40.77,2180300,40.77
2015-12-04,40.380001,41.169998,40.099998,41.150002,3106700,41.150002
2015-12-03,41.200001,41.459999,39.779999,40.00,4106900,40.00
2015-12-02,40.830002,41.110001,40.560001,40.810001,2156200,40.810001
2015-12-01,41.119999,41.66,40.790001,40.889999,2800400,40.889999
2015-11-30,41.50,41.650002,40.919998,40.93,2981400,40.93
2015-11-27,41.639999,41.779999,41.450001,41.650002,1233100,41.650002
2015-11-25,41.57,41.779999,41.43,41.610001,1576300,41.610001
2015-11-24,41.240002,41.700001,40.91,41.549999,3076600,41.549999
2015-11-23,40.900002,41.700001,40.900002,41.59,2766100,41.59
2015-11-20,41.32,41.610001,40.77,40.849998,2235600,40.849998
2015-11-19,41.139999,41.259998,40.77,41.099998,2954100,41.099998
2015-11-18,39.900002,41.459999,39.889999,40.93,6856600,40.93
2015-11-17,39.889999,39.990002,39.25,39.360001,1909500,39.360001
2015-11-16,38.869999,39.790001,38.68,39.77,2385100,39.77
2015-11-13,39.16,39.369999,38.57,38.84,4048900,38.84
2015-11-12,40.509998,40.580002,39.189999,39.209999,4778900,39.209999
2015-11-11,41.25,41.360001,40.849998,40.889999,1435000,40.889999
2015-11-10,41.27,41.77,41.049999,41.150002,2997300,41.150002
2015-11-09,40.509998,41.439999,40.509998,41.32,4649900,41.32
2015-11-06,41.009998,41.16,40.099998,40.689999,2036000,40.689999
2015-11-05,41.060001,41.369999,40.880001,41.259998,2222100,41.259998
2015-11-04,41.049999,41.279999,40.919998,41.02,2452600,41.02
2015-11-03,40.93,41.130001,40.509998,40.959999,2456300,40.959999
2015-11-02,41.099998,41.73,40.669998,40.91,3187700,40.91
2015-10-30,40.599998,41.09,40.419998,40.549999,1994000,40.549999
2015-10-29,40.290001,40.84,40.200001,40.700001,1527800,40.700001
2015-10-28,40.349998,40.860001,40.040001,40.439999,2989300,40.439999
2015-10-27,41.060001,41.25,40.169998,40.52,2429000,40.27
2015-10-26,41.299999,41.580002,41.110001,41.369999,3923500,41.114754
2015-10-23,42.580002,42.580002,41.16,41.279999,3984900,41.02531
2015-10-22,41.48,42.450001,41.48,42.389999,3657300,42.128462
2015-10-21,41.189999,41.43,40.939999,41.299999,2256500,41.045187
2015-10-20,41.630001,41.700001,41.00,41.07,1743100,40.816606
2015-10-19,41.73,41.830002,41.470001,41.59,2227800,41.333398
2015-10-16,41.509998,41.779999,41.349998,41.689999,3088600,41.43278
2015-10-15,40.98,41.369999,40.849998,41.330002,2696600,41.075004
2015-10-14,41.560001,41.740002,40.630001,40.720001,1890300,40.468767
2015-10-13,41.869999,42.169998,41.490002,41.509998,2457200,41.25389
2015-10-12,41.779999,42.060001,41.450001,42.040001,1663800,41.780623
2015-10-09,41.779999,42.27,41.66,41.759998,2666600,41.502348
2015-10-08,40.93,41.810001,40.630001,41.77,2879300,41.512288
2015-10-07,41.919998,42.049999,40.650002,40.939999,4329000,40.687407
2015-10-06,42.32,42.50,41.549999,41.91,3387800,41.651424
2015-10-05,41.990002,42.529999,41.889999,42.360001,7464600,42.098648
2015-10-02,40.580002,41.869999,40.32,41.830002,3493300,41.571919
2015-10-01,40.48,41.119999,40.259998,40.91,4217300,40.657593
2015-09-30,40.490002,40.75,40.200001,40.509998,3418100,40.26006
2015-09-29,40.52,40.529999,39.630001,40.060001,4653700,39.812839
2015-09-28,41.25,41.41,40.299999,40.419998,3904000,40.170615
2015-09-25,41.369999,42.360001,40.91,41.529999,5279000,41.273767
2015-09-24,39.209999,41.220001,39.209999,41.07,10792500,40.816606
2015-09-23,39.560001,39.82,39.220001,39.50,7850500,39.256293
2015-09-22,41.759998,41.759998,39.040001,39.400002,13023300,39.156912
2015-09-21,42.560001,42.689999,41.98,42.400002,3925200,42.138402
2015-09-18,42.419998,42.889999,42.130001,42.220001,4659000,41.959512
2015-09-17,42.549999,43.259998,42.349998,42.75,1986400,42.486241
2015-09-16,41.950001,42.59,41.759998,42.48,2292700,42.217907
2015-09-15,41.50,41.91,41.290001,41.860001,2753800,41.601733
2015-09-14,41.619999,41.66,41.240002,41.34,2141700,41.084941
2015-09-11,41.049999,41.689999,40.91,41.669998,2080300,41.412903
2015-09-10,41.18,41.580002,40.990002,41.150002,2422500,40.896114
2015-09-09,42.049999,42.169998,41.02,41.130001,2278200,40.876237
2015-09-08,41.889999,41.950001,41.23,41.740002,3305200,41.482474
2015-09-04,41.349998,41.459999,41.02,41.23,2654100,40.975619
2015-09-03,41.16,42.07,41.16,41.720001,6059600,41.462597
2015-09-02,41.299999,41.330002,40.779999,41.099998,4050900,40.84642
2015-09-01,40.98,41.380001,40.599998,40.869999,4030800,40.617839
2015-08-31,41.700001,41.990002,41.439999,41.68,3094400,41.422843
2015-08-28,41.720001,42.119999,41.43,41.73,3720700,41.472534
2015-08-27,42.029999,42.189999,41.220001,41.900002,3446400,41.641487
2015-08-26,41.150002,41.900002,40.610001,41.790001,3635700,41.532165
2015-08-25,42.259998,42.259998,40.32,40.34,4568100,40.091111
2015-08-24,41.299999,41.560001,40.740002,41.490002,5782000,41.234017
2015-08-21,43.740002,43.830002,42.98,42.990002,3506800,42.724762
2015-08-20,44.139999,44.450001,43.849998,43.950001,1534100,43.678838
2015-08-19,44.650002,44.849998,44.34,44.529999,1464500,44.255258
2015-08-18,45.110001,45.25,44.740002,44.84,1435500,44.563346
2015-08-17,45.049999,45.25,44.810001,45.130001,1120200,44.851558
2015-08-14,44.599998,45.349998,44.299999,45.25,2616800,44.970817
2015-08-13,44.720001,44.849998,44.34,44.439999,2045800,44.165813
2015-08-12,44.700001,44.75,44.09,44.689999,1812600,44.41427
2015-08-11,44.740002,45.040001,44.599998,44.970001,2575500,44.692545
2015-08-10,45.349998,45.48,44.900002,44.990002,2946300,44.712423
2015-08-07,44.830002,45.150002,44.48,45.150002,2677400,44.871435
2015-08-06,44.98,45.029999,44.490002,44.970001,2937900,44.692545
2015-08-05,44.259998,45.00,44.200001,44.75,2785200,44.473902
2015-08-04,43.990002,44.419998,43.959999,44.169998,2162300,43.897478
2015-08-03,44.009998,44.189999,43.740002,44.07,2014400,43.798097
2015-07-31,44.439999,44.50,43.959999,44.060001,2175300,43.78816
2015-07-30,43.799999,44.509998,43.759998,44.439999,2106300,44.165813
2015-07-29,43.860001,44.259998,43.860001,44.130001,1705100,43.857728
2015-07-28,43.490002,43.990002,43.290001,43.939999,2344700,43.668898
2015-07-27,43.52,43.650002,43.330002,43.529999,2218800,43.01297
2015-07-24,44.00,44.119999,43.549999,43.669998,1497800,43.151306
2015-07-23,44.009998,44.369999,43.919998,44.00,1711100,43.477388
2015-07-22,44.049999,44.41,43.75,44.16,5801300,43.635488
2015-07-21,44.23,44.41,43.939999,44.02,3010900,43.497151
2015-07-20,44.50,44.50,44.189999,44.290001,2744900,43.763945