2015-12-16,87.470001,88.309998,86.730003,88.220001,1441200,88.220001
2015-12-15,87.010002,88.089996,86.459999,86.68,1974100,86.68
2015-12-14,86.059998,86.57,85.339996,86.519997,1981100,86.519997
2015-12-11,86.139999,86.970001,85.889999,85.900002,2522400,85.900002
2015-12-10,87.660004,88.050003,86.870003,87.139999,1858900,87.139999
2015-12-09,87.959999,88.839996,86.910004,87.510002,1536500,87.510002
2015-12-08,88.089996,88.790001,87.68,88.550003,1377900,88.550003
2015-12-07,88.290001,88.860001,88.080002,88.739998,1758500,88.739998
2015-12-04,86.760002,88.559998,86.730003,88.440002,1589500,88.440002
2015-12-03,87.459999,87.610001,85.639999,86.300003,2408900,86.300003
2015-12-02,88.599998,88.879997,86.870003,87.290001,2035900,87.290001
2015-12-01,87.389999,88.940002,87.260002,88.910004,2345600,88.910004
2015-11-30,87.389999,87.879997,86.800003,86.849998,1868800,86.849998
2015-11-27,87.07,87.699997,86.739998,87.290001,517900,87.290001
2015-11-25,86.989998,87.18,86.559998,86.980003,1458000,86.980003
2015-11-24,86.910004,87.349998,86.599998,86.760002,1481600,86.760002
2015-11-23,87.739998,88.209999,87.059998,87.330002,1129200,87.330002
2015-11-20,87.82,88.07,87.230003,87.589996,2400100,87.589996
2015-11-19,88.589996,88.620003,87.07,87.360001,1630000,87.360001
2015-11-18,87.010002,88.690002,86.730003,88.599998,1834100,88.599998
2015-11-17,86.290001,87.019997,86.190002,86.720001,1554900,86.720001
2015-11-16,85.400002,86.239998,85.18,86.190002,2168300,86.190002
2015-11-13,85.360001,86.00,85.00,85.50,2321300,85.50
2015-11-12,86.959999,86.959999,85.410004,85.489998,1610600,85.489998
2015-11-11,88.139999,88.139999,86.860001,87.220001,1955400,87.220001
2015-11-10,87.669998,88.169998,87.25,88.029999,1564900,88.029999
2015-11-09,88.089996,88.349998,86.730003,87.669998,2044700,87.669998
2015-11-06,88.040001,88.519997,87.199997,88.50,2128700,88.50
2015-11-05,86.75,88.32,86.419998,88.199997,2396600,88.199997
2015-11-04,86.68,86.800003,85.580002,86.580002,2362300,86.580002
2015-11-03,85.790001,86.410004,84.800003,86.370003,2422600,86.370003
2015-11-02,86.260002,86.739998,84.959999,86.150002,4097300,86.150002
2015-10-30,82.970001,83.540001,82.169998,82.199997,2599900,82.199997
2015-10-29,82.800003,83.32,81.800003,83.010002,2369500,83.010002
2015-10-28,82.050003,82.849998,81.290001,82.830002,2028600,82.830002
2015-10-27,80.699997,82.129997,80.349998,82.089996,3167500,82.089996
2015-10-26,79.989998,81.110001,79.339996,80.809998,2147000,80.809998
2015-10-23,78.25,80.540001,78.25,80.139999,2323500,80.139999
2015-10-22,78.349998,78.900002,76.709999,77.75,3137400,77.75
2015-10-21,79.25,79.480003,77.279999,78.029999,3416100,78.029999
2015-10-20,80.120003,80.410004,78.629997,78.730003,1748800,78.730003
2015-10-19,80.040001,80.360001,79.550003,80.199997,1566900,80.199997
2015-10-16,79.220001,80.300003,79.169998,80.129997,2679700,80.129997
2015-10-15,78.790001,79.260002,78.169998,79.139999,2928600,79.139999
2015-10-14,79.949997,80.510002,78.519997,78.610001,1780700,78.610001
2015-10-13,79.910004,81.040001,79.610001,80.080002,2887600,80.080002
2015-10-12,78.589996,80.089996,78.589996,80.080002,1779600,80.080002
2015-10-09,77.790001,78.809998,77.50,78.669998,2615200,78.669998
2015-10-08,77.529999,78.220001,76.940002,77.699997,2467200,77.699997
2015-10-07,78.419998,78.629997,77.269997,77.550003,3044600,77.550003
2015-10-06,79.489998,79.769997,77.379997,78.110001,2085500,78.110001
2015-10-05,79.440002,79.690002,78.339996,79.550003,3372000,79.550003
2015-10-02,76.120003,78.650002,75.519997,78.620003,2742100,78.620003
2015-10-01,77.029999,77.230003,75.82,77.120003,2212700,77.120003
2015-09-30,77.629997,78.160004,76.110001,76.82,2106800,76.82
2015-09-29,76.949997,78.360001,76.25,76.720001,2796200,76.720001
2015-09-28,79.360001,79.669998,76.279999,77.120003,2622700,76.733001
2015-09-25,82.150002,82.150002,79.00,79.510002,1893500,79.111007
2015-09-24,81.529999,81.669998,80.269997,81.43,2125600,81.02137
2015-09-23,81.93,82.620003,81.50,82.040001,1754500,81.62831
2015-09-22,82.18,82.18,80.440002,81.50,2445000,81.091019
2015-09-21,84.25,84.889999,82.809998,83.00,2066000,82.583492
2015-09-18,83.949997,84.43,83.339996,83.629997,2708300,83.210327
2015-09-17,85.510002,85.779999,84.510002,84.769997,2101800,84.344606
2015-09-16,85.120003,85.559998,84.629997,85.360001,2220900,84.931649
2015-09-15,84.480003,85.379997,84.169998,85.080002,1895600,84.653056
2015-09-14,85.089996,85.220001,84.010002,84.309998,1953800,83.886915
2015-09-11,82.790001,85.040001,82.519997,85.010002,3073500,84.583407
2015-09-10,81.169998,83.330002,80.830002,83.010002,2617700,82.593443
2015-09-09,83.07,83.260002,81.019997,81.239998,2378600,80.832321
2015-09-08,81.870003,82.32,81.059998,82.25,2014200,81.837255
2015-09-04,79.980003,80.919998,79.720001,80.550003,2087100,80.145789
2015-09-03,82.050003,82.559998,80.849998,81.150002,1614800,80.742777
2015-09-02,81.230003,81.75,80.550003,81.650002,2093900,81.240268
2015-09-01,80.459999,81.419998,79.68,80.230003,3119400,79.827395
2015-08-31,83.209999,84.190002,82.080002,82.269997,1902600,81.857151
2015-08-28,83.550003,83.57,82.889999,83.389999,2596800,82.971534
2015-08-27,84.150002,85.269997,82.290001,83.690002,4646800,83.270031
2015-08-26,81.230003,83.669998,79.790001,83.550003,4654600,83.130735
2015-08-25,80.800003,81.82,79.339996,79.419998,5448800,79.021455
2015-08-24,76.650002,80.400002,74.760002,78.980003,6632800,78.583668
2015-08-21,81.730003,82.419998,80.559998,80.599998,3033600,80.195534
2015-08-20,84.480003,85.040001,82.190002,82.260002,2544200,81.847207
2015-08-19,84.019997,85.900002,83.760002,85.269997,2473100,84.842097
2015-08-18,84.199997,84.93,84.040001,84.800003,1563300,84.374462
2015-08-17,83.720001,84.449997,82.910004,84.339996,1817400,83.916764
2015-08-14,83.970001,84.470001,83.779999,84.269997,1955600,83.847115
2015-08-13,85.099998,85.239998,84.169998,84.199997,1572000,83.777467
2015-08-12,85.010002,85.199997,83.989998,85.050003,2202900,84.623207
2015-08-11,85.260002,86.07,85.010002,85.889999,1939700,85.458988
2015-08-10,85.660004,86.410004,85.620003,85.730003,1638700,85.299795
2015-08-07,85.00,85.129997,84.010002,85.080002,2125700,84.653056
2015-08-06,86.410004,86.589996,84.620003,84.779999,2038200,84.354558
2015-08-05,86.50,86.550003,85.669998,86.269997,1780600,85.837079
2015-08-04,86.160004,86.639999,85.550003,85.75,2373100,85.319692
2015-08-03,84.559998,86.129997,84.559998,85.82,2602900,85.38934
2015-07-31,83.32,85.199997,83.160004,84.980003,4519600,84.553559
2015-07-30,84.519997,86.470001,80.050003,83.339996,7631800,82.921782
2015-07-29,83.849998,84.43,83.419998,84.349998,3110600,83.926715
2015-07-28,82.389999,83.779999,82.089996,83.68,2187400,83.260079
2015-07-27,82.989998,83.160004,82.129997,82.290001,2744100,81.877055
2015-07-24,84.029999,84.129997,83.040001,83.290001,2232800,82.872037
2015-07-23,86.910004,87.089996,84.040001,84.269997,3063600,83.847115
2015-07-22,86.089996,86.889999,86.080002,86.82,1756900,86.384322
2015-07-21,86.559998,86.93,85.730003,86.190002,1526200,85.757486
2015-07-20,86.720001,87.040001,86.470001,86.580002,1177200,86.145528