2015-12-16,64.370003,64.910004,63.810001,64.199997,1627300,64.199997
2015-12-15,63.950001,64.709999,63.610001,64.599998,2430300,64.599998
2015-12-14,62.689999,63.669998,62.48,63.150002,2398900,63.150002
2015-12-11,63.48,63.84,63.029999,63.07,1700400,63.07
2015-12-10,64.50,65.620003,64.290001,64.290001,1302900,64.290001
2015-12-09,64.720001,66.190002,64.330002,64.720001,1285700,64.720001
2015-12-08,63.59,65.160004,62.990002,64.339996,2158100,64.339996
2015-12-07,64.980003,65.400002,64.470001,65.059998,2137700,65.059998
2015-12-04,65.669998,66.650002,65.279999,66.360001,2702300,66.360001
2015-12-03,67.550003,67.839996,65.940002,66.459999,2956200,66.459999
2015-12-02,68.400002,69.029999,67.120003,67.120003,3145700,67.120003
2015-12-01,68.220001,69.059998,67.860001,68.93,4768900,68.93
2015-11-30,68.470001,68.860001,68.110001,68.290001,2031200,68.290001
2015-11-27,67.550003,68.110001,67.440002,68.040001,766400,68.040001
2015-11-25,68.169998,68.900002,67.379997,68.089996,1293400,68.089996
2015-11-24,68.00,69.150002,67.790001,68.720001,2137600,68.720001
2015-11-23,67.690002,68.129997,67.239998,67.900002,1656400,67.900002
2015-11-20,68.410004,68.589996,67.260002,67.870003,1785300,67.870003
2015-11-19,68.68,69.089996,68.199997,68.370003,1942600,68.370003
2015-11-18,67.440002,69.07,67.440002,69.010002,2229100,69.010002
2015-11-17,68.089996,68.349998,67.120003,67.150002,1213300,67.150002
2015-11-16,66.620003,68.400002,66.400002,68.349998,1126800,68.349998
2015-11-13,66.75,67.339996,66.349998,66.699997,2337900,66.699997
2015-11-12,66.82,67.870003,66.510002,67.00,1171700,67.00
2015-11-11,68.50,68.50,67.029999,67.779999,880500,67.779999
2015-11-10,67.709999,68.559998,67.400002,68.519997,816000,68.519997
2015-11-09,68.50,68.75,67.410004,67.919998,615000,67.919998
2015-11-06,68.010002,68.620003,67.269997,68.620003,2653600,68.620003
2015-11-05,69.25,69.989998,68.379997,68.529999,3152900,68.529999
2015-11-04,70.50,70.779999,69.379997,69.669998,2265600,69.669998
2015-11-03,69.50,71.220001,69.300003,70.68,2532400,70.68
2015-11-02,67.660004,69.349998,67.449997,69.190002,1416400,69.190002
2015-10-30,68.410004,68.580002,67.019997,68.010002,1616100,68.010002
2015-10-29,68.279999,69.110001,67.959999,68.099998,2316500,68.099998
2015-10-28,67.599998,69.07,67.32,68.489998,2230200,68.489998
2015-10-27,66.25,67.339996,65.93,67.029999,2467200,67.029999
2015-10-26,67.970001,68.099998,67.080002,67.239998,1971900,67.239998
2015-10-23,67.730003,68.68,67.190002,68.099998,2222400,68.099998
2015-10-22,66.620003,68.25,66.620003,68.029999,2288900,68.029999
2015-10-21,65.870003,67.18,65.75,66.160004,2687600,66.160004
2015-10-20,65.339996,66.620003,64.93,66.269997,2496000,66.269997
2015-10-19,64.550003,66.199997,64.489998,65.339996,2111700,65.339996
2015-10-16,66.800003,66.800003,64.139999,65.410004,3804400,65.410004
2015-10-15,66.120003,66.910004,65.260002,66.849998,2858900,66.849998
2015-10-14,65.699997,66.25,65.110001,65.970001,1452400,65.970001
2015-10-13,65.279999,66.720001,65.230003,65.75,1462000,65.75
2015-10-12,66.860001,66.959999,65.419998,65.809998,1633800,65.809998
2015-10-09,67.580002,67.610001,66.510002,66.910004,1834500,66.910004
2015-10-08,66.139999,67.25,65.470001,67.080002,1504000,67.080002
2015-10-07,65.970001,67.190002,65.50,66.169998,2687000,66.169998
2015-10-06,64.220001,65.410004,63.650002,65.110001,2523800,65.110001
2015-10-05,63.049999,64.190002,62.970001,63.790001,2094700,63.790001
2015-10-02,59.889999,62.540001,59.490002,62.540001,3584400,62.540001
2015-10-01,62.23,62.810001,60.240002,60.549999,6081900,60.549999
2015-09-30,61.84,61.98,60.400002,61.32,3241400,61.32
2015-09-29,61.880001,62.049999,60.509998,61.41,5644700,61.41
2015-09-28,63.150002,63.169998,61.439999,61.549999,3209500,61.549999
2015-09-25,64.459999,64.50,63.529999,64.080002,2416200,64.080002
2015-09-24,62.900002,64.459999,62.639999,63.759998,2537100,63.759998
2015-09-23,64.139999,64.519997,63.32,63.330002,1789800,63.330002
2015-09-22,63.02,64.349998,62.950001,63.84,1515400,63.84
2015-09-21,64.00,64.559998,63.610001,64.010002,1787400,64.010002
2015-09-18,64.349998,64.879997,63.689999,63.700001,4718600,63.700001
2015-09-17,66.379997,66.839996,65.519997,65.739998,4064000,65.739998
2015-09-16,64.790001,66.599998,64.699997,66.449997,2917600,66.449997
2015-09-15,64.290001,64.660004,63.799999,64.300003,5249600,64.300003
2015-09-14,63.990002,64.290001,63.529999,63.939999,2587800,63.939999
2015-09-11,63.939999,64.50,63.439999,64.470001,4067500,64.470001
2015-09-10,64.93,65.260002,63.82,64.800003,2582200,64.800003
2015-09-09,66.349998,67.120003,64.790001,64.860001,4621700,64.860001
2015-09-08,65.910004,66.089996,65.190002,65.739998,3122400,65.739998
2015-09-04,65.279999,65.739998,64.940002,65.550003,3486300,65.550003
2015-09-03,65.620003,67.059998,65.07,66.610001,4108200,66.610001
2015-09-02,66.120003,66.339996,64.139999,65.300003,4426700,65.300003
2015-09-01,64.970001,66.099998,64.639999,65.25,6626700,65.25
2015-08-31,64.440002,67.059998,64.239998,66.760002,7312300,66.760002
2015-08-28,62.459999,65.559998,62.400002,65.00,7410900,65.00
2015-08-27,61.459999,63.259998,61.080002,63.209999,22808600,63.209999
2015-08-26,61.310001,62.150002,59.220001,59.93,59340000,59.93
2015-08-25,44.619999,45.25,42.419998,42.470001,3681600,42.470001
2015-08-24,40.830002,44.619999,40.50,42.880001,4342700,42.880001
2015-08-21,45.009998,45.66,43.959999,43.990002,2642000,43.990002
2015-08-20,47.540001,47.889999,45.25,45.279999,2708800,45.279999
2015-08-19,48.50,48.77,47.119999,47.41,1864300,47.41
2015-08-18,48.68,49.419998,48.41,48.889999,1715400,48.889999
2015-08-17,49.259998,49.73,48.549999,48.740002,2061400,48.740002
2015-08-14,50.290001,51.240002,49.349998,49.50,2257600,49.50
2015-08-13,51.599998,51.599998,49.959999,50.43,2089000,50.43
2015-08-12,51.119999,52.389999,50.91,52.25,3592000,52.25
2015-08-11,50.32,50.990002,49.799999,50.849998,2352700,50.849998
2015-08-10,49.700001,51.52,49.50,51.43,2495900,51.43
2015-08-07,49.82,50.470001,49.259998,49.48,2544600,49.48
2015-08-06,48.790001,50.389999,48.060001,50.150002,2818900,50.150002
2015-08-05,49.849998,50.59,48.419998,48.93,1787700,48.93
2015-08-04,49.799999,50.470001,49.060001,49.220001,1493200,49.220001
2015-08-03,49.84,50.849998,49.029999,49.16,2087600,49.16
2015-07-31,50.380001,51.41,50.009998,50.459999,2391500,50.459999
2015-07-30,50.950001,51.540001,50.130001,50.669998,2252000,50.669998
2015-07-29,49.459999,51.189999,49.200001,50.990002,2476600,50.990002
2015-07-28,49.700001,49.950001,48.720001,49.759998,4056800,49.759998
2015-07-27,48.75,50.18,48.540001,49.419998,3615600,49.419998
2015-07-24,49.860001,50.48,48.849998,49.59,4867400,49.59
2015-07-23,47.02,50.740002,46.900002,49.720001,5511400,49.720001
2015-07-22,48.91,49.00,46.220001,46.880001,6501300,46.880001
2015-07-21,49.27,50.419998,49.220001,49.32,2226800,49.32
2015-07-20,49.299999,49.599998,48.959999,49.189999,2662300,49.189999