2015-12-16,85.160004,86.230003,85.00,85.970001,2681300,85.970001
2015-12-15,85.779999,86.160004,85.389999,85.800003,2489500,84.915002
2015-12-14,84.800003,85.940002,84.50,85.199997,3679700,84.321184
2015-12-11,84.470001,85.160004,84.160004,84.82,2750100,83.945107
2015-12-10,85.32,85.849998,85.010002,85.419998,2168000,84.538916
2015-12-09,85.480003,86.639999,85.309998,85.400002,2684200,84.519126
2015-12-08,86.110001,86.699997,85.43,85.970001,2344100,85.083246
2015-12-07,85.080002,86.68,84.849998,86.440002,2911300,85.548399
2015-12-04,85.059998,85.800003,84.68,85.110001,2561500,84.232116
2015-12-03,85.699997,86.279999,84.360001,84.760002,2338300,83.885728
2015-12-02,87.07,87.449997,85.669998,85.830002,1432900,84.944691
2015-12-01,86.18,87.330002,86.110001,87.279999,1544000,86.379732
2015-11-30,86.18,86.269997,85.57,85.910004,2258200,85.023867
2015-11-27,86.410004,86.68,85.860001,86.07,741100,85.182213
2015-11-25,86.68,86.959999,86.18,86.349998,864200,85.459324
2015-11-24,87.00,87.169998,86.220001,86.730003,1652400,85.835409
2015-11-23,87.169998,87.779999,86.959999,87.400002,2102600,86.498496
2015-11-20,86.419998,87.349998,86.199997,87.050003,2358100,86.152108
2015-11-19,85.949997,86.169998,85.330002,86.150002,1233300,85.26139
2015-11-18,85.010002,85.940002,84.739998,85.870003,1563500,84.984279
2015-11-17,84.410004,85.599998,84.18,84.849998,1294000,83.974796
2015-11-16,83.660004,84.629997,83.239998,84.580002,1360400,83.707584
2015-11-13,84.32,85.300003,83.580002,83.660004,2216500,82.797076
2015-11-12,84.199997,84.839996,83.93,84.150002,1000700,83.282019
2015-11-11,84.43,85.080002,84.209999,84.629997,933400,83.757064
2015-11-10,83.830002,84.419998,83.580002,84.330002,1345300,83.460163
2015-11-09,84.370003,84.580002,83.540001,83.940002,1502000,83.074186
2015-11-06,86.709999,86.709999,83.970001,84.720001,2269900,83.84614
2015-11-05,85.760002,87.080002,85.169998,86.540001,2107300,85.647367
2015-11-04,87.800003,88.18,87.139999,87.339996,1343600,86.43911
2015-11-03,87.489998,88.00,87.120003,87.639999,1382200,86.736019
2015-11-02,85.57,87.959999,85.480003,87.75,2014500,86.844885
2015-10-30,85.870003,85.949997,85.190002,85.459999,1629400,84.578505
2015-10-29,85.599998,85.919998,85.110001,85.669998,1200500,84.786338
2015-10-28,86.129997,86.300003,84.529999,85.989998,1516800,85.103037
2015-10-27,86.190002,86.330002,85.379997,85.779999,1604400,84.895204
2015-10-26,85.419998,86.50,85.129997,86.370003,2022000,85.479122
2015-10-23,87.25,87.25,84.809998,85.32,3954300,84.439949
2015-10-22,83.760002,86.800003,83.50,86.790001,5345100,85.894788
2015-10-21,83.57,84.260002,83.010002,83.129997,3712900,82.272536
2015-10-20,82.57,83.25,82.459999,83.169998,2620300,82.312124
2015-10-19,81.519997,82.610001,81.110001,82.559998,1173900,81.708416
2015-10-16,81.68,81.75,81.139999,81.660004,1176900,80.817705
2015-10-15,80.82,81.349998,80.620003,81.32,1480700,80.481208
2015-10-14,81.18,81.470001,80.330002,80.480003,1416000,79.649876
2015-10-13,81.129997,81.959999,80.980003,81.139999,1691000,80.303064
2015-10-12,81.07,81.610001,81.040001,81.50,1008500,80.659352
2015-10-09,81.559998,81.620003,80.949997,81.190002,1743300,80.352552
2015-10-08,81.059998,81.760002,80.610001,81.639999,2838000,80.797907
2015-10-07,80.910004,81.330002,80.519997,81.25,1801100,80.41193
2015-10-06,81.32,81.580002,80.489998,80.75,2345200,79.917088
2015-10-05,80.440002,81.449997,80.120003,81.419998,1985500,80.580175
2015-10-02,78.879997,79.970001,78.389999,79.940002,2488700,79.115445
2015-10-01,78.900002,79.669998,78.279999,79.589996,2303900,78.769049
2015-09-30,78.110001,78.93,77.790001,78.870003,2400300,78.056482
2015-09-29,77.779999,78.330002,77.25,77.529999,1965600,76.7303
2015-09-28,78.260002,78.75,77.07,77.57,3599200,76.769888
2015-09-25,77.459999,78.790001,76.940002,78.75,3189000,77.937717
2015-09-24,76.589996,76.839996,75.779999,76.779999,2730400,75.988036
2015-09-23,76.43,76.980003,76.379997,76.830002,1866100,76.037523
2015-09-22,77.019997,77.470001,76.410004,76.580002,1594200,75.790102
2015-09-21,77.769997,78.199997,77.379997,77.650002,1442300,76.849065
2015-09-18,76.650002,78.260002,76.650002,77.410004,2977500,76.611542
2015-09-17,78.370003,79.050003,77.370003,77.989998,2306200,77.185554
2015-09-16,77.550003,78.540001,77.400002,78.349998,2187900,77.541842
2015-09-15,78.93,78.970001,77.75,78.370003,4208500,76.7501
2015-09-14,78.760002,79.18,78.370003,78.709999,1775000,77.083068
2015-09-11,79.110001,79.190002,77.839996,78.629997,3486700,77.00472
2015-09-10,80.50,80.849998,79.040001,79.290001,3225000,77.651082
2015-09-09,83.209999,83.360001,80.669998,80.800003,2042400,79.129872
2015-09-08,82.260002,82.489998,81.669998,82.370003,1498300,80.66742
2015-09-04,81.309998,81.690002,80.699997,81.040001,1843600,79.364909
2015-09-03,82.50,82.800003,81.980003,82.32,2024000,80.61845
2015-09-02,82.25,82.75,81.449997,82.269997,1585400,80.569481
2015-09-01,82.00,82.559998,81.010002,81.459999,2032400,79.776226
2015-08-31,83.559998,84.209999,83.07,83.389999,2433700,81.666333
2015-08-28,83.800003,84.00,83.199997,83.75,2037200,82.018893
2015-08-27,82.25,84.709999,82.07,84.019997,2994800,82.283309
2015-08-26,80.709999,81.849998,79.75,81.639999,3470300,79.952506
2015-08-25,81.330002,81.889999,79.50,79.529999,3750600,77.886119
2015-08-24,80.699997,81.93,78.309998,79.93,4838100,78.277852
2015-08-21,84.389999,84.50,82.620003,82.669998,3142900,80.961215
2015-08-20,85.040001,85.550003,84.279999,84.389999,2206100,82.645663
2015-08-19,85.110001,85.889999,84.669998,85.43,1192900,83.664168
2015-08-18,86.239998,86.440002,85.160004,85.330002,1699500,83.566236
2015-08-17,85.910004,86.50,85.529999,86.339996,1881200,84.555354
2015-08-14,84.669998,86.559998,84.370003,86.07,2348400,84.290938
2015-08-13,84.860001,85.489998,84.650002,84.849998,1856000,83.096154
2015-08-12,83.949997,85.00,83.68,84.949997,2049200,83.194086
2015-08-11,83.260002,84.739998,83.18,84.18,2002100,82.440005
2015-08-10,82.839996,83.639999,82.559998,83.550003,1536700,81.82303
2015-08-07,81.769997,82.489998,81.769997,82.339996,1615100,80.638034
2015-08-06,82.43,82.68,81.889999,82.040001,1777500,80.344239
2015-08-05,82.18,82.889999,82.010002,82.25,1699200,80.549898
2015-08-04,81.970001,82.709999,81.709999,82.00,1292400,80.305065
2015-08-03,82.080002,82.260002,81.449997,81.879997,1295800,80.187543
2015-07-31,81.959999,82.610001,81.449997,81.910004,1351600,80.216929
2015-07-30,81.959999,82.010002,81.050003,81.470001,1882200,79.786021
2015-07-29,82.309998,82.50,81.410004,82.120003,1682500,80.422587
2015-07-28,82.739998,83.00,81.959999,82.260002,1918200,80.559693
2015-07-27,82.559998,82.93,82.190002,82.559998,2202600,80.853488
2015-07-24,83.00,83.230003,82.32,82.43,2819400,80.726177
2015-07-23,81.379997,84.32,81.379997,83.260002,4500200,81.539023
2015-07-22,80.839996,81.339996,80.410004,80.610001,2657400,78.943797
2015-07-21,81.519997,81.809998,80.57,80.790001,2051100,79.120077
2015-07-20,81.169998,82.080002,80.870003,81.989998,1698100,80.29527