2015-12-16,60.709999,61.240002,60.279999,61.16,2198100,61.16
2015-12-15,60.349998,60.830002,59.919998,60.419998,1669100,60.419998
2015-12-14,60.099998,60.599998,59.110001,59.939999,2200100,59.939999
2015-12-11,59.060001,60.290001,59.00,60.00,2989200,60.00
2015-12-10,59.66,60.439999,59.119999,60.110001,1505700,60.110001
2015-12-09,59.650002,60.889999,59.650002,60.00,2365100,60.00
2015-12-08,59.450001,60.540001,59.310001,60.259998,1939200,60.259998
2015-12-07,59.830002,60.119999,59.389999,59.959999,1499900,59.959999
2015-12-04,59.279999,60.310001,58.91,60.130001,2090000,60.130001
2015-12-03,60.299999,60.34,58.990002,59.23,2533700,59.23
2015-12-02,60.580002,61.18,60.200001,60.330002,3751800,60.330002
2015-12-01,59.75,60.209999,59.279999,60.16,3106500,60.16
2015-11-30,59.82,60.110001,59.290001,59.599998,2636200,59.599998
2015-11-27,59.41,59.959999,59.380001,59.610001,856600,59.610001
2015-11-25,59.150002,59.860001,58.950001,59.509998,2153700,59.509998
2015-11-24,58.619999,59.209999,58.619999,59.18,3652900,59.18
2015-11-23,58.700001,59.279999,58.50,58.900002,2185700,58.900002
2015-11-20,58.439999,58.810001,58.09,58.75,3104600,58.75
2015-11-19,58.259998,58.709999,57.889999,57.900002,2543700,57.900002
2015-11-18,57.360001,58.68,57.349998,58.32,2859000,58.32
2015-11-17,57.66,57.939999,57.259998,57.360001,2802400,57.360001
2015-11-16,56.68,57.349998,56.450001,57.27,2790200,57.27
2015-11-13,57.529999,58.07,55.82,56.549999,4348500,56.549999
2015-11-12,58.299999,59.00,57.66,57.700001,2583900,57.700001
2015-11-11,59.66,59.66,58.439999,58.52,3294400,58.52
2015-11-10,59.310001,59.549999,58.57,59.299999,2494600,59.299999
2015-11-09,59.82,60.169998,59.029999,59.380001,2846800,59.380001
2015-11-06,61.16,61.580002,59.529999,60.169998,4328500,60.169998
2015-11-05,61.599998,61.779999,60.93,61.279999,4024400,61.279999
2015-11-04,61.00,62.73,60.509998,61.630001,9102400,61.630001
2015-11-03,65.879997,66.589996,65.309998,66.089996,3131400,66.089996
2015-11-02,66.800003,66.940002,65.68,66.160004,2779600,66.160004
2015-10-30,67.540001,67.599998,66.160004,66.290001,1581700,66.290001
2015-10-29,67.32,68.309998,66.629997,67.32,1839400,67.32
2015-10-28,66.449997,67.519997,65.300003,67.470001,1925500,67.470001
2015-10-27,64.830002,66.870003,64.360001,66.480003,2406700,66.480003
2015-10-26,64.629997,65.050003,64.339996,64.989998,1638500,64.989998
2015-10-23,64.300003,64.830002,63.299999,64.629997,3661400,64.629997
2015-10-22,65.879997,66.099998,61.950001,63.16,3559100,63.16
2015-10-21,66.360001,66.809998,65.410004,65.699997,1431900,65.699997
2015-10-20,65.43,65.720001,65.00,65.690002,1155100,65.690002
2015-10-19,65.07,66.00,64.839996,65.440002,1675900,65.440002
2015-10-16,65.00,65.279999,64.080002,65.25,1371100,65.25
2015-10-15,64.25,64.639999,63.439999,64.50,1916500,64.50
2015-10-14,65.059998,65.709999,64.389999,64.529999,1269700,64.529999
2015-10-13,64.690002,65.879997,64.610001,65.07,2153700,65.07
2015-10-12,63.869999,65.239998,63.82,65.199997,2160500,65.199997
2015-10-09,63.41,64.160004,63.02,64.080002,1404000,64.080002
2015-10-08,62.540001,63.490002,62.389999,63.419998,1231600,63.419998
2015-10-07,61.720001,62.98,61.32,62.869999,1481600,62.869999
2015-10-06,62.279999,62.450001,61.240002,61.48,1567600,61.48
2015-10-05,61.66,62.220001,61.459999,62.119999,1473100,62.119999
2015-10-02,59.32,61.349998,58.540001,61.34,2497700,61.34
2015-10-01,60.169998,60.299999,58.709999,60.150002,2755200,60.150002
2015-09-30,59.990002,61.279999,59.52,59.959999,3379000,59.959999
2015-09-29,58.75,60.68,58.509998,59.48,2945900,59.48
2015-09-28,60.630001,60.75,58.009998,58.150002,3230900,58.150002
2015-09-25,62.619999,62.849998,60.439999,60.709999,2274400,60.709999
2015-09-24,63.150002,63.150002,61.540001,62.330002,3040800,62.330002
2015-09-23,63.279999,64.050003,62.68,63.02,928400,63.02
2015-09-22,62.48,64.00,62.09,62.919998,2275900,62.919998
2015-09-21,63.639999,64.449997,62.849998,63.48,1672500,63.48
2015-09-18,63.990002,64.470001,63.060001,63.240002,2898300,63.240002
2015-09-17,63.639999,65.559998,63.400002,64.519997,2520300,64.519997
2015-09-16,62.50,63.950001,62.419998,63.389999,1785300,63.389999
2015-09-15,61.919998,63.009998,61.709999,62.639999,1731000,62.639999
2015-09-14,62.50,62.50,61.639999,61.75,1460300,61.75
2015-09-11,61.740002,62.639999,61.50,62.52,1567400,62.52
2015-09-10,61.52,62.860001,61.209999,61.810001,2637300,61.810001
2015-09-09,62.959999,63.23,61.290001,61.43,1735500,61.43
2015-09-08,61.59,62.959999,61.450001,62.380001,2486800,62.380001
2015-09-04,60.02,60.509998,59.540001,59.830002,1500400,59.830002
2015-09-03,61.220001,61.610001,60.650002,60.810001,1478700,60.810001
2015-09-02,60.82,61.599998,60.080002,60.959999,1797300,60.959999
2015-09-01,60.790001,61.209999,59.389999,59.869999,2649700,59.869999
2015-08-31,62.860001,63.27,61.669998,61.759998,2180500,61.759998
2015-08-28,61.220001,63.200001,61.119999,63.130001,2615800,63.130001
2015-08-27,62.299999,62.549999,60.73,61.439999,3010500,61.439999
2015-08-26,61.610001,61.860001,59.759998,61.630001,3307400,61.630001
2015-08-25,61.919998,62.369999,60.189999,60.240002,3597300,60.240002
2015-08-24,58.75,62.150002,57.419998,60.630001,5898100,60.630001
2015-08-21,62.77,63.310001,61.700001,61.720001,2946300,61.720001
2015-08-20,64.550003,65.040001,63.110001,63.27,1794500,63.27
2015-08-19,65.599998,65.870003,64.739998,65.00,2769100,65.00
2015-08-18,64.50,65.650002,64.32,65.599998,2497000,65.599998
2015-08-17,64.269997,64.769997,64.00,64.540001,2361100,64.540001
2015-08-14,62.759998,64.290001,62.529999,64.25,3598600,64.25
2015-08-13,63.009998,63.52,62.48,62.889999,2569700,62.889999
2015-08-12,62.029999,63.610001,62.00,63.119999,2919800,63.119999
2015-08-11,62.279999,62.959999,62.119999,62.810001,3337600,62.810001
2015-08-10,63.779999,64.139999,62.610001,63.209999,2971000,63.209999
2015-08-07,65.260002,65.330002,63.34,63.59,3763800,63.59
2015-08-06,67.419998,67.550003,65.230003,65.300003,4588400,65.300003
2015-08-05,66.00,67.589996,63.25,67.300003,11450900,67.300003
2015-08-04,70.650002,71.279999,70.019997,70.32,1943700,70.32
2015-08-03,71.910004,72.059998,69.949997,70.900002,2290100,70.900002
2015-07-31,72.389999,72.730003,71.419998,71.720001,2021300,71.720001
2015-07-30,72.690002,72.699997,71.50,71.959999,3574400,71.959999
2015-07-29,68.279999,75.00,68.00,73.400002,5535900,73.400002
2015-07-28,68.00,68.610001,67.699997,68.489998,1371600,68.489998
2015-07-27,68.120003,68.120003,67.260002,67.660004,1932200,67.660004
2015-07-24,70.309998,70.419998,67.949997,68.120003,2338600,68.120003
2015-07-23,72.029999,72.129997,69.800003,70.00,2303900,70.00
2015-07-22,71.580002,72.25,71.550003,72.050003,992600,72.050003
2015-07-21,73.209999,73.519997,71.209999,71.540001,1047200,71.540001
2015-07-20,71.419998,72.629997,71.129997,71.949997,1664700,71.949997