2015-12-16,63.529999,64.470001,63.50,64.269997,2119200,64.269997
2015-12-15,61.900002,63.209999,61.209999,62.610001,2620300,62.610001
2015-12-14,62.00,62.18,61.150002,61.68,2358400,61.68
2015-12-11,60.919998,62.110001,60.610001,62.00,2766000,62.00
2015-12-10,60.639999,61.66,60.23,61.509998,2172000,61.509998
2015-12-09,60.639999,61.77,60.119999,60.549999,1811900,60.119998
2015-12-08,61.560001,61.869999,59.709999,60.509998,3412300,60.080281
2015-12-07,62.509998,63.049999,61.709999,62.080002,1868100,61.639135
2015-12-04,62.09,63.189999,62.09,62.799999,2946400,62.354019
2015-12-03,63.349998,64.209999,61.889999,62.220001,4134700,61.77814
2015-12-02,64.870003,65.309998,62.82,63.580002,6043100,63.128482
2015-12-01,67.739998,68.459999,67.209999,67.949997,828500,67.467444
2015-11-30,68.839996,69.449997,67.379997,67.43,1100800,66.95114
2015-11-27,68.660004,69.32,68.660004,68.860001,348300,68.370985
2015-11-25,68.43,68.839996,68.209999,68.610001,700800,68.12276
2015-11-24,68.120003,69.720001,67.669998,68.220001,844200,67.73553
2015-11-23,68.790001,69.059998,68.169998,68.25,977800,67.765316
2015-11-20,68.580002,69.550003,68.029999,68.529999,727800,68.043326
2015-11-19,68.190002,69.029999,67.919998,68.309998,825600,67.824888
2015-11-18,67.839996,68.389999,67.540001,68.279999,835300,67.795102
2015-11-17,67.339996,68.760002,66.599998,67.830002,830500,67.348301
2015-11-16,67.18,67.650002,66.669998,67.410004,770400,66.931285
2015-11-13,67.379997,67.830002,66.690002,67.019997,707900,66.544048
2015-11-12,68.25,69.050003,67.43,67.480003,791100,67.000788
2015-11-11,68.93,69.25,68.339996,68.75,560100,68.261765
2015-11-10,67.629997,69.089996,67.629997,68.75,927700,68.261765
2015-11-09,68.349998,68.57,67.190002,67.82,972900,67.338369
2015-11-06,68.550003,68.730003,67.620003,68.720001,1028900,68.23198
2015-11-05,68.769997,68.910004,67.730003,68.300003,1215000,67.814964
2015-11-04,69.970001,70.260002,68.300003,68.709999,1281200,68.222048
2015-11-03,70.160004,70.379997,69.75,70.139999,705500,69.641893
2015-11-02,69.379997,70.330002,69.379997,70.239998,978600,69.741182
2015-10-30,69.309998,69.790001,68.919998,69.379997,1333100,68.887289
2015-10-29,67.900002,69.489998,67.669998,69.379997,1882200,68.887289
2015-10-28,70.720001,70.970001,66.540001,67.989998,3932300,67.50716
2015-10-27,71.57,72.910004,69.809998,69.989998,3199400,69.492957
2015-10-26,73.080002,73.339996,72.080002,72.50,1176500,71.985134
2015-10-23,73.239998,73.269997,72.370003,72.790001,1229500,72.273076
2015-10-22,72.349998,73.220001,72.309998,72.720001,1563200,72.203573
2015-10-21,72.480003,72.970001,71.779999,71.860001,1093900,71.34968
2015-10-20,71.690002,72.610001,71.690002,72.129997,861600,71.617759
2015-10-19,71.489998,72.309998,71.230003,71.900002,827000,71.389397
2015-10-16,71.269997,72.620003,71.269997,71.75,817600,71.240461
2015-10-15,71.25,72.519997,70.370003,72.300003,1097600,71.786558
2015-10-14,71.610001,72.010002,70.650002,70.959999,1340800,70.45607
2015-10-13,71.849998,72.199997,71.290001,71.349998,1012300,70.8433
2015-10-12,72.080002,72.290001,71.410004,72.00,895300,71.488685
2015-10-09,71.120003,72.389999,70.849998,71.709999,1979100,71.200744
2015-10-08,70.040001,71.059998,69.419998,70.889999,1709600,70.386567
2015-10-07,70.25,71.019997,69.800003,70.18,2007600,69.68161
2015-10-06,70.279999,70.290001,69.330002,70.239998,1225200,69.741182
2015-10-05,69.18,70.379997,68.949997,70.040001,1397600,69.542605
2015-10-02,66.809998,68.830002,66.540001,68.809998,1565100,68.321337
2015-10-01,68.160004,68.230003,66.889999,67.709999,1674800,67.22915
2015-09-30,67.580002,68.360001,67.410004,67.779999,2064200,67.298653
2015-09-29,67.709999,68.239998,67.620003,68.150002,2089000,67.666028
2015-09-28,68.730003,69.440002,67.82,67.860001,1758900,67.378086
2015-09-25,67.650002,68.800003,67.190002,68.529999,1410600,68.043326
2015-09-24,67.239998,67.940002,66.459999,67.529999,2097400,67.050428
2015-09-23,66.82,67.57,66.529999,67.400002,1375600,66.921354
2015-09-22,67.559998,67.839996,66.449997,66.860001,1105300,66.385188
2015-09-21,67.809998,68.860001,67.57,68.519997,695700,68.033395
2015-09-18,68.169998,68.339996,67.449997,67.57,2350000,67.090145
2015-09-17,69.839996,69.989998,68.889999,69.029999,1032800,68.539776
2015-09-16,69.459999,69.919998,69.099998,69.790001,988400,69.294381
2015-09-15,68.699997,69.639999,68.470001,69.489998,1074800,68.996508
2015-09-14,69.089996,69.43,68.389999,68.599998,751200,68.112829
2015-09-11,68.790001,69.07,68.209999,68.68,1364000,68.192263
2015-09-10,68.330002,69.480003,68.160004,69.00,1479300,68.50999
2015-09-09,69.510002,69.589996,68.580002,68.830002,1155100,68.341199
2015-09-08,68.760002,69.120003,68.169998,68.940002,1287300,68.450418
2015-09-04,67.419998,68.230003,67.32,67.699997,1207500,67.219219
2015-09-03,68.720001,69.370003,68.080002,68.199997,1390100,67.715668
2015-09-02,67.290001,68.75,66.93,68.739998,3147400,68.251834
2015-09-01,66.080002,67.080002,65.739998,66.00,1640600,65.153994
2015-08-31,66.970001,68.099998,66.589996,67.43,1336300,66.565664
2015-08-28,67.690002,68.050003,66.709999,67.239998,1917900,66.378097
2015-08-27,67.699997,68.00,66.779999,67.82,1545100,66.950664
2015-08-26,65.739998,67.309998,65.529999,67.260002,2447000,66.397845
2015-08-25,65.870003,66.449997,64.089996,64.139999,2282800,63.317835
2015-08-24,65.169998,66.32,64.089996,65.160004,3477600,64.324765
2015-08-21,68.360001,68.860001,67.089996,67.239998,1545800,66.378097
2015-08-20,70.019997,70.32,69.129997,69.220001,1671000,68.33272
2015-08-19,70.059998,71.150002,69.220001,70.830002,1780600,69.922083
2015-08-18,69.720001,70.370003,69.480003,69.75,1152000,68.855925
2015-08-17,69.209999,69.720001,68.540001,69.690002,976700,68.796697
2015-08-14,68.849998,69.470001,68.660004,69.400002,678900,68.510413
2015-08-13,69.029999,69.269997,68.589996,68.709999,812500,67.829255
2015-08-12,69.160004,69.199997,68.419998,69.099998,1670800,68.214256
2015-08-11,69.190002,70.040001,68.870003,69.839996,1065600,68.944768
2015-08-10,69.510002,69.940002,69.220001,69.580002,790200,68.688106
2015-08-07,69.559998,69.559998,68.230003,68.849998,1234600,67.96746
2015-08-06,70.550003,70.580002,69.019997,69.669998,1278000,68.776949
2015-08-05,71.089996,71.50,70.190002,70.309998,1329300,69.408745
2015-08-04,70.809998,71.379997,70.010002,70.419998,2144800,69.517335
2015-08-03,70.139999,70.940002,70.019997,70.720001,1554500,69.813493
2015-07-31,70.32,70.589996,69.650002,70.150002,1432900,69.250799
2015-07-30,69.440002,70.010002,69.00,69.870003,2483100,68.97439
2015-07-29,70.00,71.339996,69.110001,69.849998,3464900,68.954642
2015-07-28,64.800003,66.879997,64.389999,66.730003,2039400,65.87464
2015-07-27,63.860001,64.93,63.860001,64.760002,1286000,63.92989
2015-07-24,64.449997,64.839996,63.98,64.309998,989500,63.485654
2015-07-23,65.00,65.110001,64.300003,64.419998,1104800,63.594245
2015-07-22,65.269997,66.00,65.110001,65.25,1704200,64.413607
2015-07-21,63.759998,65.660004,63.450001,65.389999,2126600,64.551812
2015-07-20,63.040001,63.75,62.939999,63.669998,866100,62.853859