2015-12-16,60.099998,60.689999,58.50,60.650002,871900,60.650002
2015-12-15,59.57,59.919998,59.380001,59.75,885500,59.75
2015-12-14,58.939999,59.470001,58.41,58.98,761800,58.98
2015-12-11,59.369999,59.849998,58.919998,59.139999,495000,58.679999
2015-12-10,60.23,60.330002,59.700001,59.990002,417100,59.523389
2015-12-09,60.779999,61.290001,60.049999,60.220001,606800,59.7516
2015-12-08,60.990002,61.290001,60.790001,61.029999,512000,60.555297
2015-12-07,61.299999,61.560001,61.060001,61.380001,683500,60.902577
2015-12-04,60.32,61.529999,60.32,61.490002,617800,61.011722
2015-12-03,61.220001,61.220001,59.790001,60.040001,809500,59.573
2015-12-02,61.34,61.59,60.849998,60.939999,663800,60.465997
2015-12-01,61.099998,61.48,60.84,61.470001,679400,60.991877
2015-11-30,61.34,61.509998,60.709999,61.110001,985600,60.178257
2015-11-27,61.009998,61.209999,60.610001,61.080002,266100,60.148716
2015-11-25,61.529999,61.560001,60.720001,60.860001,534400,59.932069
2015-11-24,61.07,61.380001,60.68,61.279999,583200,60.345663
2015-11-23,61.060001,61.52,60.93,61.450001,839000,60.513073
2015-11-20,61.02,61.09,60.720001,61.02,914300,60.089629
2015-11-19,60.59,60.779999,60.439999,60.75,592400,59.823746
2015-11-18,60.259998,60.700001,60.07,60.540001,849000,59.616948
2015-11-17,60.279999,60.439999,59.860001,59.990002,571700,59.075335
2015-11-16,59.490002,60.27,59.43,60.27,592100,59.351065
2015-11-13,59.810001,60.169998,59.439999,59.52,442200,58.6125
2015-11-12,60.32,60.759998,59.939999,59.959999,432900,59.04579
2015-11-11,60.93,60.93,60.369999,60.66,468900,59.735118
2015-11-10,60.23,60.580002,60.209999,60.57,607900,59.64649
2015-11-09,60.720001,60.889999,59.98,60.209999,359700,59.291978
2015-11-06,60.610001,61.119999,60.349998,60.860001,590600,59.932069
2015-11-05,60.529999,60.77,60.32,60.580002,465800,59.656339
2015-11-04,60.259998,60.759998,60.119999,60.459999,489600,59.538166
2015-11-03,60.66,60.880001,60.220001,60.349998,701800,59.429843
2015-11-02,60.619999,60.900002,60.439999,60.549999,616600,59.626794
2015-10-30,61.18,61.32,60.209999,60.23,890500,59.311674
2015-10-29,60.77,61.380001,60.50,61.189999,619400,60.257035
2015-10-28,59.34,60.849998,59.049999,60.790001,992200,59.863137
2015-10-27,58.849998,59.34,58.75,59.25,1022300,58.346616
2015-10-26,59.18,59.349998,58.880001,59.169998,511900,58.267834
2015-10-23,59.139999,59.200001,58.66,59.040001,567300,58.139819
2015-10-22,58.18,58.959999,58.09,58.779999,742900,57.883781
2015-10-21,58.00,58.330002,57.810001,57.970001,532700,57.086133
2015-10-20,57.52,57.82,57.43,57.73,373900,56.849791
2015-10-19,56.790001,57.389999,56.669998,57.369999,396600,56.495279
2015-10-16,56.82,56.990002,56.490002,56.889999,457900,56.022598
2015-10-15,56.060001,56.540001,55.619999,56.509998,657800,55.648391
2015-10-14,56.02,56.189999,55.610001,55.720001,639400,54.870439
2015-10-13,56.52,56.700001,55.869999,55.950001,760700,55.096932
2015-10-12,56.150002,56.860001,56.110001,56.68,444200,55.815801
2015-10-09,56.279999,56.459999,55.970001,56.169998,473200,55.313575
2015-10-08,55.259998,56.23,55.150002,56.220001,519000,55.362816
2015-10-07,54.98,55.34,54.68,55.25,537500,54.407604
2015-10-06,54.860001,55.009998,54.57,54.630001,539900,53.797058
2015-10-05,54.59,55.080002,54.560001,55.049999,681900,54.210653
2015-10-02,52.799999,54.080002,52.630001,54.060001,800200,53.235749
2015-10-01,53.900002,53.950001,52.779999,53.549999,750200,52.733523
2015-09-30,53.650002,53.889999,53.310001,53.799999,776300,52.979711
2015-09-29,52.98,53.34,52.639999,53.27,516400,52.457793
2015-09-28,53.299999,53.369999,52.709999,52.889999,576900,52.083586
2015-09-25,53.650002,53.950001,53.169998,53.459999,555200,52.644895
2015-09-24,52.639999,53.330002,52.639999,53.23,569600,52.418402
2015-09-23,52.900002,53.299999,52.810001,53.07,444800,52.260842
2015-09-22,52.82,53.32,52.599998,52.889999,636300,52.083586
2015-09-21,53.099998,53.669998,52.889999,53.419998,653900,52.605504
2015-09-18,53.00,53.540001,52.700001,52.810001,1487700,52.004808
2015-09-17,53.93,54.48,53.619999,53.720001,881900,52.900933
2015-09-16,53.48,53.860001,53.240002,53.799999,689700,52.979711
2015-09-15,53.029999,53.650002,52.799999,53.50,613700,52.684286
2015-09-14,52.970001,53.02,52.619999,52.91,781000,52.103282
2015-09-11,52.799999,53.439999,52.610001,53.43,748100,52.162365
2015-09-10,52.650002,53.459999,52.650002,53.02,596500,51.762093
2015-09-09,53.59,53.740002,52.709999,52.810001,734700,51.557076
2015-09-08,52.869999,53.259998,52.48,53.169998,1301400,51.908532
2015-09-04,52.02,52.279999,51.59,51.91,832900,50.678427
2015-09-03,52.669998,53.040001,52.560001,52.799999,1047300,51.547311
2015-09-02,52.00,52.759998,51.419998,52.310001,1186000,51.068939
2015-09-01,51.209999,51.450001,50.779999,50.959999,1128600,49.750965
2015-08-31,52.34,52.490002,52.060001,52.330002,916200,51.088465
2015-08-28,52.759998,52.93,52.43,52.790001,807500,51.53755
2015-08-27,52.720001,53.299999,52.200001,53.18,1019700,51.918297
2015-08-26,52.189999,53.549999,50.91,52.18,1230900,50.942022
2015-08-25,52.509998,53.290001,50.869999,50.91,1657400,49.702152
2015-08-24,50.630001,53.07,49.720001,51.27,2064600,50.053612
2015-08-21,55.25,55.41,53.84,53.860001,1174100,52.582164
2015-08-20,55.990002,56.16,55.560001,55.57,613100,54.251593
2015-08-19,56.68,56.939999,56.169998,56.419998,554300,55.081425
2015-08-18,56.57,56.93,56.540001,56.889999,535800,55.540276
2015-08-17,56.57,56.790001,56.040001,56.580002,574200,55.237633
2015-08-14,56.330002,56.639999,56.040001,56.639999,470700,55.296207
2015-08-13,56.130001,56.52,55.869999,56.279999,541700,54.944747
2015-08-12,55.73,56.259998,55.290001,56.23,784500,54.895934
2015-08-11,55.43,56.029999,55.099998,55.959999,567100,54.63234
2015-08-10,55.830002,55.970001,55.700001,55.84,541900,54.515188
2015-08-07,55.279999,55.360001,54.970001,55.330002,465200,54.017289
2015-08-06,55.689999,55.689999,55.049999,55.25,425600,53.939185
2015-08-05,56.00,56.00,55.439999,55.549999,438400,54.232067
2015-08-04,55.25,55.639999,55.02,55.43,596300,54.114915
2015-08-03,54.740002,55.369999,54.740002,55.349998,645300,54.036811
2015-07-31,55.50,55.810001,55.130001,55.209999,2113700,53.900133
2015-07-30,54.09,55.400002,53.900002,55.27,961300,53.958711
2015-07-29,53.549999,54.27,53.169998,54.16,1433500,52.875046
2015-07-28,53.220001,53.220001,52.77,53.099998,1013700,51.840193
2015-07-27,53.060001,53.439999,52.77,52.939999,653600,51.683989
2015-07-24,53.369999,53.439999,52.830002,53.060001,1060700,51.801145
2015-07-23,53.669998,53.779999,53.220001,53.32,422400,52.054975
2015-07-22,53.529999,53.900002,53.50,53.720001,303700,52.445486
2015-07-21,53.580002,53.889999,53.310001,53.549999,479800,52.279517
2015-07-20,53.860001,53.970001,53.400002,53.580002,412400,52.308808