2015-12-16,67.00,68.489998,66.989998,68.330002,5095200,68.330002
2015-12-15,66.330002,67.110001,66.230003,66.760002,3681900,66.760002
2015-12-14,65.290001,65.900002,65.00,65.849998,3332600,65.849998
2015-12-11,65.370003,65.779999,65.029999,65.209999,3506400,65.209999
2015-12-10,66.080002,66.660004,65.980003,66.129997,2625900,66.129997
2015-12-09,66.019997,67.099998,65.75,66.080002,3046100,66.080002
2015-12-08,66.050003,66.50,65.879997,66.18,2435300,66.18
2015-12-07,66.389999,66.559998,66.089996,66.339996,3888400,66.339996
2015-12-04,65.970001,66.760002,65.699997,66.339996,4590400,66.339996
2015-12-03,65.699997,65.959999,64.989998,65.580002,4800800,65.580002
2015-12-02,65.82,66.410004,65.580002,65.68,3662200,65.68
2015-12-01,65.769997,66.07,65.32,65.830002,4517700,65.830002
2015-11-30,66.559998,66.769997,65.650002,65.68,3380200,65.68
2015-11-27,66.510002,66.75,66.190002,66.559998,1265500,66.559998
2015-11-25,66.93,67.029999,66.410004,66.43,2996000,66.43
2015-11-24,66.43,67.089996,66.419998,66.82,2242000,66.82
2015-11-23,66.099998,66.940002,66.07,66.889999,2811100,66.889999
2015-11-20,66.75,67.18,66.040001,66.099998,3027900,66.099998
2015-11-19,66.32,66.949997,66.199997,66.379997,2964600,66.379997
2015-11-18,65.32,66.139999,65.120003,66.059998,2921400,66.059998
2015-11-17,65.919998,65.959999,65.139999,65.32,2296600,65.32
2015-11-16,64.599998,65.699997,64.599998,65.57,3187400,65.57
2015-11-13,65.18,65.559998,64.510002,64.559998,3499100,64.559998
2015-11-12,66.150002,66.32,65.239998,65.269997,2811200,65.269997
2015-11-11,66.690002,67.220001,66.440002,66.449997,2622600,66.449997
2015-11-10,65.669998,66.580002,65.580002,66.379997,2813700,66.379997
2015-11-09,65.480003,65.970001,65.279999,65.769997,3623800,65.769997
2015-11-06,67.209999,67.209999,65.400002,65.82,5226700,65.82
2015-11-05,67.510002,67.889999,67.199997,67.599998,2802700,67.599998
2015-11-04,67.93,68.050003,67.00,67.480003,3732800,67.480003
2015-11-03,67.239998,68.110001,66.900002,68.00,3728100,68.00
2015-11-02,66.769997,67.57,66.360001,67.489998,5351700,67.489998
2015-10-30,67.690002,68.07,66.349998,66.349998,7455100,66.349998
2015-10-29,68.620003,69.440002,68.419998,69.230003,3511000,69.230003
2015-10-28,69.00,69.160004,68.120003,68.830002,3364000,68.830002
2015-10-27,68.389999,69.00,68.309998,68.949997,3307500,68.949997
2015-10-26,68.82,69.32,68.660004,68.720001,3933600,68.720001
2015-10-23,68.720001,69.199997,68.349998,68.940002,3956700,68.940002
2015-10-22,67.150002,68.860001,66.669998,68.639999,3660400,68.639999
2015-10-21,66.809998,67.50,66.540001,66.830002,2755100,66.830002
2015-10-20,66.949997,67.239998,66.860001,67.059998,3281900,66.679998
2015-10-19,67.019997,67.43,66.889999,67.25,2384400,66.868924
2015-10-16,66.900002,67.260002,66.709999,67.120003,2373300,66.739664
2015-10-15,66.160004,66.660004,65.959999,66.57,2418300,66.192777
2015-10-14,65.970001,66.110001,65.50,65.75,2326100,65.377424
2015-10-13,65.970001,66.290001,65.779999,65.970001,2200800,65.596179
2015-10-12,66.330002,66.580002,65.989998,66.25,2419400,65.874591
2015-10-09,66.00,66.419998,65.779999,66.339996,3478400,65.964077
2015-10-08,65.18,65.940002,65.019997,65.900002,2587600,65.526576
2015-10-07,65.050003,65.480003,64.800003,65.349998,2278100,64.979689
2015-10-06,65.300003,65.300003,64.730003,64.790001,2941500,64.422865
2015-10-05,64.589996,65.510002,64.339996,65.349998,3690200,64.979689
2015-10-02,63.220001,64.279999,63.060001,64.279999,3504100,63.915753
2015-10-01,63.580002,63.950001,63.209999,63.720001,4253800,63.358928
2015-09-30,63.66,63.990002,63.09,63.459999,3529400,63.1004
2015-09-29,62.16,63.189999,62.099998,63.07,3884500,62.71261
2015-09-28,62.970001,63.279999,62.16,62.16,4581800,61.807767
2015-09-25,62.77,63.689999,62.639999,63.139999,4545600,62.782213
2015-09-24,61.799999,62.419998,61.459999,62.25,3791600,61.897257
2015-09-23,62.040001,62.32,61.75,62.099998,4005600,61.748105
2015-09-22,62.50,62.73,61.740002,62.16,3911000,61.807767
2015-09-21,63.16,63.43,62.93,63.099998,3991200,62.742439
2015-09-18,62.68,63.66,62.650002,62.689999,13468600,62.334762
2015-09-17,63.009998,64.089996,62.98,63.27,4595500,62.911478
2015-09-16,62.599998,63.23,62.50,63.07,2889600,62.71261
2015-09-15,62.07,62.639999,61.369999,62.43,3467400,62.076237
2015-09-14,61.830002,62.139999,61.549999,62.110001,3704100,61.758051
2015-09-11,61.380001,62.110001,61.380001,61.919998,3463100,61.569125
2015-09-10,62.279999,62.48,61.310001,61.93,5223900,61.579071
2015-09-09,64.040001,64.129997,62.259998,62.389999,3645900,62.036463
2015-09-08,62.48,63.66,62.150002,63.43,6568500,63.070571
2015-09-04,61.860001,62.189999,61.389999,61.459999,5100300,61.111733
2015-09-03,62.240002,63.130001,62.240002,62.919998,4046500,62.563459
2015-09-02,62.00,62.220001,61.529999,62.18,3402200,61.827654
2015-09-01,61.619999,62.27,60.91,61.27,4289000,60.922811
2015-08-31,62.880001,63.049999,62.400002,62.810001,3634600,62.454085
2015-08-28,63.009998,63.380001,62.52,63.349998,3486900,62.991022
2015-08-27,62.580002,63.290001,61.939999,63.09,5006900,62.732497
2015-08-26,61.529999,62.400002,60.540001,62.23,5329000,61.87737
2015-08-25,63.240002,63.490002,60.32,60.369999,6483500,60.027909
2015-08-24,61.900002,62.50,50.84,61.950001,9060100,61.598958
2015-08-21,65.82,66.080002,64.860001,64.980003,5799400,64.611791
2015-08-20,66.199997,66.550003,65.959999,65.989998,3715900,65.616062
2015-08-19,67.339996,67.50,66.599998,66.739998,3165400,66.361812
2015-08-18,67.669998,68.019997,67.489998,67.690002,2230700,67.306433
2015-08-17,67.459999,67.800003,67.080002,67.660004,1870500,67.276605
2015-08-14,67.760002,67.940002,67.489998,67.790001,1829600,67.405865
2015-08-13,68.029999,68.18,67.57,67.660004,2225900,67.276605
2015-08-12,67.989998,68.129997,66.970001,68.00,3310600,67.614674
2015-08-11,68.379997,68.559998,68.190002,68.260002,2592600,67.873203
2015-08-10,68.839996,69.080002,68.669998,68.739998,3016200,68.350479
2015-08-07,68.629997,68.699997,68.300003,68.489998,2286500,68.101896
2015-08-06,69.199997,69.300003,68.639999,68.650002,2989000,68.260993
2015-08-05,68.769997,69.230003,68.339996,69.080002,2578900,68.688556
2015-08-04,68.339996,68.709999,68.059998,68.449997,2770500,68.062121
2015-08-03,67.660004,68.470001,67.589996,68.419998,3069700,68.032293
2015-07-31,68.059998,68.290001,67.800003,68.019997,3548000,67.634558
2015-07-30,68.75,68.800003,67.309998,68.019997,5488800,67.634558
2015-07-29,68.25,69.230003,68.129997,68.93,4974900,68.539405
2015-07-28,67.440002,68.470001,67.269997,68.389999,5569600,68.002464
2015-07-27,66.760002,67.309998,66.540001,67.300003,3576300,66.918644
2015-07-24,67.010002,67.150002,66.779999,67.00,2317000,66.620341
2015-07-23,67.00,67.18,66.809998,67.040001,2667900,66.660115
2015-07-22,66.940002,67.18,66.730003,67.00,2825500,66.620341
2015-07-21,67.57,67.639999,66.769997,66.940002,2699400,66.560683
2015-07-20,67.370003,67.959999,67.139999,67.800003,2214900,67.037963