2015-12-11,58.720001,59.560001,57.939999,58.00,3771400,58.00
2015-12-10,58.580002,60.27,58.00,59.689999,3449000,59.689999
2015-12-09,59.290001,59.599998,58.110001,58.610001,3554900,58.610001
2015-12-08,60.130001,60.299999,58.830002,59.599998,3619100,59.599998
2015-12-07,60.619999,60.950001,59.93,60.43,1453700,60.43
2015-12-04,59.669998,61.130001,59.549999,60.82,2094800,60.82
2015-12-03,60.450001,60.869999,59.349998,59.68,2463300,59.68
2015-12-02,61.57,61.82,60.41,60.57,2033500,60.57
2015-12-01,61.459999,61.84,61.310001,61.810001,1706000,61.810001
2015-11-30,61.740002,61.900002,60.970001,61.040001,2757000,61.040001
2015-11-27,61.400002,61.869999,61.110001,61.639999,686500,61.639999
2015-11-25,61.740002,61.860001,61.16,61.450001,1537000,61.450001
2015-11-24,61.82,61.880001,61.209999,61.779999,2708400,61.779999
2015-11-23,62.740002,63.07,61.91,62.189999,1790300,62.189999
2015-11-20,63.119999,63.27,62.630001,63.009998,1808500,63.009998
2015-11-19,62.650002,63.00,62.360001,62.689999,1161300,62.689999
2015-11-18,61.310001,62.700001,61.130001,62.599998,2231500,62.599998
2015-11-17,61.169998,61.560001,60.700001,61.220001,2398300,61.220001
2015-11-16,60.52,61.50,60.279999,61.419998,1853200,61.419998
2015-11-13,61.32,61.77,60.299999,60.330002,2063800,60.330002
2015-11-12,61.439999,62.18,61.220001,61.57,3135900,61.57
2015-11-11,62.07,62.07,61.389999,61.610001,2288700,61.610001
2015-11-10,61.389999,62.130001,61.34,61.720001,2107300,61.720001
2015-11-09,61.639999,61.700001,60.68,61.509998,1865600,61.509998
2015-11-06,61.75,61.959999,60.990002,61.889999,4761500,61.889999
2015-11-05,61.82,62.07,61.18,61.990002,2112300,61.990002
2015-11-04,62.82,63.110001,61.290001,61.599998,3363400,61.599998
2015-11-03,62.849998,62.849998,62.060001,62.73,1977700,62.73
2015-11-02,62.68,63.32,62.580002,62.830002,1888800,62.830002
2015-10-30,63.360001,63.48,62.709999,62.709999,2372200,62.709999
2015-10-29,62.049999,63.389999,61.950001,63.200001,1715800,63.200001
2015-10-28,61.779999,62.73,61.240002,62.16,3189000,62.16
2015-10-27,62.43,62.669998,59.970001,61.66,2991200,61.66
2015-10-26,62.259998,62.599998,61.849998,62.360001,3055000,62.360001
2015-10-23,62.580002,62.580002,62.00,62.349998,2611800,62.349998
2015-10-22,61.610001,62.360001,61.610001,62.07,2645800,62.07
2015-10-21,62.330002,62.509998,61.57,61.57,2250700,61.57
2015-10-20,61.889999,62.360001,61.849998,62.25,1253800,62.25
2015-10-19,61.560001,62.139999,61.560001,62.139999,1975400,62.139999
2015-10-16,61.77,61.990002,61.389999,61.98,1446500,61.98
2015-10-15,61.029999,61.700001,60.720001,61.689999,1748600,61.689999
2015-10-14,60.880001,61.150002,60.549999,60.610001,1710100,60.610001
2015-10-13,60.830002,61.529999,60.59,60.889999,2289100,60.889999
2015-10-12,61.009998,61.610001,60.880001,60.959999,2031400,60.959999
2015-10-09,61.41,61.889999,60.790001,61.139999,2106700,61.139999
2015-10-08,60.110001,61.650002,59.84,61.599998,2660800,61.599998
2015-10-07,59.810001,60.549999,59.610001,60.209999,2923600,60.209999
2015-10-06,59.720001,60.360001,59.209999,59.529999,4212900,59.529999
2015-10-05,59.59,60.189999,59.290001,60.119999,2214800,60.119999
2015-10-02,57.200001,59.189999,56.880001,59.18,4013700,58.929999
2015-10-01,57.57,58.00,57.00,57.720001,3043300,57.476168
2015-09-30,56.00,57.369999,55.959999,57.240002,2972800,56.998196
2015-09-29,55.50,56.150002,55.209999,55.580002,2949500,55.345209
2015-09-28,57.290001,57.290001,55.240002,55.310001,3746200,55.076349
2015-09-25,57.740002,57.889999,56.639999,57.02,3145400,56.779124
2015-09-24,57.43,57.639999,56.48,57.150002,3192700,56.908576
2015-09-23,58.029999,58.16,57.490002,57.799999,1955900,57.555828
2015-09-22,57.389999,58.130001,57.16,58.029999,2857300,57.784856
2015-09-21,57.75,58.540001,57.43,58.279999,6267800,58.0338
2015-09-18,57.950001,58.82,57.110001,57.220001,59574900,56.97828
2015-09-17,57.98,59.50,57.950001,58.799999,5740600,58.551603
2015-09-16,57.650002,58.23,57.209999,57.84,6201000,57.59566
2015-09-15,57.200001,57.77,56.610001,57.59,3111700,57.346716
2015-09-14,57.16,57.360001,56.57,57.02,2421700,56.779124
2015-09-11,57.34,57.529999,56.830002,57.150002,2645900,56.908576
2015-09-10,57.450001,57.77,56.950001,57.330002,4736500,57.087816
2015-09-09,58.59,58.889999,57.369999,57.470001,3848100,57.227224
2015-09-08,57.759998,58.09,57.43,57.959999,4280700,57.715152
2015-09-04,56.470001,57.029999,56.23,56.779999,4825300,56.540136
2015-09-03,57.380001,58.41,57.150002,57.369999,4863500,57.127644
2015-09-02,57.259998,57.389999,56.369999,57.080002,4227500,56.838872
2015-09-01,56.02,57.23,55.799999,56.25,4905900,56.012376
2015-08-31,57.57,57.759998,56.939999,57.240002,4586300,56.998196
2015-08-28,56.950001,57.689999,56.950001,57.619999,4093800,57.376588
2015-08-27,56.369999,57.610001,56.049999,57.369999,5715900,57.127644
2015-08-26,55.779999,56.240002,54.669998,55.720001,8249800,55.484617
2015-08-25,56.150002,56.720001,54.540001,54.540001,5866700,54.309601
2015-08-24,54.18,56.68,51.259998,55.27,7703600,55.036517
2015-08-21,58.599998,58.810001,57.34,57.639999,7351800,57.396504
2015-08-20,59.630001,59.939999,58.619999,59.119999,4635700,58.870251
2015-08-19,60.279999,61.049999,60.200001,60.459999,5100800,60.204591
2015-08-18,60.860001,61.02,60.099998,60.110001,3564000,59.856071
2015-08-17,59.540001,60.889999,59.34,60.790001,4625800,60.533198
2015-08-14,59.73,59.990002,59.00,59.630001,4367600,59.378099
2015-08-13,59.66,60.490002,59.48,60.00,4087300,59.746535
2015-08-12,58.75,59.919998,58.509998,59.779999,4671900,59.527463
2015-08-11,58.98,59.439999,58.57,59.169998,8317900,58.920039
2015-08-10,59.400002,59.810001,59.240002,59.450001,2608200,59.198859
2015-08-07,58.900002,59.549999,58.349998,58.900002,3437800,58.651183
2015-08-06,59.830002,60.130001,57.139999,58.830002,7111800,58.581479
2015-08-05,62.669998,62.849998,59.560001,59.689999,5500400,59.437843
2015-08-04,62.830002,63.25,62.43,62.599998,2259600,62.33555
2015-08-03,62.450001,63.150002,62.450001,63.09,2350100,62.823482
2015-07-31,62.50,62.810001,62.18,62.34,2223000,62.07665
2015-07-30,62.150002,62.470001,61.849998,62.169998,2376900,61.907366
2015-07-29,62.00,62.450001,61.790001,62.299999,2201000,62.036818
2015-07-28,61.220001,62.209999,60.939999,62.150002,2157900,61.887454
2015-07-27,61.919998,62.110001,60.669998,60.93,2968100,60.672606
2015-07-24,62.599998,62.689999,61.799999,62.040001,2708500,61.777918
2015-07-23,64.540001,64.540001,62.040001,62.25,3572000,61.98703
2015-07-22,64.220001,64.699997,63.889999,64.309998,2206300,64.038325
2015-07-21,63.790001,64.07,63.57,63.950001,1881200,63.679849
2015-07-20,63.950001,64.120003,63.720001,63.970001,1952300,63.699765