2015-12-16,58.240002,58.869999,57.82,58.700001,16033700,58.700001
2015-12-15,58.060001,59.139999,57.529999,57.75,17625200,57.75
2015-12-14,57.880001,58.00,56.189999,57.369999,27048400,57.369999
2015-12-11,58.849998,59.580002,57.939999,57.970001,19120900,57.970001
2015-12-10,58.200001,60.27,58.200001,59.669998,13323500,59.669998
2015-12-09,59.220001,59.549999,58.07,58.59,12729900,58.59
2015-12-08,60.200001,60.27,58.779999,59.540001,14131100,59.540001
2015-12-07,60.57,60.950001,59.869999,60.369999,7082200,60.369999
2015-12-04,59.599998,61.080002,59.490002,60.75,12138800,60.75
2015-12-03,60.389999,60.810001,59.32,59.619999,11628600,59.619999
2015-12-02,61.529999,61.740002,60.34,60.48,9271800,60.48
2015-12-01,61.459999,61.779999,61.240002,61.75,7745200,61.75
2015-11-30,61.540001,61.66,60.669998,60.860001,9959000,60.860001
2015-11-27,61.310001,61.82,61.040001,61.59,2835200,61.59
2015-11-25,61.540001,61.790001,61.080002,61.400002,6087200,61.400002
2015-11-24,61.720001,61.939999,61.110001,61.66,8501400,61.66
2015-11-23,62.619999,62.98,61.84,62.130001,6102100,62.130001
2015-11-20,63.119999,63.209999,62.509998,62.900002,9202600,62.900002
2015-11-19,62.509998,62.990002,62.23,62.619999,7847100,62.619999
2015-11-18,61.16,62.630001,61.040001,62.560001,8789800,62.560001
2015-11-17,60.970001,61.48,60.610001,61.130001,8176400,61.130001
2015-11-16,60.450001,61.419998,60.150002,61.349998,7717600,61.349998
2015-11-13,61.299999,61.73,60.18,60.23,7789800,60.23
2015-11-12,61.349998,62.110001,61.099998,61.490002,8913200,61.490002
2015-11-11,61.82,61.82,61.25,61.549999,6051000,61.549999
2015-11-10,61.259998,61.990002,61.16,61.57,8832800,61.57
2015-11-09,61.23,61.50,60.48,61.349998,8531400,61.349998
2015-11-06,61.619999,61.790001,60.830002,61.610001,12774600,61.610001
2015-11-05,61.48,61.91,61.009998,61.810001,9450200,61.810001
2015-11-04,62.50,63.029999,61.150002,61.459999,13981700,61.459999
2015-11-03,62.43,62.740002,61.990002,62.560001,8446700,62.560001
2015-11-02,62.630001,63.259998,62.50,62.740002,7604000,62.740002
2015-10-30,63.110001,63.380001,62.59,62.619999,10863500,62.619999
2015-10-29,62.09,63.290001,61.810001,63.060001,9127400,63.060001
2015-10-28,61.849998,62.580002,61.029999,61.939999,11640400,61.939999
2015-10-27,62.360001,62.50,59.689999,61.540001,15838500,61.540001
2015-10-26,62.029999,62.459999,61.779999,62.18,10662300,62.18
2015-10-23,62.200001,62.200001,61.599998,61.98,10103100,61.98
2015-10-22,61.169998,62.00,61.169998,61.700001,10295200,61.700001
2015-10-21,61.779999,62.00,61.060001,61.110001,8202700,61.110001
2015-10-20,61.189999,61.799999,61.189999,61.549999,6771200,61.549999
2015-10-19,61.16,61.610001,60.93,61.560001,6492000,61.560001
2015-10-16,61.220001,61.369999,60.799999,61.32,6358100,61.32
2015-10-15,60.540001,61.07,60.049999,61.009998,6981500,61.009998
2015-10-14,60.200001,60.459999,59.82,59.939999,9688000,59.939999
2015-10-13,60.139999,60.830002,59.830002,60.16,7881500,60.16
2015-10-12,60.619999,61.07,60.200001,60.27,8765300,60.27
2015-10-09,60.959999,61.23,60.130001,60.490002,9519400,60.490002
2015-10-08,59.400002,61.07,59.060001,60.98,12922200,60.98
2015-10-07,59.330002,60.00,59.029999,59.700001,8237600,59.700001
2015-10-06,59.400002,59.880001,58.240002,58.970001,9679700,58.970001
2015-10-05,59.139999,59.709999,58.880001,59.619999,9668100,59.619999
2015-10-02,56.84,58.759998,56.549999,58.720001,11933400,58.470001
2015-10-01,57.52,57.73,56.529999,57.41,11896900,57.165577
2015-09-30,55.66,56.970001,55.540001,56.880001,12102700,56.637834
2015-09-29,55.16,55.73,54.779999,55.139999,14891900,54.905241
2015-09-28,56.529999,56.540001,54.650002,54.810001,17253100,54.576648
2015-09-25,57.540001,57.540001,56.150002,56.540001,13145200,56.299282
2015-09-24,56.990002,57.27,56.00,56.82,10779500,56.578089
2015-09-23,58.150002,58.23,57.09,57.369999,6826900,57.125746
2015-09-22,57.259998,57.849998,56.759998,57.709999,10173300,57.464299
2015-09-21,57.610001,58.25,57.34,57.889999,13116200,57.643533
2015-09-18,58.00,58.509998,57.130001,57.419998,77266600,57.175533
2015-09-17,58.139999,59.27,57.75,58.459999,17318400,58.211106
2015-09-16,57.23,58.080002,56.970001,57.740002,12192400,57.494174
2015-09-15,56.200001,57.279999,55.880001,57.139999,8619000,56.896726
2015-09-14,56.689999,56.689999,55.790001,56.25,10624600,56.010516
2015-09-11,56.25,56.630001,55.939999,56.41,11329300,56.169834
2015-09-10,56.50,56.939999,56.00,56.540001,11966800,56.299282
2015-09-09,57.919998,58.18,56.549999,56.669998,13921500,56.428726
2015-09-08,56.73,57.16,56.470001,57.110001,11002200,56.866855
2015-09-04,55.43,56.060001,55.200001,55.779999,11858900,55.542515
2015-09-03,56.18,56.880001,56.02,56.209999,12187400,55.970685
2015-09-02,55.970001,56.169998,55.25,55.880001,16974200,55.642092
2015-09-01,55.02,56.150002,54.799999,55.02,16079000,54.785753
2015-08-31,56.73,56.75,55.959999,56.330002,10615700,56.090177
2015-08-28,56.59,56.84,56.18,56.779999,12136500,56.538258
2015-08-27,55.900002,56.860001,55.450001,56.77,15966000,56.528302
2015-08-26,55.169998,55.540001,53.880001,55.400002,16477800,55.164136
2015-08-25,55.849998,55.990002,53.84,53.849998,16600800,53.620732
2015-08-24,53.349998,56.299999,50.00,54.41,26200300,54.178349
2015-08-21,57.830002,58.080002,56.599998,56.779999,23561400,56.538258
2015-08-20,59.07,59.360001,58.060001,58.369999,18795900,58.121489
2015-08-19,59.860001,60.73,59.849998,59.919998,16010000,59.664889
2015-08-18,60.50,60.689999,59.639999,59.689999,10704900,59.435868
2015-08-17,58.759998,60.490002,58.700001,60.41,13428100,60.152804
2015-08-14,59.439999,59.639999,58.459999,58.880001,13906400,58.629319
2015-08-13,59.459999,60.18,59.09,59.639999,13893700,59.386082
2015-08-12,58.59,59.610001,58.169998,59.41,14273400,59.157062
2015-08-11,59.07,59.349998,58.43,58.790001,16530200,58.539702
2015-08-10,59.650002,59.77,59.169998,59.450001,11146300,59.196892
2015-08-07,58.830002,59.599998,58.32,58.82,15912400,58.569574
2015-08-06,59.990002,60.209999,57.169998,58.759998,38191000,58.509828
2015-08-05,62.790001,62.959999,59.619999,59.810001,28590100,59.55536
2015-08-04,62.869999,63.369999,62.560001,62.740002,7744000,62.472886
2015-08-03,62.759998,63.32,62.630001,63.209999,9569600,62.940883
2015-07-31,62.790001,62.990002,62.139999,62.41,9716300,62.144289
2015-07-30,62.400002,62.650002,62.029999,62.360001,9850600,62.094503
2015-07-29,62.200001,62.68,62.00,62.48,8806600,62.213991
2015-07-28,61.509998,62.450001,61.130001,62.41,11867700,62.144289
2015-07-27,62.259998,62.330002,60.849998,61.110001,12034500,60.849825
2015-07-24,62.400002,62.889999,61.970001,62.169998,10294700,61.905309
2015-07-23,64.900002,64.900002,62.240002,62.470001,20984000,62.204035
2015-07-22,64.75,64.989998,64.139999,64.50,11224300,64.225391
2015-07-21,64.120003,64.400002,63.84,64.269997,9479100,63.996367
2015-07-20,64.269997,64.419998,63.990002,64.32,6952700,64.046157