2015-12-16,556.150024,569.280029,554.200012,567.830017,856400,567.830017
2015-12-15,560.130005,564.549988,553.570007,554.859985,914500,554.859985
2015-12-14,566.679993,567.340027,549.76001,558.159973,902600,558.159973
2015-12-11,563.00,572.00,562.419983,565.00,1519600,565.00
2015-12-10,564.00,579.52002,563.309998,575.429993,2626400,575.429993
2015-12-09,546.599976,560.669983,543.23999,548.01001,2105600,548.01001
2015-12-08,532.109985,550.00,521.01001,542.23999,4041400,542.23999
2015-12-07,516.830017,553.320007,515.00,551.75,4239800,551.75
2015-12-04,558.890015,568.76001,537.169983,561.200012,2276600,561.200012
2015-12-03,577.950012,578.650024,558.51001,565.309998,1341100,565.309998
2015-12-02,582.840027,586.580017,571.52002,574.659973,690500,574.659973
2015-12-01,583.280029,589.150024,575.00,580.73999,737600,580.73999
2015-11-30,577.50,584.22998,577.030029,579.549988,622200,579.549988
2015-11-27,584.47998,584.47998,575.780029,576.619995,312800,576.619995
2015-11-25,584.710022,585.799988,570.099976,580.830017,1179600,580.830017
2015-11-24,557.02002,579.280029,553.159973,577.789978,1321400,577.789978
2015-11-23,534.080017,569.030029,532.030029,559.289978,3662600,559.289978
2015-11-20,612.00,614.700012,534.200012,536.190002,5023600,536.190002
2015-11-19,595.409973,614.700012,595.01001,611.51001,1125200,611.51001
2015-11-18,583.890015,594.01001,580.780029,594.00,517800,594.00
2015-11-17,589.98999,595.390015,579.659973,583.580017,580900,583.580017
2015-11-16,591.22998,593.849976,583.070007,588.73999,838100,588.73999
2015-11-13,613.599976,616.25,592.059998,592.890015,1215700,592.890015
2015-11-12,621.840027,624.590027,612.960022,614.679993,592800,614.679993
2015-11-11,631.530029,632.97998,619.349976,621.840027,596100,621.840027
2015-11-10,623.47998,629.650024,617.059998,628.880005,1089800,628.880005
2015-11-09,613.01001,622.00,606.090027,609.289978,754200,609.289978
2015-11-06,609.00,613.48999,594.00,612.400024,1596600,612.400024
2015-11-05,616.72998,619.179993,609.460022,617.22998,834100,617.22998
2015-11-04,625.849976,626.799988,612.099976,614.97998,1216100,614.97998
2015-11-03,627.669983,631.47998,620.00,623.159973,920800,623.159973
2015-11-02,610.00,631.00,608.52002,624.00,2140200,624.00
2015-10-30,648.00,653.27002,640.049988,640.22998,643600,640.22998
2015-10-29,649.419983,654.840027,647.309998,648.200012,381700,648.200012
2015-10-28,656.890015,658.76001,652.48999,654.890015,507200,654.890015
2015-10-27,659.679993,662.97998,651.559998,656.549988,388100,656.549988
2015-10-26,646.640015,668.359985,645.950012,659.690002,672000,659.690002
2015-10-23,657.98999,657.98999,645.130005,649.719971,690800,649.719971
2015-10-22,666.460022,669.109985,650.210022,650.619995,803100,650.619995
2015-10-21,650.609985,666.00,646.799988,665.669983,2007100,665.669983
2015-10-20,717.25,720.50,705.630005,705.630005,2194700,705.630005
2015-10-19,723.429993,725.169983,709.659973,718.640015,714400,718.640015
2015-10-16,728.00,728.23999,720.059998,722.700012,346600,722.700012
2015-10-15,718.559998,724.940002,708.50,723.809998,628600,723.809998
2015-10-14,739.00,742.400024,710.909973,718.559998,961300,718.559998
2015-10-13,747.00,757.00,747.00,750.419983,418200,750.419983
2015-10-12,734.570007,750.50,729.210022,747.820007,433600,747.820007
2015-10-09,734.77002,738.00,726.869995,732.929993,355600,732.929993
2015-10-08,722.00,738.469971,718.900024,734.77002,497400,734.77002
2015-10-07,713.50,720.690002,705.169983,720.159973,386700,720.159973
2015-10-06,727.159973,727.599976,711.659973,713.25,359700,713.25
2015-10-05,726.859985,729.830017,723.52002,728.080017,426500,728.080017
2015-10-02,717.47998,724.450012,709.450012,724.450012,502800,724.450012
2015-10-01,717.599976,724.570007,714.210022,724.429993,315000,724.429993
2015-09-30,714.890015,720.710022,710.00,720.25,355400,720.25
2015-09-29,707.590027,721.159973,701.72998,708.539978,483000,708.539978
2015-09-28,730.52002,734.50,707.50,708.030029,565700,708.030029
2015-09-25,733.830017,741.890015,728.440002,730.280029,420100,730.280029
2015-09-24,729.77002,731.950012,721.609985,731.169983,405600,731.169983
2015-09-23,727.50,733.219971,725.450012,731.570007,213000,731.570007
2015-09-22,724.98999,729.530029,722.00,726.969971,354200,726.969971
2015-09-21,729.299988,737.859985,725.450012,731.190002,325300,731.190002
2015-09-18,728.97998,731.590027,724.119995,729.47998,522000,729.47998
2015-09-17,728.469971,738.98999,726.01001,730.200012,285100,730.200012
2015-09-16,734.75,734.75,725.190002,730.01001,308700,730.01001
2015-09-15,725.809998,733.50,720.700012,732.080017,296000,732.080017
2015-09-14,728.47998,730.50,723.070007,726.799988,267700,726.799988
2015-09-11,721.219971,729.950012,714.02002,729.059998,644000,729.059998
2015-09-10,718.25,725.869995,718.00,723.190002,220300,723.190002
2015-09-09,734.00,736.01001,717.640015,718.830017,340300,718.830017
2015-09-08,731.460022,733.830017,721.880005,732.140015,241100,732.140015
2015-09-04,718.359985,729.909973,718.359985,719.22998,293900,719.22998
2015-09-03,722.50,729.440002,721.909973,724.98999,297400,724.98999
2015-09-02,713.690002,724.00,710.580017,723.869995,374300,723.869995
2015-09-01,697.950012,714.190002,696.099976,706.710022,409000,706.710022
2015-08-31,719.789978,722.099976,707.50,710.01001,464300,710.01001
2015-08-28,725.00,728.169983,717.090027,721.200012,235600,721.200012
2015-08-27,713.119995,730.00,710.23999,727.169983,583800,727.169983
2015-08-26,703.150024,708.23999,691.869995,707.640015,732300,707.640015
2015-08-25,722.26001,722.940002,695.390015,695.390015,696500,695.390015
2015-08-24,695.00,723.450012,685.00,704.25,839500,704.25
2015-08-21,729.47998,731.419983,718.50,720.01001,706700,720.01001
2015-08-20,741.309998,744.77002,734.219971,735.150024,449500,735.150024
2015-08-19,742.200012,750.559998,741.50,745.280029,280200,745.280029
2015-08-18,754.049988,758.27002,745.099976,745.919983,410300,745.919983
2015-08-17,744.190002,754.75,744.190002,754.030029,272300,754.030029
2015-08-14,745.940002,748.700012,741.090027,748.340027,241300,748.340027
2015-08-13,748.099976,749.97998,743.200012,743.599976,223300,743.599976
2015-08-12,741.150024,747.969971,733.960022,745.97998,447000,745.97998
2015-08-11,742.619995,749.880005,737.690002,745.659973,461100,745.659973
2015-08-10,755.669983,755.669983,743.679993,744.23999,434800,744.23999
2015-08-07,751.969971,751.969971,742.01001,749.119995,385200,749.119995
2015-08-06,758.48999,758.48999,746.01001,749.599976,405500,749.599976
2015-08-05,749.390015,758.609985,748.390015,757.77002,533900,757.77002
2015-08-04,741.98999,749.75,740.559998,748.090027,399500,748.090027
2015-08-03,743.469971,744.609985,735.140015,743.039978,453500,743.039978
2015-07-31,745.72998,746.400024,740.140015,742.22998,386200,742.22998
2015-07-30,737.00,745.00,733.52002,744.159973,441400,744.159973
2015-07-29,732.00,739.48999,731.159973,738.419983,594800,738.419983
2015-07-28,735.150024,737.469971,726.51001,730.780029,433900,730.780029
2015-07-27,726.00,733.799988,724.140015,731.440002,712700,731.440002
2015-07-24,725.00,729.099976,724.309998,728.789978,591000,728.789978
2015-07-23,723.50,734.50,721.599976,725.940002,1059000,725.940002
2015-07-22,695.00,729.650024,694.400024,725.820007,3033900,725.820007
2015-07-21,678.00,679.369995,670.070007,673.070007,1681200,673.070007
2015-07-20,665.700012,681.559998,665.00,678.00,972900,678.00