2015-12-16,35.349998,36.25,35.290001,36.23,2092200,36.23
2015-12-15,35.110001,35.490002,35.040001,35.220001,2471300,35.220001
2015-12-14,34.759998,35.220001,34.759998,35.029999,2797100,35.029999
2015-12-11,34.73,35.09,34.509998,34.860001,1691600,34.860001
2015-12-10,35.27,35.310001,34.720001,34.869999,2794800,34.869999
2015-12-09,35.220001,35.619999,35.080002,35.259998,2387900,35.259998
2015-12-08,35.439999,35.599998,35.099998,35.380001,3038200,35.380001
2015-12-07,34.91,35.509998,34.82,35.50,3405600,35.50
2015-12-04,34.369999,35.049999,34.240002,34.98,1858700,34.98
2015-12-03,34.66,34.66,34.18,34.240002,2891900,34.240002
2015-12-02,35.27,35.389999,34.75,34.790001,3153600,34.790001
2015-12-01,35.130001,35.400002,34.959999,35.389999,2004000,35.389999
2015-11-30,35.200001,35.389999,34.959999,35.02,1716400,35.02
2015-11-27,34.869999,35.279999,34.869999,35.169998,762100,35.169998
2015-11-25,35.07,35.07,34.619999,34.810001,1731000,34.810001
2015-11-24,35.110001,35.310001,34.700001,35.02,1846400,35.02
2015-11-23,35.669998,35.830002,35.119999,35.27,1773100,35.27
2015-11-20,35.59,35.919998,35.509998,35.639999,1770600,35.639999
2015-11-19,35.41,35.700001,35.240002,35.439999,1909600,35.439999
2015-11-18,34.970001,35.41,34.630001,35.34,2244700,35.34
2015-11-17,35.41,35.740002,34.849998,35.009998,2634800,35.009998
2015-11-16,34.709999,35.580002,34.549999,35.560001,2881100,35.560001
2015-11-13,34.849998,35.150002,34.490002,34.619999,1595600,34.619999
2015-11-12,35.27,35.639999,34.68,34.82,1641800,34.82
2015-11-11,35.060001,35.52,35.00,35.34,2318400,35.34
2015-11-10,34.439999,35.099998,34.400002,34.990002,2872100,34.990002
2015-11-09,34.02,34.450001,33.84,34.400002,3397000,34.400002
2015-11-06,35.25,35.779999,33.91,34.240002,4857600,34.240002
2015-11-05,35.77,36.110001,35.700001,35.830002,3215400,35.830002
2015-11-04,36.009998,36.189999,35.619999,35.799999,3228600,35.799999
2015-11-03,35.810001,36.27,35.540001,36.240002,2839700,35.950001
2015-11-02,36.060001,36.220001,35.75,35.950001,2102500,35.662321
2015-10-30,35.869999,36.27,35.650002,36.07,2142600,35.78136
2015-10-29,35.560001,36.220001,35.130001,35.75,4018700,35.463921
2015-10-28,36.560001,36.689999,35.830002,36.25,2369600,35.959919
2015-10-27,36.73,36.889999,36.32,36.529999,2097100,36.237678
2015-10-26,36.580002,36.82,36.220001,36.82,1943600,36.525358
2015-10-23,37.080002,37.130001,36.529999,36.740002,2085900,36.446
2015-10-22,36.77,37.299999,36.68,37.169998,1308100,36.872556
2015-10-21,36.900002,37.16,36.66,36.669998,1745000,36.376557
2015-10-20,36.529999,36.889999,36.439999,36.790001,1588200,36.495599
2015-10-19,36.310001,36.630001,36.169998,36.59,2258300,36.297199
2015-10-16,36.369999,36.68,36.27,36.389999,1926200,36.098799
2015-10-15,35.700001,36.299999,35.639999,36.240002,1412100,35.950001
2015-10-14,35.849998,35.990002,35.580002,35.599998,1704200,35.315119
2015-10-13,35.779999,35.990002,35.560001,35.75,3053100,35.463921
2015-10-12,35.580002,36.119999,35.580002,35.889999,1549500,35.6028
2015-10-09,35.889999,35.939999,35.360001,35.619999,2110100,35.33496
2015-10-08,35.34,35.98,35.16,35.91,1519000,35.62264
2015-10-07,35.73,35.810001,35.189999,35.400002,2830600,35.116723
2015-10-06,35.560001,35.709999,35.189999,35.669998,3305200,35.384559
2015-10-05,35.740002,35.849998,35.240002,35.740002,2684500,35.454002
2015-10-02,35.139999,35.610001,34.849998,35.610001,2724100,35.325041
2015-10-01,35.389999,35.450001,34.529999,34.93,3029200,34.650483
2015-09-30,34.68,35.349998,34.509998,35.32,2784000,35.037361
2015-09-29,34.529999,34.669998,34.279999,34.50,1666400,34.223923
2015-09-28,34.400002,34.779999,34.380001,34.490002,1821600,34.214005
2015-09-25,34.310001,34.98,34.060001,34.580002,1920200,34.303285
2015-09-24,33.630001,34.240002,33.330002,34.220001,2187300,33.946165
2015-09-23,33.639999,33.860001,33.450001,33.759998,2020600,33.489843
2015-09-22,33.689999,33.93,33.389999,33.57,2756300,33.301365
2015-09-21,33.790001,33.959999,33.639999,33.860001,1910300,33.589045
2015-09-18,33.529999,34.169998,33.490002,33.68,3124600,33.410485
2015-09-17,33.240002,34.279999,33.169998,33.790001,3231300,33.519606
2015-09-16,32.950001,33.310001,32.830002,33.23,1354200,32.964086
2015-09-15,32.779999,32.98,32.389999,32.900002,1436900,32.636728
2015-09-14,32.759998,33.009998,32.619999,32.68,1846000,32.418488
2015-09-11,32.110001,32.689999,32.09,32.669998,1956900,32.408566
2015-09-10,32.200001,32.66,32.150002,32.25,2106600,31.991928
2015-09-09,32.68,32.790001,32.18,32.23,2957400,31.972088
2015-09-08,32.330002,32.650002,32.150002,32.639999,2256000,32.378807
2015-09-04,32.080002,32.43,31.99,32.220001,2992800,31.96217
2015-09-03,32.32,32.57,32.169998,32.490002,2166200,32.230009
2015-09-02,32.419998,32.419998,31.860001,32.240002,2358000,31.98201
2015-09-01,32.32,32.48,31.940001,32.099998,3714800,31.843127
2015-08-31,33.310001,33.380001,32.52,32.779999,2836400,32.517686
2015-08-28,33.799999,33.93,33.049999,33.470001,2198800,33.202167
2015-08-27,33.330002,33.779999,33.150002,33.759998,2984900,33.489843
2015-08-26,32.98,33.299999,32.419998,33.18,3770400,32.914487
2015-08-25,34.580002,34.77,32.700001,32.73,4473500,32.468087
2015-08-24,34.790001,34.959999,34.00,34.169998,6894100,33.896562
2015-08-21,35.439999,35.799999,35.310001,35.560001,5222600,35.275442
2015-08-20,35.57,35.950001,35.369999,35.650002,2576000,35.364722
2015-08-19,35.57,35.970001,35.360001,35.82,2426400,35.53336
2015-08-18,35.490002,35.759998,35.450001,35.73,3400900,35.44408
2015-08-17,35.369999,35.84,35.18,35.580002,2270100,35.295283
2015-08-14,35.16,35.310001,34.919998,35.299999,1977100,35.017521
2015-08-13,35.02,35.330002,34.700001,35.189999,1500300,34.9084
2015-08-12,34.57,35.240002,34.43,35.169998,2364300,34.88856
2015-08-11,34.139999,34.84,34.049999,34.709999,2480000,34.432242
2015-08-10,34.169998,34.43,34.150002,34.23,2015500,33.956084
2015-08-07,33.91,34.50,33.740002,34.209999,2879700,33.936243
2015-08-06,33.68,34.02,33.509998,33.990002,2242600,33.718006
2015-08-05,33.889999,33.970001,33.560001,33.709999,1909600,33.440244
2015-08-04,34.25,34.279999,33.900002,33.93,1809500,33.370807
2015-08-03,34.34,34.610001,34.139999,34.34,2244800,33.774049
2015-07-31,34.27,34.610001,34.220001,34.259998,2393100,33.695366
2015-07-30,33.549999,34.080002,33.450001,33.919998,2123100,33.360969
2015-07-29,33.400002,33.669998,33.18,33.66,2664600,33.105256
2015-07-28,33.68,33.68,33.130001,33.529999,2673800,32.977397
2015-07-27,33.040001,33.50,32.990002,33.279999,2673600,32.731518
2015-07-24,32.709999,33.189999,32.630001,32.970001,2693300,32.426629
2015-07-23,32.990002,33.07,32.400002,32.700001,3168500,32.161078
2015-07-22,33.060001,33.32,32.939999,33.110001,2268000,32.564321
2015-07-21,33.32,33.369999,32.790001,33.060001,3664300,32.515146
2015-07-20,33.599998,33.610001,33.25,33.360001,3812400,32.810201