2015-12-16,76.190002,76.550003,74.400002,76.360001,4172300,76.360001
2015-12-15,74.269997,75.519997,74.080002,75.370003,3039200,75.370003
2015-12-14,73.809998,74.68,72.489998,73.309998,3433500,73.309998
2015-12-11,74.290001,74.550003,73.300003,73.68,2903500,73.68
2015-12-10,75.389999,76.449997,75.18,75.610001,2428700,75.610001
2015-12-09,76.370003,77.239998,74.879997,75.419998,3265500,75.419998
2015-12-08,77.449997,77.730003,76.540001,76.860001,2628700,76.860001
2015-12-07,78.730003,79.059998,77.82,78.330002,2255800,78.330002
2015-12-04,77.910004,79.559998,77.400002,79.370003,2664000,79.370003
2015-12-03,79.099998,79.099998,77.050003,77.330002,3014100,77.330002
2015-12-02,79.610001,79.959999,78.650002,78.769997,2566200,78.769997
2015-12-01,79.040001,79.860001,78.760002,79.82,2204900,79.82
2015-11-30,79.080002,79.50,78.370003,78.510002,2894400,78.510002
2015-11-27,78.980003,79.25,78.269997,79.00,907800,79.00
2015-11-25,78.849998,79.160004,78.400002,79.040001,1774900,79.040001
2015-11-24,78.099998,79.019997,77.610001,78.629997,2570300,78.629997
2015-11-23,79.550003,79.550003,78.790001,78.82,1969900,78.82
2015-11-20,80.07,80.169998,78.879997,79.459999,3013600,79.459999
2015-11-19,78.529999,79.980003,78.529999,79.580002,3751800,79.580002
2015-11-18,76.949997,78.309998,76.599998,78.290001,3698500,78.290001
2015-11-17,77.800003,77.849998,76.32,76.370003,3353500,76.370003
2015-11-16,76.949997,77.900002,76.68,77.900002,2654000,77.900002
2015-11-13,77.139999,77.860001,76.709999,76.970001,2817700,76.970001
2015-11-12,78.330002,78.330002,77.190002,77.379997,3473100,77.379997
2015-11-11,79.760002,79.93,78.690002,78.870003,2420500,78.870003
2015-11-10,80.279999,80.769997,79.370003,79.379997,2801000,79.379997
2015-11-09,81.339996,81.589996,80.110001,80.449997,2590200,80.449997
2015-11-06,81.230003,81.620003,80.400002,81.419998,3579200,81.419998
2015-11-05,80.82,80.82,79.540001,79.550003,3377200,79.550003
2015-11-04,80.830002,81.190002,80.389999,80.550003,2290700,80.150004
2015-11-03,79.760002,81.370003,79.75,80.879997,1950900,80.47836
2015-11-02,79.370003,80.50,79.220001,80.220001,2281600,79.821641
2015-10-30,80.550003,80.730003,78.82,78.900002,2707000,78.508197
2015-10-29,80.879997,81.410004,79.93,80.199997,2011900,79.801736
2015-10-28,79.339996,81.190002,79.199997,81.139999,2264200,80.737071
2015-10-27,79.080002,79.589996,78.940002,79.330002,1954300,78.936062
2015-10-26,80.510002,80.93,79.470001,79.650002,3081900,79.254472
2015-10-23,77.360001,81.410004,77.18,81.120003,6560700,80.717174
2015-10-22,73.779999,76.379997,73.779999,74.940002,4234100,74.567862
2015-10-21,75.010002,75.300003,73.610001,73.68,3235800,73.314117
2015-10-20,74.540001,75.160004,74.419998,74.580002,2173500,74.209649
2015-10-19,74.139999,74.879997,73.970001,74.639999,2429300,74.269349
2015-10-16,74.949997,75.080002,74.160004,74.669998,2714200,74.299199
2015-10-15,73.18,74.540001,72.629997,74.519997,2593300,74.149942
2015-10-14,74.00,74.050003,72.330002,72.559998,3287400,72.199676
2015-10-13,74.07,74.57,73.629997,73.940002,2340900,73.572828
2015-10-12,74.650002,74.879997,74.010002,74.25,1729900,73.881286
2015-10-09,75.349998,75.709999,74.239998,74.449997,2209500,74.08029
2015-10-08,74.550003,75.260002,73.870003,75.050003,2422000,74.677317
2015-10-07,75.68,76.169998,74.660004,74.959999,2338200,74.58776
2015-10-06,74.900002,75.690002,74.669998,75.220001,2336700,74.846471
2015-10-05,73.360001,75.639999,73.360001,75.300003,2538700,74.926075
2015-10-02,71.209999,72.870003,70.169998,72.870003,3122500,72.508142
2015-10-01,72.629997,73.019997,71.760002,72.940002,4221000,72.577794
2015-09-30,72.720001,72.860001,71.760002,72.519997,2689600,72.159874
2015-09-29,72.120003,72.489998,71.040001,71.550003,2837800,71.194697
2015-09-28,73.580002,73.949997,72.099998,72.169998,1993200,71.811613
2015-09-25,74.220001,74.730003,73.839996,74.050003,2522200,73.682282
2015-09-24,72.599998,73.239998,72.18,73.120003,3693200,72.7569
2015-09-23,74.080002,74.080002,73.190002,73.50,2097300,73.135011
2015-09-22,73.519997,73.779999,72.949997,73.68,2188000,73.314117
2015-09-21,74.209999,75.019997,74.080002,74.580002,2219900,74.209649
2015-09-18,74.839996,74.879997,73.339996,73.559998,4956100,73.19471
2015-09-17,77.290001,77.699997,75.559998,75.889999,2744500,75.513142
2015-09-16,76.580002,77.410004,76.190002,77.279999,2869600,76.896239
2015-09-15,76.00,76.800003,75.919998,76.360001,3328300,75.980809
2015-09-14,75.809998,76.339996,75.290001,75.760002,2658200,75.38379
2015-09-11,75.589996,75.889999,74.910004,75.650002,2324400,75.274336
2015-09-10,75.459999,76.43,75.389999,75.870003,2530900,75.493244
2015-09-09,77.519997,77.980003,75.690002,75.860001,2254200,75.483292
2015-09-08,76.00,76.800003,75.709999,76.790001,2613000,76.408674
2015-09-04,74.949997,75.32,74.169998,74.830002,2249800,74.458408
2015-09-03,75.989998,77.349998,75.690002,76.160004,2940000,75.781805
2015-09-02,75.540001,75.940002,74.18,75.300003,2580200,74.926075
2015-09-01,75.68,76.07,73.860001,74.32,2813000,73.950938
2015-08-31,77.019997,78.110001,76.669998,77.75,2673000,77.363906
2015-08-28,77.07,77.519997,76.75,77.32,2262200,76.936041
2015-08-27,75.809998,77.629997,75.550003,77.360001,4724900,76.975843
2015-08-26,73.620003,74.910004,72.449997,74.75,3699900,74.378803
2015-08-25,75.790001,75.849998,72.199997,72.25,3577000,71.891218
2015-08-24,71.790001,75.870003,67.730003,73.529999,4382600,73.16486
2015-08-21,78.290001,78.82,76.620003,76.620003,4220400,76.23952
2015-08-20,79.300003,79.769997,79.010002,79.040001,2895600,78.647501
2015-08-19,80.660004,80.870003,79.739998,80.120003,4639000,79.722139
2015-08-18,81.610001,82.080002,80.889999,81.260002,2414600,80.856478
2015-08-17,80.690002,81.779999,80.50,81.650002,2020200,81.244541
2015-08-14,80.330002,81.360001,80.300003,81.269997,1967000,80.866423
2015-08-13,80.980003,81.419998,80.379997,80.760002,2448700,80.358961
2015-08-12,80.440002,80.889999,79.129997,80.620003,3122100,80.219657
2015-08-11,81.709999,81.919998,80.43,80.870003,2543800,80.468415
2015-08-10,81.470001,82.669998,81.300003,82.489998,2303100,82.080366
2015-08-07,81.00,81.629997,80.269997,80.82,2879000,80.41866
2015-08-06,81.540001,81.830002,80.860001,81.139999,3196300,80.737071
2015-08-05,81.949997,82.220001,81.330002,81.860001,3937500,81.055483
2015-08-04,81.629997,81.919998,81.260002,81.379997,2088400,80.580197
2015-08-03,81.459999,81.699997,80.790001,81.629997,3392900,80.82774
2015-07-31,81.580002,81.599998,80.900002,81.300003,3677200,80.500989
2015-07-30,80.220001,81.580002,80.110001,81.50,4276500,80.69902
2015-07-29,78.940002,79.739998,78.889999,79.620003,4626500,78.8375
2015-07-28,79.25,79.25,77.800003,78.650002,7524100,77.877032
2015-07-27,78.040001,79.379997,77.949997,78.610001,7195600,77.837424
2015-07-24,83.540001,83.900002,78.230003,78.860001,16800000,78.084967
2015-07-23,91.620003,91.800003,90.599998,90.769997,2646200,89.877912
2015-07-22,91.620003,92.099998,91.279999,91.650002,2484000,90.749268
2015-07-21,91.419998,92.059998,91.199997,91.709999,2522000,90.808676
2015-07-20,91.080002,91.849998,90.580002,91.440002,2377100,90.541333