2015-12-16,15.16,15.58,14.95,15.39,12577500,15.39
2015-12-15,15.86,15.94,14.94,15.03,13533300,15.03
2015-12-14,15.91,16.23,15.55,15.65,9521100,15.65
2015-12-11,17.24,17.33,16.059999,16.10,7886100,16.10
2015-12-10,17.219999,18.00,17.040001,17.68,5141500,17.68
2015-12-09,17.59,18.049999,17.049999,17.370001,10019000,17.370001
2015-12-08,16.24,17.709999,16.15,17.559999,9988200,17.559999
2015-12-07,16.540001,17.030001,16.200001,16.799999,10254100,16.799999
2015-12-04,16.84,17.42,16.67,17.219999,6463100,17.219999
2015-12-03,18.07,18.110001,16.959999,17.129999,8852100,17.129999
2015-12-02,18.32,18.42,17.51,17.93,7433800,17.93
2015-12-01,18.780001,18.959999,18.309999,18.60,5837500,18.60
2015-11-30,19.190001,19.34,18.610001,18.83,5329400,18.83
2015-11-27,19.110001,19.32,18.959999,19.08,2693800,19.08
2015-11-25,19.02,19.51,18.969999,19.34,5516300,19.34
2015-11-24,19.51,19.620001,18.91,19.200001,9647000,19.200001
2015-11-23,19.639999,19.860001,19.17,19.379999,6439700,19.379999
2015-11-20,20.41,20.530001,19.860001,19.879999,3577400,19.879999
2015-11-19,20.26,21.030001,20.110001,20.50,2813600,20.50
2015-11-18,21.120001,21.370001,20.49,20.870001,4897500,20.870001
2015-11-17,22.370001,22.370001,20.969999,21.00,6638500,21.00
2015-11-16,20.77,22.59,20.68,22.559999,6209300,22.559999
2015-11-13,20.290001,21.129999,20.01,20.74,5226200,20.74
2015-11-12,20.49,20.860001,20.27,20.33,4032000,20.33
2015-11-11,22.59,22.639999,20.68,20.879999,7111500,20.879999
2015-11-10,22.440001,22.91,22.209999,22.639999,4811300,22.639999
2015-11-09,22.25,22.780001,22.129999,22.57,4243000,22.57
2015-11-06,22.34,22.98,22.129999,22.299999,4929400,22.299999
2015-11-05,22.26,22.91,22.10,22.639999,4827400,22.639999
2015-11-04,22.18,23.040001,21.90,22.42,6828100,22.42
2015-11-03,22.360001,22.639999,22.01,22.040001,4435800,22.040001
2015-11-02,21.530001,22.43,21.42,22.290001,4495600,22.290001
2015-10-30,21.58,21.82,21.110001,21.709999,7645200,21.689999
2015-10-29,21.84,22.24,21.459999,21.530001,6022300,21.510166
2015-10-28,21.25,21.98,20.690001,21.82,8273400,21.799898
2015-10-27,20.469999,21.42,20.41,21.139999,9717400,21.120524
2015-10-26,20.91,21.68,20.780001,20.83,8264100,20.81081
2015-10-23,21.049999,21.709999,20.00,21.10,11113700,21.080562
2015-10-22,22.43,22.75,21.780001,22.09,6676600,22.06965
2015-10-21,23.299999,23.389999,22.33,22.34,4571600,22.319419
2015-10-20,23.139999,24.059999,23.02,23.440001,4519300,23.418406
2015-10-19,23.00,23.48,22.799999,23.110001,4988800,23.088711
2015-10-16,23.84,23.93,23.09,23.209999,6281000,23.188617
2015-10-15,22.969999,23.809999,22.889999,23.719999,4847300,23.698147
2015-10-14,22.34,23.059999,22.219999,22.940001,4051300,22.918867
2015-10-13,22.73,23.15,22.26,22.35,6223100,22.32941
2015-10-12,23.32,23.450001,22.389999,22.93,3629700,22.908876
2015-10-09,23.24,23.530001,22.99,23.24,6789700,23.21859
2015-10-08,23.25,23.42,22.870001,23.15,8545000,23.128673
2015-10-07,23.959999,24.15,22.77,23.25,6245700,23.228581
2015-10-06,22.93,23.719999,22.809999,23.50,9585900,23.478351
2015-10-05,22.18,23.02,22.059999,22.90,8696100,22.878903
2015-10-02,21.00,21.950001,20.860001,21.92,12370300,21.899806
2015-10-01,22.139999,22.40,21.200001,21.219999,6498600,21.20045
2015-09-30,21.75,22.030001,21.32,21.860001,5750900,21.839862
2015-09-29,22.780001,22.85,21.309999,21.540001,13009200,21.520157
2015-09-28,23.549999,23.66,22.629999,22.700001,6153200,22.679088
2015-09-25,24.33,24.469999,23.75,23.82,5241700,23.798056
2015-09-24,23.41,24.43,23.26,24.120001,5076200,24.09778
2015-09-23,24.00,24.08,23.549999,23.58,5033500,23.558277
2015-09-22,23.50,24.26,23.33,23.92,6325500,23.897964
2015-09-21,23.73,24.200001,23.549999,23.91,4406100,23.887973
2015-09-18,23.299999,24.059999,23.299999,23.49,8619900,23.46836
2015-09-17,23.67,24.27,23.57,23.700001,6100900,23.678167
2015-09-16,22.889999,23.75,22.74,23.719999,3954900,23.698147
2015-09-15,22.34,22.860001,22.280001,22.77,2963700,22.749024
2015-09-14,22.99,23.02,22.040001,22.26,4553300,22.239493
2015-09-11,22.58,23.33,22.50,23.15,4824800,23.128673
2015-09-10,22.559999,23.209999,22.370001,23.049999,4829000,23.028764
2015-09-09,23.00,23.42,22.440001,22.50,5279800,22.479272
2015-09-08,23.10,23.32,22.33,22.85,6323200,22.82895
2015-09-04,23.10,23.33,22.74,22.780001,5001000,22.759015
2015-09-03,23.389999,24.17,23.139999,23.41,7408900,23.388433
2015-09-02,23.34,23.559999,22.51,23.32,3958900,23.298516
2015-09-01,22.959999,23.639999,22.799999,23.030001,6012800,23.008784
2015-08-31,23.00,24.15,22.77,23.67,5636400,23.648194
2015-08-28,23.01,23.719999,22.879999,23.299999,5872900,23.278534
2015-08-27,22.17,23.10,21.290001,23.08,12896900,23.058737
2015-08-26,21.76,21.809999,20.940001,21.67,19090100,21.650037
2015-08-25,22.950001,23.110001,21.27,21.299999,11696200,21.280377
2015-08-24,23.09,23.299999,21.870001,22.00,16069300,21.979733
2015-08-21,24.809999,25.049999,24.32,24.389999,4827900,24.36753
2015-08-20,25.75,25.85,24.85,24.860001,5496500,24.837098
2015-08-19,26.450001,26.58,25.690001,25.82,3603000,25.796213
2015-08-18,26.57,26.85,26.360001,26.620001,2780600,26.595477
2015-08-17,26.809999,27.17,26.60,26.780001,5763400,26.75533
2015-08-14,27.00,27.24,26.889999,26.98,5631000,26.955144
2015-08-13,26.719999,27.120001,26.530001,26.969999,8334900,26.945153
2015-08-12,26.08,27.09,26.030001,27.02,6010500,26.995108
2015-08-11,25.16,26.110001,25.129999,26.07,5119600,26.045983
2015-08-10,25.09,25.85,24.92,25.84,4996300,25.816195
2015-08-07,25.23,25.709999,24.82,24.90,4085100,24.877061
2015-08-06,25.25,25.60,24.85,25.41,8149900,25.386591
2015-08-05,25.83,26.10,25.129999,25.32,3672700,25.296674
2015-08-04,25.940001,26.01,25.379999,25.50,3095800,25.476508
2015-08-03,25.75,26.08,25.49,25.540001,4836100,25.516472
2015-07-31,25.870001,26.60,25.790001,26.16,6051200,26.115918
2015-07-30,26.370001,26.620001,25.90,26.02,5292200,25.976155
2015-07-29,26.57,27.23,26.219999,26.40,8927000,26.355513
2015-07-28,26.469999,27.33,26.07,26.799999,9116200,26.754839
2015-07-27,25.889999,27.23,25.76,26.440001,11266900,26.395447
2015-07-24,25.51,27.24,25.50,26.50,10313200,26.455345
2015-07-23,27.870001,28.120001,26.68,27.60,10888600,27.553492
2015-07-22,28.27,28.450001,27.74,27.91,6632900,27.862969
2015-07-21,28.90,29.139999,28.33,28.440001,6854300,28.392077
2015-07-20,28.75,29.01,28.42,28.690001,5173500,28.641656