2015-12-16,32.43,33.439999,32.41,33.330002,6826200,33.330002
2015-12-15,32.00,32.599998,31.809999,32.34,7191300,32.34
2015-12-14,31.02,31.280001,30.299999,31.09,6133700,31.09
2015-12-11,30.77,30.99,30.280001,30.379999,3288600,30.379999
2015-12-10,30.52,31.26,30.07,31.120001,3980000,31.120001
2015-12-09,30.780001,31.639999,30.209999,30.51,4905000,30.51
2015-12-08,30.809999,31.360001,30.610001,31.219999,4637500,31.219999
2015-12-07,30.450001,31.15,30.07,31.07,4114000,31.07
2015-12-04,29.870001,30.719999,29.709999,30.58,5403400,30.58
2015-12-03,31.00,31.02,29.66,29.870001,6689300,29.870001
2015-12-02,31.09,31.559999,30.77,30.879999,4059700,30.879999
2015-12-01,32.00,32.200001,31.360001,31.57,4616500,31.232
2015-11-30,31.639999,32.27,31.18,31.77,6319800,31.429859
2015-11-27,32.349998,32.560001,31.75,31.82,2221500,31.479323
2015-11-25,32.25,32.59,31.98,32.389999,4211400,32.04322
2015-11-24,31.110001,32.32,31.040001,32.169998,6860900,31.825574
2015-11-23,30.559999,31.59,30.389999,31.549999,5379300,31.212213
2015-11-20,29.879999,30.559999,29.709999,30.549999,4094900,30.22292
2015-11-19,29.450001,30.129999,29.33,29.66,3044700,29.342449
2015-11-18,29.00,29.629999,28.75,29.59,4459200,29.273199
2015-11-17,29.299999,29.50,28.700001,28.93,4357300,28.620265
2015-11-16,29.200001,29.82,28.940001,29.379999,3438800,29.065446
2015-11-13,29.49,29.610001,28.74,29.23,6141800,28.917052
2015-11-12,30.00,30.91,29.92,30.02,4898200,29.698595
2015-11-11,31.309999,31.309999,29.82,30.24,6116600,29.916239
2015-11-10,30.65,31.459999,30.32,31.370001,5436300,31.034142
2015-11-09,31.959999,32.049999,30.67,30.879999,5239900,30.549387
2015-11-06,32.50,32.709999,31.889999,32.060001,3767400,31.716755
2015-11-05,32.450001,32.959999,32.23,32.720001,4360300,32.369689
2015-11-04,32.57,32.720001,31.879999,32.279999,3008700,31.934397
2015-11-03,31.959999,32.82,31.809999,32.549999,4279400,32.201507
2015-11-02,31.18,31.84,30.780001,31.74,3401100,31.40018
2015-10-30,30.860001,31.379999,30.85,31.200001,3276000,30.865962
2015-10-29,31.00,31.25,30.629999,30.860001,2905700,30.529602
2015-10-28,31.540001,31.67,30.40,31.00,6927000,30.668103
2015-10-27,32.380001,33.080002,31.33,31.65,11331400,31.311143
2015-10-26,30.35,30.639999,29.950001,30.32,4315500,29.995383
2015-10-23,30.35,30.35,29.530001,30.129999,5600700,29.807416
2015-10-22,30.35,30.43,29.93,30.15,4117400,29.827203
2015-10-21,30.629999,30.93,30.030001,30.059999,4909500,29.738166
2015-10-20,30.190001,30.360001,29.93,30.059999,2853700,29.738166
2015-10-19,29.969999,30.32,29.91,30.17,3543500,29.846989
2015-10-16,29.83,29.889999,28.85,29.690001,7789500,29.372129
2015-10-15,30.870001,30.93,29.82,29.860001,4512200,29.540309
2015-10-14,30.84,30.950001,30.370001,30.77,2496200,30.440566
2015-10-13,30.709999,31.25,30.540001,30.799999,2513900,30.470243
2015-10-12,31.42,31.57,30.76,30.83,2081600,30.499923
2015-10-09,31.40,31.60,30.93,31.280001,2500600,30.945106
2015-10-08,30.200001,31.879999,30.09,31.450001,4466500,31.113286
2015-10-07,30.40,30.940001,29.98,30.35,3621700,30.025062
2015-10-06,30.280001,30.799999,30.08,30.41,4075800,30.084419
2015-10-05,29.60,30.68,29.59,30.309999,5369600,29.98549
2015-10-02,28.10,29.389999,27.93,29.35,3642700,29.035769
2015-10-01,28.879999,29.01,28.139999,28.450001,4173200,28.145405
2015-09-30,28.059999,28.969999,27.99,28.93,4848100,28.620265
2015-09-29,27.469999,27.82,27.219999,27.74,3145300,27.443005
2015-09-28,28.219999,28.59,27.42,27.440001,2431300,27.146218
2015-09-25,29.08,29.16,28.290001,28.48,2292800,28.175082
2015-09-24,28.32,28.940001,28.15,28.73,3676700,28.422406
2015-09-23,29.02,29.120001,28.35,28.40,1720100,28.095939
2015-09-22,28.940001,29.030001,28.549999,28.92,1947300,28.610372
2015-09-21,29.26,29.709999,29.139999,29.290001,1968000,28.976411
2015-09-18,29.379999,29.67,28.99,29.10,3260900,28.788445
2015-09-17,29.99,30.48,29.68,29.85,2499100,29.530415
2015-09-16,29.48,30.00,29.24,29.92,2579900,29.599666
2015-09-15,29.08,29.52,28.940001,29.379999,2642900,29.065446
2015-09-14,29.32,29.389999,28.93,28.99,2231300,28.679622
2015-09-11,29.450001,29.49,28.950001,29.440001,2488800,29.124805
2015-09-10,29.17,29.709999,29.00,29.51,3556000,29.194055
2015-09-09,30.280001,30.41,28.959999,29.059999,5111800,28.748873
2015-09-08,29.75,30.209999,29.440001,30.15,4441100,29.827203
2015-09-04,29.469999,29.65,28.860001,29.16,2842600,28.847802
2015-09-03,29.459999,30.24,29.459999,29.85,3383600,29.530415
2015-09-02,30.00,30.00,29.209999,29.799999,4571200,29.146568
2015-09-01,29.67,30.18,29.440001,29.59,4347900,28.941173
2015-08-31,29.950001,30.790001,29.93,30.25,4822800,29.586701
2015-08-28,29.799999,30.49,29.68,29.959999,3391700,29.303059
2015-08-27,29.74,30.23,29.530001,30.10,3891500,29.439991
2015-08-26,29.00,29.469999,28.60,29.40,4965300,28.755339
2015-08-25,29.450001,29.74,28.389999,28.40,6095600,27.777266
2015-08-24,28.700001,29.469999,27.620001,28.719999,8649900,28.090249
2015-08-21,30.950001,30.959999,30.24,30.709999,6067100,30.036614
2015-08-20,31.799999,31.799999,31.190001,31.209999,3270200,30.52565
2015-08-19,32.349998,32.470001,31.90,32.080002,2452800,31.376576
2015-08-18,32.650002,33.139999,32.459999,32.630001,5722300,31.914515
2015-08-17,31.85,32.049999,31.559999,32.02,2546400,31.31789
2015-08-14,31.60,32.240002,31.42,31.93,3812600,31.229864
2015-08-13,31.200001,31.700001,30.940001,31.459999,4807400,30.770168
2015-08-12,32.119999,32.16,30.67,31.190001,9342400,30.50609
2015-08-11,32.380001,32.77,32.380001,32.639999,3207000,31.924294
2015-08-10,33.23,33.349998,32.950001,33.07,4402200,32.344866
2015-08-07,31.959999,33.400002,31.92,33.07,6916300,32.344866
2015-08-06,31.780001,31.92,31.17,31.559999,4301700,30.867976
2015-08-05,31.709999,31.860001,31.25,31.73,6206000,31.034248
2015-08-04,32.00,32.68,30.50,31.41,13250700,30.721265
2015-08-03,30.610001,30.610001,29.92,30.43,7957800,29.762754
2015-07-31,31.33,31.51,31.139999,31.200001,4147700,30.515871
2015-07-30,31.290001,31.41,31.07,31.299999,2371000,30.613677
2015-07-29,30.860001,31.690001,30.77,31.450001,3976700,30.760389
2015-07-28,30.780001,31.190001,30.50,30.879999,3828300,30.202886
2015-07-27,30.309999,30.780001,30.129999,30.75,5652000,30.075737
2015-07-24,30.93,31.07,30.309999,30.469999,3657300,29.801876
2015-07-23,31.42,31.639999,30.969999,31.00,3322100,30.320256
2015-07-22,31.299999,31.459999,30.93,31.049999,4620500,30.369159
2015-07-21,31.68,31.82,31.10,31.360001,4888500,30.672362
2015-07-20,31.959999,31.98,31.67,31.719999,3456200,31.024467