2015-12-16,53.599998,53.939999,53.040001,53.720001,1907000,53.720001
2015-12-15,53.389999,53.709999,52.880001,53.209999,1709400,53.209999
2015-12-14,53.049999,53.369999,52.84,53.25,2790300,53.25
2015-12-11,53.099998,53.310001,52.68,52.990002,1556200,52.990002
2015-12-10,53.450001,54.66,53.049999,53.639999,2086400,53.639999
2015-12-09,53.43,55.080002,52.98,53.529999,2646200,53.529999
2015-12-08,52.709999,53.560001,52.490002,53.490002,2327500,53.490002
2015-12-07,53.139999,53.41,52.689999,53.119999,2429300,53.119999
2015-12-04,52.639999,53.48,52.540001,53.119999,3115800,53.119999
2015-12-03,52.720001,53.75,52.189999,52.439999,3868200,52.439999
2015-12-02,52.919998,52.98,52.009998,52.689999,2814900,52.689999
2015-12-01,53.060001,53.900002,52.470001,52.810001,3658600,52.810001
2015-11-30,53.18,53.349998,52.040001,52.240002,2884800,52.240002
2015-11-27,52.610001,53.310001,52.59,53.099998,1497700,53.099998
2015-11-25,51.459999,52.779999,51.349998,52.52,2613900,52.52
2015-11-24,51.709999,52.48,50.919998,51.330002,3655100,51.330002
2015-11-23,49.18,49.93,49.07,49.790001,2109700,49.790001
2015-11-20,49.700001,49.720001,48.740002,48.82,1774000,48.82
2015-11-19,49.080002,49.669998,48.98,49.470001,2019800,49.470001
2015-11-18,48.130001,49.07,47.970001,49.040001,1998500,49.040001
2015-11-17,48.68,48.75,47.919998,48.040001,1228500,48.040001
2015-11-16,47.919998,48.700001,47.77,48.68,1102400,48.68
2015-11-13,47.880001,48.470001,47.799999,47.970001,1766100,47.970001
2015-11-12,48.52,48.849998,48.119999,48.299999,1789400,48.299999
2015-11-11,48.299999,49.240002,48.299999,48.869999,1534500,48.869999
2015-11-10,48.599998,48.939999,48.200001,48.299999,1587600,48.299999
2015-11-09,48.599998,48.82,48.200001,48.669998,1599300,48.669998
2015-11-06,49.970001,50.060001,48.279999,48.77,2110800,48.77
2015-11-05,50.369999,50.439999,49.810001,50.400002,1182000,50.400002
2015-11-04,50.369999,50.549999,50.00,50.439999,1108800,50.439999
2015-11-03,50.50,50.75,49.700001,50.23,1278200,50.23
2015-11-02,50.880001,50.990002,50.360001,50.740002,1169700,50.740002
2015-10-30,51.110001,51.450001,50.779999,50.790001,1184300,50.790001
2015-10-29,50.689999,51.369999,50.380001,51.200001,1035700,51.200001
2015-10-28,51.27,51.380001,50.330002,50.790001,1368900,50.790001
2015-10-27,51.41,51.630001,50.889999,51.189999,1167300,51.189999
2015-10-26,51.48,51.759998,51.32,51.610001,1133400,51.610001
2015-10-23,51.669998,51.68,51.099998,51.43,1379500,51.43
2015-10-22,49.950001,51.77,49.939999,51.43,3142800,51.43
2015-10-21,49.560001,49.950001,49.439999,49.709999,2435900,49.709999
2015-10-20,49.389999,49.560001,49.099998,49.490002,2046400,49.490002
2015-10-19,49.459999,49.650002,49.169998,49.400002,2071700,49.400002
2015-10-16,49.779999,49.939999,49.34,49.490002,1573400,49.490002
2015-10-15,49.75,49.900002,48.93,49.50,1722400,49.50
2015-10-14,50.360001,50.470001,49.369999,49.48,1334800,49.48
2015-10-13,50.740002,50.93,50.240002,50.299999,1303000,50.299999
2015-10-12,51.41,51.43,50.810001,50.889999,1560900,50.889999
2015-10-09,51.07,51.630001,50.959999,51.279999,1120900,51.279999
2015-10-08,50.799999,51.619999,50.540001,51.330002,1755100,51.018003
2015-10-07,50.919998,51.169998,50.450001,50.84,1702100,50.530979
2015-10-06,51.50,51.50,50.740002,50.77,1237700,50.461405
2015-10-05,50.619999,51.369999,50.599998,51.360001,2212200,51.047819
2015-10-02,49.52,50.619999,49.419998,50.599998,1942200,50.292436
2015-10-01,50.599998,50.889999,49.52,50.02,1952600,49.715964
2015-09-30,51.00,51.220001,50.43,50.68,1882300,50.371952
2015-09-29,50.799999,51.259998,50.029999,50.59,1847900,50.282499
2015-09-28,51.41,51.759998,50.73,50.799999,1539100,50.491221
2015-09-25,51.439999,52.369999,51.189999,51.669998,1541700,51.355932
2015-09-24,51.200001,51.389999,50.82,51.139999,2731800,50.829155
2015-09-23,51.049999,51.43,50.810001,51.360001,1552100,51.047819
2015-09-22,51.189999,51.209999,50.549999,51.119999,1617300,50.809276
2015-09-21,51.369999,51.630001,51.040001,51.470001,1441000,51.157151
2015-09-18,50.84,51.720001,50.84,51.16,2354500,50.849034
2015-09-17,51.509998,52.259998,51.290001,51.57,2118000,51.256542
2015-09-16,50.52,51.630001,50.470001,51.560001,2412600,51.246604
2015-09-15,49.700001,50.470001,49.310001,50.27,2249700,49.964444
2015-09-14,49.48,49.540001,49.07,49.509998,1343700,49.209062
2015-09-11,49.040001,49.400002,48.84,49.400002,1501900,49.099733
2015-09-10,48.77,49.509998,48.509998,49.150002,1521400,48.851253
2015-09-09,49.779999,49.779999,48.59,48.720001,2198900,48.423866
2015-09-08,48.50,49.41,48.50,49.380001,2458700,49.079854
2015-09-04,48.23,48.50,47.439999,47.939999,2019300,47.648605
2015-09-03,46.91,48.68,46.07,48.529999,2364100,48.235019
2015-09-02,47.389999,47.77,47.009998,47.77,2547200,47.47964
2015-09-01,47.18,47.57,46.639999,46.869999,1988000,46.585109
2015-08-31,47.709999,48.139999,47.549999,47.990002,1876200,47.698304
2015-08-28,47.720001,48.119999,47.389999,47.799999,1847600,47.509456
2015-08-27,47.740002,47.990002,47.049999,47.720001,1891200,47.429945
2015-08-26,47.060001,47.50,46.099998,47.43,1956100,47.141706
2015-08-25,47.75,47.900002,46.119999,46.150002,2075900,45.869488
2015-08-24,46.990002,47.09,45.23,47.009998,2537100,46.724257
2015-08-21,49.50,49.50,48.610001,48.610001,1308500,48.314534
2015-08-20,49.799999,50.07,49.50,49.630001,1166300,49.328335
2015-08-19,50.150002,50.439999,49.689999,50.110001,819900,49.805417
2015-08-18,50.529999,50.529999,50.169998,50.23,1358600,49.924686
2015-08-17,50.490002,50.799999,50.209999,50.57,719000,50.26262
2015-08-14,50.290001,50.77,50.169998,50.700001,701500,50.391831
2015-08-13,50.369999,50.619999,50.209999,50.259998,768200,49.954503
2015-08-12,50.029999,50.419998,49.560001,50.400002,1031800,50.093655
2015-08-11,50.09,50.389999,49.799999,50.32,687300,50.014139
2015-08-10,50.529999,50.619999,50.200001,50.48,855800,50.173167
2015-08-07,50.330002,50.50,49.919998,50.279999,1130000,49.974382
2015-08-06,50.23,50.540001,49.939999,50.490002,1364600,50.183108
2015-08-05,49.849998,50.099998,49.540001,50.00,1133800,49.696085
2015-08-04,49.810001,50.040001,49.599998,49.68,1035700,49.37803
2015-08-03,49.419998,49.880001,49.279999,49.880001,1468900,49.576815
2015-07-31,49.52,49.540001,49.220001,49.310001,1143300,49.01028
2015-07-30,48.599998,49.349998,48.48,49.169998,1143800,48.871128
2015-07-29,49.130001,49.139999,48.509998,48.709999,1579500,48.413925
2015-07-28,48.48,49.049999,48.279999,49.00,1135000,48.702163
2015-07-27,48.080002,48.41,47.869999,48.279999,937700,47.986538
2015-07-24,48.23,48.619999,48.07,48.279999,952600,47.986538
2015-07-23,48.400002,48.700001,48.049999,48.200001,1642600,47.907027
2015-07-22,48.00,48.84,47.790001,48.32,1729200,48.026296
2015-07-21,47.529999,47.700001,47.200001,47.459999,839700,47.171523
2015-07-20,47.91,48.009998,47.560001,47.610001,655900,47.320613