2015-12-16,30.60,31.48,30.280001,31.370001,3176400,31.370001
2015-12-15,30.219999,30.629999,29.950001,30.309999,2727800,30.309999
2015-12-14,29.889999,30.209999,29.51,29.92,2383000,29.92
2015-12-11,30.219999,30.440001,29.559999,29.790001,2527200,29.790001
2015-12-10,30.48,30.76,30.35,30.620001,2960000,30.620001
2015-12-09,30.52,31.07,30.23,30.51,3207100,30.51
2015-12-08,30.35,30.870001,30.200001,30.459999,3362000,30.459999
2015-12-07,30.50,30.799999,30.35,30.780001,3874900,30.780001
2015-12-04,30.07,30.690001,30.07,30.610001,4034100,30.610001
2015-12-03,30.889999,30.90,29.709999,30.07,5845700,30.07
2015-12-02,31.25,31.50,30.83,30.870001,2821100,30.870001
2015-12-01,31.290001,31.540001,30.92,31.33,4804900,31.33
2015-11-30,30.85,31.959999,29.780001,31.33,30648500,31.33
2015-11-27,69.129998,70.299995,68.499996,68.619997,16264100,18.416983
2015-11-25,69.489998,69.829997,67.719997,69.459999,9338000,18.642431
2015-11-24,69.769998,70.209998,69.409998,69.559999,4147300,18.669271
2015-11-23,69.729996,70.329999,69.319996,69.949998,4944400,18.773943
2015-11-20,70.439998,70.719998,69.449996,69.789999,6171700,18.731001
2015-11-19,70.459999,70.459999,69.109997,70.039996,5946500,18.798098
2015-11-18,70.789995,71.149995,69.939996,70.529996,4508200,18.929609
2015-11-17,64.599999,71.119996,64.599999,70.469997,7302200,18.913506
2015-11-16,64.599999,69.119995,64.599999,68.769998,10549600,18.457242
2015-11-13,66.079996,66.19,64.599999,64.799995,3106700,17.391729
2015-11-12,66.819997,66.989999,66.209996,66.379998,2193600,17.815787
2015-11-11,67.249998,67.269999,66.759999,67.099998,2660100,18.009029
2015-11-10,67.209996,67.239996,66.399999,67.039999,3233700,17.992926
2015-11-09,67.529999,67.669997,66.569996,67.429998,4784900,18.097598
2015-11-06,66.939999,67.779996,66.449999,67.749996,4465700,18.183482
2015-11-05,67.649996,68.489997,65.329997,66.999997,4664400,17.982189
2015-11-04,67.769997,68.199999,67.259997,68.099998,6437500,18.27742
2015-11-03,67.299999,67.779996,66.999997,67.489997,2975300,18.113701
2015-11-02,66.619996,67.399999,66.619996,67.399999,3202100,18.089546
2015-10-30,66.429998,66.979996,66.199998,66.589997,2739200,17.872149
2015-10-29,66.799996,66.859999,65.959999,66.179997,2151800,17.762109
2015-10-28,66.329998,67.039999,66.059995,67.039999,3082300,17.992926
2015-10-27,66.119998,66.269999,65.769997,66.059995,1376800,17.729902
2015-10-26,66.279997,66.539997,66.089999,66.37,1705000,17.813104
2015-10-23,66.55,66.579999,65.899996,66.309997,2331000,17.797
2015-10-22,65.419999,66.379998,64.709998,65.899996,3991100,17.686959
2015-10-21,65.059999,65.399998,64.589996,64.839997,3190300,17.402465
2015-10-20,64.329997,64.859998,64.319998,64.75,1621000,17.378311
2015-10-19,64.219998,64.719996,63.989998,64.39,2515900,17.28169
2015-10-16,64.199997,64.439995,63.659997,64.319998,2174900,17.262902
2015-10-15,64.459996,64.75,63.939997,64.099996,2061400,17.203856
2015-10-14,64.57,65.819997,64.059999,64.329997,1963400,17.265586
2015-10-13,64.699999,65.329997,64.489996,64.689997,2158700,17.362206
2015-10-12,64.829999,65.139999,64.39,65.009999,2614300,17.448092
2015-10-09,64.289999,64.839997,64.03,64.659997,2073500,17.354155
2015-10-08,63.299997,64.419999,63.249997,64.329997,1964600,17.265586
2015-10-07,63.389999,64.079995,63.049996,63.549998,2059800,17.056241
2015-10-06,62.999996,63.469999,62.709997,63.139998,2128300,16.946201
2015-10-05,62.679998,63.429997,62.579997,63.26,1388900,16.978408
2015-10-02,60.629996,62.429996,60.209998,62.389999,1618400,16.744908
2015-10-01,61.499997,61.739996,60.999999,61.409999,2386300,16.481885
2015-09-30,60.369997,61.479996,60.20,61.379996,5285100,16.473832
2015-09-29,59.909996,60.169996,59.139996,59.809996,3968400,16.052459
2015-09-28,60.979998,61.059998,59.679996,59.869999,3844300,16.068563
2015-09-25,61.049999,61.809997,60.569998,61.309999,2129100,16.455046
2015-09-24,60.279999,60.649997,59.089996,60.489998,2330500,16.234965
2015-09-23,60.879998,61.10,60.189997,60.889996,1201700,16.342321
2015-09-22,60.629996,61.039997,60.339998,60.899999,1653300,16.345005
2015-09-21,61.339998,61.869995,60.779997,61.409999,2068500,16.481885
2015-09-18,61.329995,61.829998,60.779997,60.889996,3098700,16.342321
2015-09-17,62.699999,63.019997,62.059998,62.189998,1345300,16.691229
2015-09-16,62.239998,62.909998,62.159999,62.749999,1461300,16.841529
2015-09-15,61.839996,62.589995,61.369997,62.429996,2660100,16.755643
2015-09-14,62.199996,62.429996,61.239998,61.489999,1415300,16.503356
2015-09-11,61.599998,62.239998,61.439999,62.189998,1316100,16.691229
2015-09-10,61.139997,62.36,60.999999,61.969996,1832900,16.632183
2015-09-09,62.849999,62.90,61.149995,61.28,1593200,16.446994
2015-09-08,61.669999,62.189998,61.119996,62.129999,1871600,16.675126
2015-09-04,60.669998,61.299996,60.349996,60.589999,1913100,16.261804
2015-09-03,61.119996,62.119997,61.039997,61.609996,1963200,16.535562
2015-09-02,60.519998,61.139997,59.989996,61.139997,3448400,16.409419
2015-09-01,61.289998,61.409999,59.749998,60.119996,7208900,16.073932
2015-08-31,62.499998,62.949995,61.909997,61.989997,1962000,16.573903
2015-08-28,62.219997,63.059999,62.009998,62.969996,2299200,16.83592
2015-08-27,62.609996,63.209999,61.289998,62.639996,2212300,16.74769
2015-08-26,61.28,62.029999,59.829997,61.959998,2639500,16.565883
2015-08-25,62.469998,62.469998,59.869999,59.909996,4593700,16.017786
2015-08-24,59.61,62.549998,58.769998,60.499997,4228700,16.175531
2015-08-21,64.739997,65.099997,63.089998,63.169997,2830300,16.889393
2015-08-20,65.83,66.069998,65.199997,65.249998,1934700,17.445511
2015-08-19,67.549995,67.589997,66.169999,66.519996,1609400,17.785063
2015-08-18,67.719997,67.989999,67.449999,67.759999,2140900,18.116595
2015-08-17,67.309997,67.749996,66.829995,67.699996,1668500,18.100552
2015-08-14,66.199998,67.829996,66.01,67.469996,3484300,18.039059
2015-08-13,66.899997,66.969998,65.839998,66.329998,4481400,17.734264
2015-08-12,67.429998,67.749996,65.259996,66.769997,9470600,17.851904
2015-08-11,64.989998,65.509997,63.749999,64.199997,3631600,17.164778
2015-08-10,64.999996,65.759998,64.739997,65.359996,2645200,17.47492
2015-08-07,63.969997,64.999996,63.49,64.959999,4161800,17.367975
2015-08-06,65.419999,65.579998,63.49,63.539995,3416400,16.988317
2015-08-05,65.499999,65.989999,65.039998,65.409997,4093400,17.488289
2015-08-04,65.269999,65.909999,64.959999,65.139999,1841700,17.416101
2015-08-03,65.419999,65.47,64.629998,65.249998,1498300,17.445511
2015-07-31,65.359996,65.47,64.719996,65.429998,1583000,17.493636
2015-07-30,64.719996,65.099997,63.879999,64.989998,1056900,17.375996
2015-07-29,64.739997,65.159995,64.329997,65.039998,1287400,17.389364
2015-07-28,64.869997,65.099997,64.079995,64.829999,1317500,17.333218
2015-07-27,64.979995,65.179996,64.379997,64.589996,1331500,17.26905
2015-07-24,66.499999,66.539997,64.989998,65.459997,1763600,17.501657
2015-07-23,66.619996,66.969998,66.359997,66.55,1368300,17.793085
2015-07-22,66.249998,66.999997,66.179997,66.629999,2014700,17.814474
2015-07-21,67.079997,67.599996,66.389996,66.509998,2586600,17.782389
2015-07-20,67.719997,67.959996,67.299999,67.429998,1849300,18.028365