2015-12-16,90.989998,91.599998,90.209999,91.239998,736300,91.239998
2015-12-15,90.809998,91.779999,89.900002,90.339996,559500,90.339996
2015-12-14,90.269997,90.910004,89.449997,89.910004,665900,89.910004
2015-12-11,90.769997,91.610001,89.779999,89.900002,464600,89.900002
2015-12-10,91.349998,91.940002,90.879997,91.540001,339500,91.540001
2015-12-09,92.519997,92.519997,90.790001,91.230003,560100,91.230003
2015-12-08,91.559998,92.800003,91.230003,92.510002,598200,92.510002
2015-12-07,92.379997,92.690002,90.059998,92.010002,417200,92.010002
2015-12-04,90.349998,92.809998,90.32,92.669998,491300,92.669998
2015-12-03,92.050003,92.25,89.760002,90.160004,576700,90.160004
2015-12-02,92.93,92.980003,91.959999,92.040001,348600,92.040001
2015-12-01,91.989998,93.150002,91.529999,93.139999,495300,93.139999
2015-11-30,91.940002,92.620003,91.529999,91.589996,594500,91.589996
2015-11-27,91.800003,92.150002,91.370003,92.010002,216800,92.010002
2015-11-25,91.830002,92.050003,91.389999,91.980003,265700,91.980003
2015-11-24,91.849998,92.00,90.790001,91.669998,400200,91.669998
2015-11-23,91.019997,92.199997,91.019997,92.169998,469900,92.169998
2015-11-20,91.209999,91.639999,90.970001,91.309998,1890600,91.309998
2015-11-19,91.470001,92.440002,90.75,90.760002,945700,90.760002
2015-11-18,89.910004,91.550003,89.82,91.370003,713800,91.370003
2015-11-17,89.389999,90.120003,89.029999,89.57,863700,89.57
2015-11-16,88.870003,89.50,88.300003,89.449997,805900,89.449997
2015-11-13,90.25,90.739998,89.349998,89.510002,455800,89.510002
2015-11-12,91.309998,91.620003,90.139999,90.18,411300,90.18
2015-11-11,91.860001,92.00,91.18,91.57,612900,91.57
2015-11-10,90.529999,91.580002,89.57,91.309998,538600,91.309998
2015-11-09,90.739998,91.010002,89.959999,90.75,495600,90.75
2015-11-06,90.849998,91.440002,90.519997,90.879997,584300,90.879997
2015-11-05,91.480003,92.349998,90.589996,90.809998,671700,90.809998
2015-11-04,92.720001,92.949997,91.010002,91.489998,731300,91.489998
2015-11-03,93.650002,93.720001,92.260002,92.470001,711500,91.42
2015-11-02,93.589996,94.040001,93.110001,93.400002,584200,92.339441
2015-10-30,92.50,93.400002,92.32,93.089996,963100,92.032955
2015-10-29,92.980003,93.540001,92.07,92.339996,581300,91.291472
2015-10-28,93.239998,94.349998,92.120003,92.980003,545700,91.924211
2015-10-27,93.25,93.589996,92.129997,92.660004,515100,91.607845
2015-10-26,93.57,94.040001,93.25,93.529999,443400,92.467962
2015-10-23,93.110001,93.669998,91.860001,93.50,381500,92.438304
2015-10-22,91.989998,92.730003,91.540001,92.370003,506000,91.321137
2015-10-21,93.400002,93.489998,91.199997,91.339996,492700,90.302827
2015-10-20,92.400002,93.25,92.400002,92.769997,442400,91.716589
2015-10-19,92.480003,92.970001,92.150002,92.669998,362000,91.617726
2015-10-16,93.290001,93.50,92.110001,92.550003,457100,91.499094
2015-10-15,91.43,93.120003,91.43,93.089996,817600,92.032955
2015-10-14,92.110001,92.559998,90.529999,90.68,681200,89.650325
2015-10-13,88.910004,92.370003,88.910004,91.459999,951600,90.421467
2015-10-12,90.059998,91.370003,89.730003,91.040001,649300,90.006238
2015-10-09,89.610001,90.410004,88.989998,89.82,560300,88.80009
2015-10-08,87.349998,89.480003,86.660004,89.269997,782400,88.256332
2015-10-07,86.389999,87.470001,85.959999,87.339996,624600,86.348247
2015-10-06,87.190002,88.00,85.459999,85.739998,798700,84.766417
2015-10-05,87.269997,88.139999,86.68,87.599998,692800,86.605297
2015-10-02,84.260002,86.379997,83.480003,86.309998,1086800,85.329944
2015-10-01,86.160004,86.279999,84.769997,85.489998,719500,84.519255
2015-09-30,85.449997,86.339996,84.760002,85.75,849000,84.776305
2015-09-29,85.989998,85.989998,84.18,84.800003,935200,83.837095
2015-09-28,88.040001,88.349998,85.730003,85.75,626200,84.776305
2015-09-25,86.93,89.730003,86.379997,88.400002,1088400,87.396216
2015-09-24,85.879997,86.919998,85.029999,86.150002,751700,85.171765
2015-09-23,86.300003,86.809998,85.660004,86.580002,518100,85.596882
2015-09-22,86.239998,86.599998,85.470001,86.010002,790300,85.033355
2015-09-21,86.980003,87.599998,86.449997,87.32,715800,86.328477
2015-09-18,85.419998,86.68,85.260002,86.419998,2424200,85.438695
2015-09-17,86.489998,87.639999,86.190002,86.639999,745200,85.656199
2015-09-16,86.419998,86.660004,85.970001,86.330002,718700,85.349721
2015-09-15,85.57,86.720001,84.900002,86.529999,489500,85.547447
2015-09-14,85.879997,85.879997,85.239998,85.32,431000,84.351187
2015-09-11,84.870003,85.849998,84.860001,85.760002,304800,84.786194
2015-09-10,84.919998,85.68,84.919998,85.209999,622200,84.242436
2015-09-09,87.029999,87.25,84.93,85.040001,698200,84.074368
2015-09-08,85.150002,86.379997,84.860001,86.370003,636500,85.389268
2015-09-04,84.019997,84.660004,83.480003,83.75,458900,82.799015
2015-09-03,85.07,85.629997,84.800003,85.089996,509900,84.123796
2015-09-02,83.93,84.68,83.550003,84.620003,567800,83.659139
2015-09-01,83.599998,84.360001,82.709999,83.059998,761100,82.116848
2015-08-31,84.860001,85.620003,84.519997,84.989998,640400,84.024933
2015-08-28,84.940002,85.75,84.690002,85.370003,518700,84.400623
2015-08-27,84.529999,85.779999,84.309998,85.50,697500,84.529144
2015-08-26,83.209999,84.239998,81.720001,84.010002,991500,83.056065
2015-08-25,83.32,83.529999,81.120003,81.230003,1016900,80.307633
2015-08-24,80.989998,83.580002,78.00,81.529999,1174000,80.604222
2015-08-21,86.339996,86.970001,84.870003,84.870003,712000,83.9063
2015-08-20,87.040001,87.709999,86.599998,86.599998,563700,85.616652
2015-08-19,88.300003,88.349998,87.150002,87.639999,522300,86.644843
2015-08-18,89.349998,89.739998,88.809998,88.860001,489900,87.850992
2015-08-17,88.300003,89.199997,87.739998,89.139999,376500,88.127811
2015-08-14,88.059998,88.699997,87.860001,88.489998,415600,87.48519
2015-08-13,87.949997,88.629997,87.480003,88.089996,497400,87.089731
2015-08-12,87.00,88.010002,86.75,87.849998,507400,86.852458
2015-08-11,87.559998,88.00,87.290001,87.919998,377100,86.921663
2015-08-10,88.199997,88.720001,88.160004,88.339996,467400,87.336892
2015-08-07,86.75,87.610001,86.330002,87.43,535500,86.437229
2015-08-06,87.709999,87.709999,86.889999,87.220001,471500,86.229614
2015-08-05,87.919998,87.949997,87.169998,87.610001,858400,86.615185
2015-08-04,86.300003,87.050003,85.860001,86.949997,594700,85.962676
2015-08-03,85.809998,86.199997,85.040001,86.129997,346700,85.151987
2015-07-31,85.720001,86.00,85.410004,85.50,573000,84.529144
2015-07-30,84.720001,85.489998,84.269997,85.260002,262500,84.291871
2015-07-29,84.860001,85.330002,84.32,85.269997,508400,84.301752
2015-07-28,84.089996,84.830002,83.43,84.82,427400,83.856865
2015-07-27,84.199997,84.410004,83.660004,83.769997,431600,82.818785
2015-07-24,85.230003,85.559998,84.120003,84.25,464000,83.293338
2015-07-23,86.860001,86.989998,85.57,85.739998,483600,84.766417
2015-07-22,85.760002,87.07,85.199997,86.940002,856700,85.952795
2015-07-21,86.18,86.760002,85.18,85.190002,583900,84.222666
2015-07-20,86.00,87.00,85.660004,86.099998,699200,85.122329