2015-12-16,25.51,26.280001,25.50,26.120001,6788900,26.120001
2015-12-15,24.51,25.43,24.51,25.34,6981100,25.34
2015-12-14,24.92,24.92,24.209999,24.379999,6361800,24.379999
2015-12-11,25.68,25.68,24.85,24.91,5941800,24.91
2015-12-10,26.389999,26.58,25.93,25.99,5108500,25.99
2015-12-09,26.49,27.08,26.280001,26.379999,5054000,26.379999
2015-12-08,26.85,26.99,26.459999,26.540001,6477000,26.540001
2015-12-07,26.700001,27.200001,26.49,27.129999,5394400,27.129999
2015-12-04,26.49,26.799999,26.41,26.709999,5513300,26.709999
2015-12-03,26.59,26.799999,26.299999,26.459999,6508000,26.459999
2015-12-02,27.10,27.10,26.459999,26.469999,4266600,26.469999
2015-12-01,26.99,27.120001,26.610001,27.030001,5543000,27.030001
2015-11-30,27.059999,27.129999,26.889999,26.93,4595300,26.93
2015-11-27,27.059999,27.190001,27.01,27.059999,1631400,27.059999
2015-11-25,27.18,27.18,26.959999,26.98,2970800,26.98
2015-11-24,27.110001,27.450001,27.040001,27.23,3570000,27.23
2015-11-23,27.209999,27.48,26.98,27.309999,4149000,27.309999
2015-11-20,28.10,28.110001,27.139999,27.23,5796100,27.23
2015-11-19,28.51,28.629999,28.42,28.469999,3828400,27.929999
2015-11-18,28.25,28.51,28.17,28.49,3789400,27.949621
2015-11-17,28.450001,28.469999,28.049999,28.129999,4106000,27.596448
2015-11-16,27.75,28.48,27.690001,28.48,3367100,27.93981
2015-11-13,28.00,28.200001,27.67,27.700001,4480400,27.174606
2015-11-12,28.280001,28.299999,27.91,28.00,3658800,27.468915
2015-11-11,28.68,28.780001,28.360001,28.43,3851800,27.890759
2015-11-10,28.68,28.780001,28.370001,28.60,3269300,28.057535
2015-11-09,28.50,28.870001,28.41,28.809999,4414000,28.263551
2015-11-06,28.77,28.77,28.02,28.57,5289400,28.028103
2015-11-05,28.25,29.370001,28.200001,28.709999,7443900,28.165447
2015-11-04,28.530001,28.60,27.959999,28.02,6207500,27.488536
2015-11-03,28.200001,28.530001,28.10,28.49,4474700,27.949621
2015-11-02,28.309999,28.459999,28.01,28.41,4808400,27.871138
2015-10-30,28.139999,28.35,27.889999,28.209999,3720800,27.674931
2015-10-29,28.030001,28.10,27.73,28.08,3035000,27.547397
2015-10-28,27.790001,28.290001,27.700001,28.120001,3089100,27.586639
2015-10-27,28.190001,28.299999,27.530001,27.639999,3632900,27.115742
2015-10-26,28.040001,28.389999,27.950001,28.32,4220000,27.782845
2015-10-23,28.08,28.17,27.85,28.02,3546700,27.488536
2015-10-22,27.42,27.98,27.41,27.91,4140100,27.380622
2015-10-21,27.450001,27.50,27.17,27.200001,2988300,26.684089
2015-10-20,26.91,27.32,26.84,27.25,2694800,26.73314
2015-10-19,26.73,27.030001,26.639999,26.92,4432500,26.4094
2015-10-16,27.120001,27.129999,26.610001,26.809999,4085900,26.301485
2015-10-15,26.309999,27.01,26.26,26.98,4160800,26.468261
2015-10-14,25.85,26.379999,25.85,26.18,3472300,25.683436
2015-10-13,25.780001,26.049999,25.67,25.780001,3339500,25.291023
2015-10-12,25.74,25.889999,25.48,25.860001,3541800,25.369505
2015-10-09,26.49,26.58,25.610001,25.719999,5020700,25.23216
2015-10-08,26.00,26.549999,25.82,26.51,3675300,26.007176
2015-10-07,25.879999,26.18,25.799999,26.059999,3890500,25.565711
2015-10-06,25.620001,25.870001,25.52,25.620001,5358200,25.134058
2015-10-05,24.82,25.700001,24.799999,25.639999,4026100,25.153677
2015-10-02,24.35,24.65,24.110001,24.65,4971300,24.182455
2015-10-01,25.120001,25.200001,24.48,24.60,4458200,24.133404
2015-09-30,24.91,25.23,24.83,25.120001,5522900,24.643541
2015-09-29,24.700001,24.83,24.290001,24.690001,5279900,24.221697
2015-09-28,25.200001,25.219999,24.559999,24.610001,6898400,24.143215
2015-09-25,25.27,25.60,25.08,25.360001,5740600,24.878989
2015-09-24,25.00,25.290001,24.809999,25.02,6792100,24.545438
2015-09-23,25.43,25.84,25.15,25.15,4049400,24.672971
2015-09-22,25.67,25.790001,25.33,25.379999,5241900,24.898608
2015-09-21,25.719999,26.07,25.700001,25.879999,4148400,25.389125
2015-09-18,25.76,25.85,25.41,25.629999,8333700,25.143866
2015-09-17,26.030001,26.389999,25.610001,26.040001,5639600,25.546092
2015-09-16,26.51,26.629999,26.09,26.129999,4934700,25.634383
2015-09-15,26.290001,26.540001,25.809999,26.469999,5446700,25.967934
2015-09-14,26.27,26.290001,25.809999,26.07,3701200,25.575521
2015-09-11,26.719999,26.73,26.110001,26.280001,6059300,25.781539
2015-09-10,27.00,27.120001,26.690001,26.780001,7831300,26.272056
2015-09-09,27.24,27.52,26.889999,26.969999,5811200,26.45845
2015-09-08,26.60,27.07,26.549999,26.959999,9591800,26.44864
2015-09-04,26.379999,26.40,26.08,26.18,5944700,25.683436
2015-09-03,26.379999,26.940001,26.379999,26.77,5027400,26.262245
2015-09-02,26.379999,27.16,26.110001,27.00,10175400,25.958124
2015-09-01,26.58,26.65,25.77,25.90,6195500,24.900571
2015-08-31,26.98,27.290001,26.809999,27.040001,5508900,25.996582
2015-08-28,26.700001,27.27,26.620001,27.040001,4785200,25.996582
2015-08-27,26.67,26.799999,26.219999,26.74,7642400,25.708157
2015-08-26,25.76,26.52,25.34,26.370001,8906200,25.352436
2015-08-25,26.59,26.59,25.16,25.17,7080000,24.19874
2015-08-24,25.76,26.690001,24.809999,25.860001,10127900,24.862115
2015-08-21,27.59,27.950001,27.110001,27.110001,5755100,26.06388
2015-08-20,28.16,28.23,27.700001,27.709999,3760700,26.640726
2015-08-19,28.00,28.540001,27.92,28.370001,3766300,27.27526
2015-08-18,28.309999,28.610001,28.049999,28.120001,4753400,27.034907
2015-08-17,28.10,28.58,27.959999,28.42,3292400,27.323329
2015-08-14,27.99,28.379999,27.99,28.27,3816300,27.179118
2015-08-13,28.549999,28.620001,27.75,27.969999,5846300,26.890693
2015-08-12,27.99,28.549999,27.639999,28.530001,5304400,27.429085
2015-08-11,28.620001,28.92,28.10,28.24,4552800,27.150275
2015-08-10,27.82,28.799999,27.719999,28.76,5873000,27.65021
2015-08-07,27.90,28.07,27.33,27.65,7704900,26.583042
2015-08-06,27.52,28.059999,26.48,27.93,13508100,26.852238
2015-08-05,28.66,28.91,28.40,28.559999,5688900,27.457927
2015-08-04,28.879999,28.889999,28.370001,28.43,5086300,27.332944
2015-08-03,28.74,29.030001,28.40,28.90,6371700,27.784807
2015-07-31,28.42,29.059999,28.379999,28.60,6925000,27.496384
2015-07-30,28.120001,28.219999,27.870001,28.16,5565400,27.073362
2015-07-29,28.120001,28.18,27.780001,28.16,6479000,27.073362
2015-07-28,28.33,28.469999,27.98,28.219999,4480200,27.131046
2015-07-27,27.959999,28.299999,27.50,28.120001,5833200,27.034907
2015-07-24,29.049999,29.049999,28.01,28.030001,6520600,26.948379
2015-07-23,29.209999,29.35,28.90,28.959999,5870200,27.842491
2015-07-22,29.700001,29.799999,29.110001,29.190001,4721100,28.063617
2015-07-21,30.370001,30.389999,29.67,29.719999,4644300,28.573164
2015-07-20,30.940001,31.00,30.459999,30.50,5490000,29.323066