2015-12-16,60.900002,62.52,60.799999,62.419998,6070100,62.419998
2015-12-15,60.009998,61.049999,60.00,60.509998,5322500,60.509998
2015-12-14,58.889999,59.77,58.669998,59.759998,6361500,59.759998
2015-12-11,59.540001,59.82,58.150002,58.299999,5203700,58.299999
2015-12-10,60.48,60.919998,60.119999,60.369999,3311100,60.369999
2015-12-09,61.509998,62.299999,59.84,60.330002,4271200,60.330002
2015-12-08,61.349998,62.619999,61.310001,62.009998,2755700,62.009998
2015-12-07,62.57,62.810001,61.619999,62.00,4639700,62.00
2015-12-04,61.77,63.040001,61.529999,62.959999,4052800,62.959999
2015-12-03,64.050003,64.290001,61.169998,61.669998,4848000,61.669998
2015-12-02,64.940002,65.199997,63.959999,64.040001,3880800,64.040001
2015-12-01,64.650002,65.25,64.559998,65.199997,2531300,65.199997
2015-11-30,64.970001,64.989998,64.279999,64.580002,3480300,64.580002
2015-11-27,64.639999,65.43,64.510002,64.730003,1413300,64.730003
2015-11-25,64.559998,64.830002,64.199997,64.470001,1897100,64.470001
2015-11-24,63.900002,64.779999,63.689999,64.580002,3600400,64.580002
2015-11-23,64.989998,65.089996,63.93,64.239998,3287600,64.239998
2015-11-20,65.790001,65.910004,65.040001,65.129997,3166000,65.129997
2015-11-19,65.330002,65.580002,64.910004,65.239998,3099500,65.239998
2015-11-18,64.480003,65.360001,63.869999,65.260002,2812400,65.260002
2015-11-17,65.32,65.860001,63.27,64.110001,5906000,64.110001
2015-11-16,65.989998,66.279999,65.349998,65.860001,3136700,65.860001
2015-11-13,66.699997,67.18,65.809998,65.900002,2752700,65.900002
2015-11-12,67.519997,68.040001,66.940002,67.110001,2474400,67.110001
2015-11-11,68.379997,68.980003,67.690002,67.889999,2811900,67.889999
2015-11-10,67.870003,68.18,67.410004,68.089996,2405500,68.089996
2015-11-09,68.779999,68.800003,67.470001,67.970001,2919200,67.970001
2015-11-06,66.82,69.230003,66.82,69.050003,4419300,69.050003
2015-11-05,67.489998,67.660004,66.559998,67.169998,3174500,67.169998
2015-11-04,67.220001,67.32,65.339996,66.82,6384800,66.82
2015-11-03,68.160004,68.910004,68.059998,68.139999,3744500,68.139999
2015-11-02,68.540001,68.660004,68.150002,68.43,3674500,68.43
2015-10-30,68.900002,69.080002,68.089996,68.110001,3230100,68.110001
2015-10-29,69.410004,69.519997,68.699997,68.879997,1953000,68.879997
2015-10-28,68.449997,69.800003,68.199997,69.760002,3143200,69.760002
2015-10-27,68.029999,68.330002,67.779999,68.260002,3005900,68.260002
2015-10-26,68.940002,69.120003,68.220001,68.449997,2625200,68.449997
2015-10-23,68.849998,69.32,68.199997,68.830002,3948400,68.830002
2015-10-22,65.910004,68.489998,65.629997,68.43,5831400,68.43
2015-10-21,65.510002,66.18,64.870003,64.970001,2645000,64.970001
2015-10-20,64.68,65.330002,64.660004,65.199997,2287000,65.199997
2015-10-19,64.830002,65.059998,64.370003,65.050003,3355300,65.050003
2015-10-16,65.400002,65.57,64.599998,64.900002,3546000,64.900002
2015-10-15,65.190002,65.269997,64.419998,64.900002,3360100,64.900002
2015-10-14,65.00,65.279999,64.550003,64.75,2840600,64.75
2015-10-13,65.75,65.879997,64.599998,64.839996,3792300,64.839996
2015-10-12,66.919998,67.959999,65.779999,66.190002,2880700,66.190002
2015-10-09,66.599998,66.980003,66.360001,66.940002,3306700,66.940002
2015-10-08,65.510002,66.620003,65.480003,66.360001,2083500,66.360001
2015-10-07,65.449997,65.989998,64.800003,65.989998,3139500,65.989998
2015-10-06,64.809998,65.209999,64.529999,64.980003,2310800,64.980003
2015-10-05,63.91,65.260002,63.599998,65.110001,2959400,65.110001
2015-10-02,62.099998,63.279999,61.27,63.27,3032100,63.27
2015-10-01,62.950001,63.560001,62.23,63.27,3411700,63.27
2015-09-30,61.509998,62.700001,61.099998,62.610001,4033600,62.610001
2015-09-29,60.220001,60.73,59.939999,60.580002,2838000,60.580002
2015-09-28,61.150002,61.490002,59.91,60.040001,2990800,60.040001
2015-09-25,61.93,62.080002,60.84,61.290001,2559600,61.290001
2015-09-24,61.619999,61.849998,60.560001,61.119999,5025700,61.119999
2015-09-23,61.880001,62.52,61.610001,62.25,2300500,62.25
2015-09-22,62.099998,62.43,61.32,61.860001,2218400,61.860001
2015-09-21,62.150002,63.099998,62.00,62.82,2992900,62.82
2015-09-18,62.099998,62.619999,61.509998,61.830002,4411600,61.830002
2015-09-17,63.470001,63.779999,62.75,62.889999,2819100,62.889999
2015-09-16,62.919998,64.00,62.73,63.619999,2791200,63.619999
2015-09-15,62.450001,62.84,62.040001,62.77,4727900,62.77
2015-09-14,62.869999,63.119999,61.950001,62.080002,2394700,62.080002
2015-09-11,62.259998,62.970001,61.950001,62.790001,2367500,62.790001
2015-09-10,61.799999,63.220001,61.689999,62.630001,2834800,62.630001
2015-09-09,63.75,63.869999,61.939999,62.130001,2699400,62.130001
2015-09-08,63.009998,63.490002,62.470001,63.169998,3825300,63.169998
2015-09-04,61.759998,62.439999,61.23,61.75,3489500,61.75
2015-09-03,62.84,63.400002,62.540001,62.860001,2974800,62.860001
2015-09-02,62.139999,62.549999,60.610001,62.540001,3699500,62.540001
2015-09-01,61.540001,62.400002,60.830002,61.23,5097100,61.23
2015-08-31,63.130001,63.389999,62.549999,62.939999,4385900,62.939999
2015-08-28,62.869999,64.120003,62.610001,63.720001,4176600,63.720001
2015-08-27,62.73,63.91,62.259998,63.799999,4866200,63.799999
2015-08-26,60.57,62.240002,59.77,62.16,5730100,62.16
2015-08-25,61.310001,62.240002,58.830002,58.98,6288300,58.98
2015-08-24,59.139999,62.23,57.50,59.830002,6781500,59.830002
2015-08-21,65.010002,65.599998,62.849998,62.849998,4935600,62.849998
2015-08-20,66.370003,66.75,65.220001,65.699997,4240100,65.699997
2015-08-19,67.330002,67.720001,66.82,67.029999,3091700,67.029999
2015-08-18,67.639999,67.980003,67.379997,67.839996,2009100,67.839996
2015-08-17,66.790001,67.709999,66.690002,67.650002,2679800,67.650002
2015-08-14,67.620003,68.040001,67.019997,67.169998,3050300,67.169998
2015-08-13,67.410004,68.269997,66.860001,67.940002,2812100,67.940002
2015-08-12,67.599998,67.919998,66.629997,67.470001,3298900,67.470001
2015-08-11,68.059998,68.150002,67.019997,67.779999,3256000,67.779999
2015-08-10,68.00,68.489998,67.849998,68.440002,3113600,68.440002
2015-08-07,67.550003,68.059998,66.339996,67.620003,4592700,67.620003
2015-08-06,67.879997,68.260002,66.379997,67.080002,4299300,67.080002
2015-08-05,67.360001,69.349998,67.230003,67.339996,8296400,67.339996
2015-08-04,63.060001,63.82,62.93,63.290001,4976400,63.290001
2015-08-03,63.310001,63.380001,62.50,62.880001,2529400,62.880001
2015-07-31,63.66,63.669998,62.759998,63.099998,3302400,63.099998
2015-07-30,61.830002,63.279999,61.32,63.119999,2929100,63.119999
2015-07-29,61.220001,62.330002,60.93,62.259998,2889400,62.259998
2015-07-28,60.50,61.50,60.389999,61.169998,1930700,61.169998
2015-07-27,61.259998,61.34,60.580002,60.75,1712800,60.75
2015-07-24,62.689999,62.689999,61.349998,61.599998,2075500,61.599998
2015-07-23,62.240002,62.689999,61.950001,62.259998,1752500,62.259998
2015-07-22,61.369999,62.419998,61.369999,62.189999,2257700,62.189999
2015-07-21,61.709999,61.990002,61.32,61.560001,3431500,61.560001
2015-07-20,60.860001,60.860001,60.310001,60.490002,1499700,60.490002