2015-12-16,78.790001,79.550003,77.720001,79.169998,2399100,79.169998
2015-12-15,76.389999,78.709999,76.010002,78.349998,2414800,78.349998
2015-12-14,75.379997,76.190002,74.029999,75.459999,1522700,75.459999
2015-12-11,75.949997,76.839996,74.860001,75.080002,1621800,75.080002
2015-12-10,76.370003,77.43,76.25,76.839996,1241300,76.839996
2015-12-09,78.099998,78.50,75.959999,76.550003,2042200,76.550003
2015-12-08,76.25,79.809998,75.760002,78.519997,2873500,78.519997
2015-12-07,76.349998,76.839996,75.559998,76.599998,1489100,76.599998
2015-12-04,75.389999,76.389999,74.889999,76.209999,1954500,76.209999
2015-12-03,77.209999,77.610001,74.919998,75.400002,1517400,75.400002
2015-12-02,78.029999,78.650002,76.610001,77.190002,1525100,77.190002
2015-12-01,77.639999,78.00,76.440002,77.830002,1421000,77.830002
2015-11-30,76.519997,77.199997,76.230003,76.669998,1635500,76.669998
2015-11-27,76.260002,77.139999,76.050003,76.849998,446100,76.849998
2015-11-25,77.360001,78.18,75.940002,76.360001,1083200,76.360001
2015-11-24,75.459999,77.010002,74.559998,76.879997,2602500,76.879997
2015-11-23,74.959999,76.089996,74.769997,75.830002,1785400,75.830002
2015-11-20,73.18,75.379997,72.660004,75.050003,2805000,75.050003
2015-11-19,70.529999,73.75,70.529999,72.620003,4004800,72.620003
2015-11-18,75.980003,75.980003,70.339996,70.540001,8160800,70.540001
2015-11-17,79.709999,80.470001,77.919998,78.419998,1852100,78.419998
2015-11-16,77.959999,79.440002,77.959999,79.419998,2155700,79.419998
2015-11-13,79.989998,80.080002,77.230003,77.910004,2657300,77.910004
2015-11-12,81.150002,82.139999,80.160004,80.25,1989200,80.25
2015-11-11,81.089996,81.809998,80.800003,80.889999,943400,80.889999
2015-11-10,80.489998,81.129997,80.010002,81.089996,1662800,81.089996
2015-11-09,81.790001,81.910004,79.699997,80.410004,2208400,80.410004
2015-11-06,82.010002,83.150002,81.620003,82.019997,1945500,82.019997
2015-11-05,83.089996,83.110001,81.550003,82.120003,1391300,82.120003
2015-11-04,81.610001,82.940002,79.949997,82.720001,1725000,82.720001
2015-11-03,82.50,83.00,81.589996,81.75,1518600,81.75
2015-11-02,82.360001,83.129997,81.309998,82.75,1258600,82.75
2015-10-30,81.629997,82.730003,81.629997,82.099998,1448700,82.099998
2015-10-29,83.470001,83.529999,81.580002,81.709999,1449200,81.709999
2015-10-28,81.629997,84.169998,81.629997,84.169998,1112000,84.169998
2015-10-27,81.839996,82.68,81.029999,82.230003,1710000,82.230003
2015-10-26,81.300003,83.360001,80.669998,82.18,2052700,82.18
2015-10-23,80.620003,81.169998,79.290001,81.139999,2040900,81.139999
2015-10-22,78.269997,80.839996,76.459999,80.580002,6066600,80.580002
2015-10-21,75.599998,75.889999,71.809998,71.919998,2487900,71.919998
2015-10-20,75.519997,76.260002,74.309998,75.919998,1129000,75.919998
2015-10-19,75.190002,76.080002,74.639999,75.870003,1373000,75.870003
2015-10-16,74.949997,75.610001,74.589996,75.470001,1405100,75.470001
2015-10-15,73.940002,75.050003,73.599998,74.849998,2239100,74.849998
2015-10-14,74.32,74.900002,73.260002,73.559998,1387600,73.559998
2015-10-13,75.519997,75.970001,74.400002,74.580002,2545000,74.580002
2015-10-12,76.00,76.279999,75.389999,75.720001,1720300,75.720001
2015-10-09,72.839996,76.110001,72.839996,76.019997,1718600,76.019997
2015-10-08,72.25,74.849998,71.769997,74.540001,1379000,74.540001
2015-10-07,71.760002,72.440002,70.980003,72.43,1501400,72.43
2015-10-06,72.339996,72.50,71.18,71.639999,2192700,71.639999
2015-10-05,72.129997,73.169998,72.00,72.699997,1372500,72.699997
2015-10-02,69.169998,71.580002,68.50,71.57,1463100,71.57
2015-10-01,69.389999,70.220001,68.849998,70.099998,1723100,70.099998
2015-09-30,68.199997,69.400002,67.639999,69.279999,1886300,69.279999
2015-09-29,68.800003,69.040001,67.470001,67.620003,2183700,67.620003
2015-09-28,71.760002,72.169998,69.25,69.260002,1911100,69.260002
2015-09-25,73.470001,74.150002,71.459999,71.919998,2697200,71.919998
2015-09-24,71.760002,73.220001,71.660004,72.970001,1642700,72.970001
2015-09-23,73.50,74.669998,71.57,72.400002,2537700,72.400002
2015-09-22,72.190002,73.040001,71.190002,72.150002,1268700,72.150002
2015-09-21,72.57,73.239998,72.059998,72.910004,1107000,72.910004
2015-09-18,72.129997,74.010002,72.080002,72.300003,5262900,72.300003
2015-09-17,72.919998,74.139999,72.730003,73.089996,2445100,73.089996
2015-09-16,72.129997,73.059998,71.980003,72.970001,1677600,72.970001
2015-09-15,70.900002,72.410004,70.480003,72.25,2739400,72.25
2015-09-14,70.93,71.400002,70.169998,70.699997,2016600,70.699997
2015-09-11,69.720001,70.669998,69.32,70.459999,1915300,70.459999
2015-09-10,68.699997,70.669998,68.699997,69.900002,1304100,69.900002
2015-09-09,70.510002,70.760002,68.779999,68.93,3215700,68.93
2015-09-08,69.230003,69.879997,68.120003,69.839996,2209500,69.839996
2015-09-04,66.910004,68.239998,66.75,67.889999,1708000,67.889999
2015-09-03,67.730003,69.099998,67.480003,67.870003,2254700,67.870003
2015-09-02,66.580002,67.400002,65.410004,67.389999,2782700,67.389999
2015-09-01,66.379997,66.949997,65.110001,65.400002,2330400,65.400002
2015-08-31,68.610001,68.809998,67.730003,68.110001,2176000,68.110001
2015-08-28,69.010002,69.309998,68.290001,68.690002,2045000,68.690002
2015-08-27,69.129997,70.309998,68.139999,69.589996,2227500,69.589996
2015-08-26,68.050003,68.470001,66.199997,68.410004,2507600,68.410004
2015-08-25,69.260002,69.330002,66.150002,66.199997,2728700,66.199997
2015-08-24,70.129997,70.989998,66.400002,67.019997,4541300,67.019997
2015-08-21,75.339996,75.940002,73.900002,73.910004,1851300,73.910004
2015-08-20,76.760002,77.220001,75.849998,75.860001,1130000,75.860001
2015-08-19,77.699997,78.419998,77.040001,77.620003,802000,77.620003
2015-08-18,77.790001,78.239998,77.580002,78.089996,1162000,78.089996
2015-08-17,77.290001,77.769997,76.830002,77.739998,914600,77.739998
2015-08-14,76.919998,78.040001,76.580002,77.550003,1505700,77.550003
2015-08-13,76.699997,77.099998,75.760002,76.800003,2309800,76.800003
2015-08-12,74.889999,76.760002,74.160004,76.419998,3387200,76.419998
2015-08-11,75.709999,75.849998,74.510002,75.199997,1601500,75.199997
2015-08-10,75.910004,76.220001,75.290001,76.129997,1265500,76.129997
2015-08-07,75.410004,75.889999,74.730003,75.260002,1251800,75.260002
2015-08-06,77.25,77.339996,75.669998,75.720001,2180100,75.720001
2015-08-05,76.709999,77.709999,76.230003,76.959999,2370500,76.959999
2015-08-04,75.589996,76.110001,75.010002,76.059998,3095500,76.059998
2015-08-03,75.199997,76.120003,74.93,75.870003,1831900,75.870003
2015-07-31,75.809998,75.919998,75.339996,75.610001,1553400,75.610001
2015-07-30,75.00,75.800003,74.589996,75.760002,2520800,75.760002
2015-07-29,73.00,76.699997,72.82,75.269997,6310700,75.269997
2015-07-28,68.739998,69.699997,68.190002,69.629997,1594500,69.629997
2015-07-27,68.839996,69.220001,68.290001,68.610001,1587400,68.610001
2015-07-24,70.00,70.00,68.849998,69.279999,1119500,69.279999
2015-07-23,69.50,70.360001,69.300003,69.660004,677100,69.660004
2015-07-22,69.330002,69.760002,69.209999,69.330002,963700,69.330002
2015-07-21,69.360001,70.019997,69.279999,69.629997,620700,69.629997
2015-07-20,69.639999,69.900002,69.239998,69.349998,808700,69.349998