2015-12-16,92.580002,93.82,90.809998,93.440002,16816900,93.440002
2015-12-15,90.580002,93.400002,90.550003,92.760002,19086400,92.760002
2015-12-14,86.300003,89.589996,85.410004,89.330002,12260500,89.330002
2015-12-11,87.849998,87.910004,86.089996,86.440002,13068200,86.440002
2015-12-10,88.00,90.459999,87.610001,89.300003,14503300,89.300003
2015-12-09,86.669998,90.139999,86.300003,87.599998,14625900,87.599998
2015-12-08,85.809998,88.00,84.25,86.440002,13203600,86.440002
2015-12-07,87.480003,87.940002,84.900002,87.279999,15319400,87.279999
2015-12-04,87.900002,89.82,86.489998,89.709999,12843500,89.709999
2015-12-03,90.809998,91.419998,88.360001,88.849998,10984300,88.849998
2015-12-02,92.599998,92.690002,90.029999,90.25,11745400,90.25
2015-12-01,90.970001,92.650002,90.970001,92.480003,6973200,92.480003
2015-11-30,90.639999,91.959999,90.440002,91.32,11282900,91.32
2015-11-27,90.25,90.839996,90.050003,90.370003,2547800,90.370003
2015-11-25,90.709999,91.32,90.160004,90.870003,5419300,90.870003
2015-11-24,90.190002,92.300003,89.800003,91.349998,8549000,91.349998
2015-11-23,88.650002,90.440002,88.110001,90.010002,6889600,90.010002
2015-11-20,90.639999,91.309998,88.809998,89.010002,8561400,89.010002
2015-11-19,92.029999,92.370003,90.43,90.830002,6096700,90.830002
2015-11-18,91.440002,92.75,91.029999,92.209999,6886900,92.209999
2015-11-17,91.269997,92.50,90.699997,91.029999,7575800,91.029999
2015-11-16,87.790001,91.470001,87.790001,91.449997,10101100,91.449997
2015-11-13,89.57,89.970001,88.190002,88.68,7676600,87.610003
2015-11-12,90.75,91.150002,89.25,89.860001,8951300,88.775765
2015-11-11,93.389999,93.709999,91.860001,92.190002,6085300,91.077654
2015-11-10,92.099998,93.50,91.839996,93.230003,6823100,92.105106
2015-11-09,93.480003,94.449997,92.099998,92.32,7659100,91.206082
2015-11-06,93.709999,94.07,91.760002,94.029999,9634200,92.895449
2015-11-05,96.050003,96.550003,94.330002,94.550003,11184800,93.409179
2015-11-04,98.019997,98.099998,96.080002,96.769997,11931300,95.602387
2015-11-03,95.419998,98.639999,95.419998,98.139999,17669200,96.955859
2015-11-02,90.610001,95.279999,90.480003,94.959999,14277300,93.814228
2015-10-30,91.139999,91.980003,89.410004,90.879997,11559300,89.783455
2015-10-29,89.32,90.93,89.139999,89.889999,6686000,88.805402
2015-10-28,88.209999,90.120003,87.919998,89.790001,8236500,88.70661
2015-10-27,87.730003,87.959999,86.739998,87.699997,9328800,86.641824
2015-10-26,90.870003,90.879997,88.580002,88.769997,8606600,87.698913
2015-10-23,90.75,91.93,90.089996,91.239998,8134800,90.139112
2015-10-22,89.739998,91.809998,89.739998,91.620003,8971700,90.514532
2015-10-21,89.440002,90.629997,89.139999,89.330002,7423400,88.252161
2015-10-20,89.50,90.489998,89.389999,89.989998,8221100,88.904194
2015-10-19,90.360001,90.540001,89.220001,90.029999,8900400,88.943712
2015-10-16,91.550003,91.660004,90.019997,91.290001,7754600,90.188511
2015-10-15,89.650002,90.870003,88.440002,90.720001,8960400,89.625389
2015-10-14,88.230003,89.970001,87.709999,89.760002,9734500,88.676973
2015-10-13,87.800003,88.940002,87.290001,88.379997,8012500,87.313619
2015-10-12,89.860001,89.980003,87.870003,88.739998,7917500,87.669276
2015-10-09,90.199997,90.400002,88.669998,89.57,10011100,88.489263
2015-10-08,87.889999,90.139999,87.800003,89.910004,11299100,88.825165
2015-10-07,88.25,89.510002,86.279999,88.120003,17670500,87.056762
2015-10-06,84.18,87.629997,84.07,86.989998,18897100,85.940392
2015-10-05,82.410004,84.190002,82.349998,84.029999,14196800,83.016107
2015-10-02,77.739998,81.550003,77.309998,81.550003,13051900,80.566035
2015-10-01,79.720001,80.889999,77.809998,78.339996,11111900,77.394759
2015-09-30,77.150002,79.019997,77.00,78.879997,14108800,77.928245
2015-09-29,76.040001,76.660004,75.279999,76.25,8797800,75.329981
2015-09-28,76.660004,76.93,75.75,75.769997,10567000,74.855769
2015-09-25,77.870003,78.160004,76.919998,77.699997,10862600,76.762482
2015-09-24,75.449997,77.309998,75.099998,76.889999,10302600,75.962258
2015-09-23,77.400002,77.529999,75.760002,76.120003,9043000,75.201552
2015-09-22,76.839996,77.690002,76.489998,77.25,9692300,76.317915
2015-09-21,78.300003,78.730003,77.839996,78.089996,8523500,77.147776
2015-09-18,77.910004,78.699997,76.970001,77.739998,18635900,76.802
2015-09-17,79.120003,80.470001,78.599998,79.410004,12324300,78.451856
2015-09-16,77.82,79.209999,77.769997,79.019997,12593500,78.066555
2015-09-15,76.43,77.690002,76.209999,77.169998,11678100,76.238878
2015-09-14,75.519997,76.00,74.959999,75.769997,10235500,74.855769
2015-09-11,75.940002,76.25,75.089996,75.790001,11032100,74.875532
2015-09-10,75.730003,75.800003,74.309998,75.660004,11475200,74.747103
2015-09-09,77.43,78.199997,74.75,74.919998,11297400,74.016026
2015-09-08,77.529999,77.559998,76.239998,76.839996,9316500,75.912858
2015-09-04,77.300003,77.629997,76.449997,76.669998,11210000,75.744911
2015-09-03,78.699997,79.419998,77.690002,78.260002,12282600,77.31573
2015-09-02,79.75,79.75,77.230003,78.059998,14255900,77.118139
2015-09-01,78.760002,79.389999,77.519997,78.190002,17954200,77.246575
2015-08-31,80.010002,81.080002,77.919998,80.989998,16880400,80.012786
2015-08-28,77.720001,81.199997,77.580002,80.43,23735400,79.459546
2015-08-27,75.00,78.120003,74.559998,77.639999,21539600,76.703209
2015-08-26,71.720001,73.099998,70.949997,73.089996,17400400,72.208105
2015-08-25,74.93,75.019997,69.839996,70.019997,21128000,69.175147
2015-08-24,70.550003,75.379997,69.580002,72.120003,24191900,71.249815
2015-08-21,78.870003,79.589996,75.709999,75.760002,18383600,74.845895
2015-08-20,80.660004,81.290001,79.239998,79.239998,11857200,78.283902
2015-08-19,82.870003,82.910004,80.669998,80.910004,13129000,79.933757
2015-08-18,83.080002,83.769997,82.82,83.440002,9093400,82.43323
2015-08-17,84.459999,84.510002,83.110001,83.230003,12602500,82.225764
2015-08-14,85.779999,86.419998,85.290001,85.989998,7748900,83.895363
2015-08-13,86.029999,86.339996,85.449997,85.849998,9562400,83.758774
2015-08-12,85.00,87.110001,84.919998,86.790001,11316300,84.675879
2015-08-11,84.379997,85.980003,83.599998,85.779999,9797400,83.69048
2015-08-10,84.199997,86.099998,83.879997,85.889999,8342000,83.797801
2015-08-07,84.709999,85.260002,83.43,83.75,7422000,81.70993
2015-08-06,83.559998,85.580002,82.889999,85.190002,9805000,83.114855
2015-08-05,85.440002,86.00,83.870003,84.029999,11254600,81.983108
2015-08-04,85.739998,86.900002,84.68,85.209999,8537200,83.134365
2015-08-03,87.279999,87.330002,85.32,85.599998,14142200,83.514864
2015-07-31,91.519997,91.75,88.010002,88.480003,19063400,86.324715
2015-07-30,93.449997,93.809998,92.75,93.029999,6435700,90.763877
2015-07-29,91.980003,93.400002,91.440002,93.25,9821500,90.978519
2015-07-28,89.449997,92.690002,89.43,92.400002,11536900,90.149226
2015-07-27,89.860001,90.089996,88.739998,89.139999,10342700,86.968634
2015-07-24,92.779999,92.779999,90.349998,90.599998,11158400,88.393069
2015-07-23,93.57,94.07,92.699997,92.940002,7360700,90.676073
2015-07-22,93.510002,94.330002,93.290001,93.510002,9327500,91.232188
2015-07-21,93.00,94.139999,93.00,93.900002,7043100,91.612687
2015-07-20,93.300003,93.489998,92.589996,92.940002,6006900,90.676073