2015-12-16,51.400002,52.290001,50.849998,52.119999,9124500,52.119999
2015-12-15,50.669998,51.41,50.07,51.150002,8079700,51.150002
2015-12-14,49.52,50.41,48.759998,50.18,9977900,50.18
2015-12-11,50.369999,50.650002,49.220001,49.279999,8624900,49.279999
2015-12-10,49.709999,51.919998,49.540001,51.279999,10082200,51.279999
2015-12-09,50.02,50.740002,49.139999,49.509998,8102800,49.509998
2015-12-08,51.330002,51.82,49.889999,50.27,13464200,50.27
2015-12-07,50.27,51.82,50.189999,51.779999,13809100,51.779999
2015-12-04,49.00,49.799999,48.669998,49.779999,12600900,49.779999
2015-12-03,48.419998,48.990002,47.849998,48.220001,11591700,48.220001
2015-12-02,49.169998,49.330002,48.18,48.330002,12801000,48.330002
2015-12-01,46.810001,47.700001,46.580002,47.669998,5948000,47.669998
2015-11-30,47.209999,47.439999,46.439999,46.459999,8117800,46.459999
2015-11-27,46.990002,47.50,46.779999,47.139999,2597700,47.139999
2015-11-25,47.450001,47.619999,46.369999,46.869999,7731700,46.869999
2015-11-24,47.360001,48.00,46.669998,47.240002,11111000,47.240002
2015-11-23,49.00,49.189999,48.400002,48.740002,6261100,48.740002
2015-11-20,48.470001,48.869999,48.43,48.759998,6878200,48.759998
2015-11-19,48.200001,48.759998,48.02,48.509998,7857100,48.509998
2015-11-18,47.830002,47.990002,46.650002,47.75,10952800,47.75
2015-11-17,48.060001,49.060001,47.720001,47.77,10417300,47.77
2015-11-16,47.860001,48.150002,47.009998,47.93,12339200,47.93
2015-11-13,49.82,50.080002,48.75,48.990002,9207300,48.990002
2015-11-12,49.990002,50.43,49.900002,49.98,9350200,49.98
2015-11-11,50.490002,50.73,49.959999,49.98,6116400,49.98
2015-11-10,50.599998,51.00,49.549999,50.299999,7348900,50.299999
2015-11-09,50.93,50.950001,50.23,50.630001,5559100,50.630001
2015-11-06,50.529999,51.48,50.450001,51.200001,6376100,51.200001
2015-11-05,50.830002,51.150002,50.32,50.540001,5736700,50.540001
2015-11-04,51.259998,51.259998,50.470001,50.66,7353500,50.66
2015-11-03,51.650002,52.00,50.849998,51.00,10988100,50.865001
2015-11-02,50.900002,51.27,50.669998,50.700001,8548100,50.565796
2015-10-30,50.50,51.450001,50.290001,50.84,7052500,50.705425
2015-10-29,50.040001,50.650002,49.610001,50.50,5632800,50.366324
2015-10-28,51.130001,51.130001,49.540001,50.139999,7435100,50.007277
2015-10-27,51.00,51.48,50.389999,50.869999,7910200,50.735344
2015-10-26,50.889999,51.470001,50.32,51.32,5579300,51.184153
2015-10-23,51.23,51.66,50.50,51.00,11458600,50.865001
2015-10-22,50.139999,50.939999,49.349998,50.810001,9528500,50.675505
2015-10-21,49.799999,50.59,49.34,49.439999,7607300,49.309129
2015-10-20,50.32,50.77,49.799999,50.150002,8745500,50.017252
2015-10-19,49.209999,50.580002,49.130001,50.27,11037800,50.136934
2015-10-16,48.740002,49.130001,48.080002,49.119999,14162300,48.989976
2015-10-15,48.950001,49.32,48.360001,48.93,8423700,48.800481
2015-10-14,48.580002,49.48,47.93,48.59,15052900,48.46138
2015-10-13,48.099998,49.110001,47.720001,47.73,13839900,47.603656
2015-10-12,47.52,48.50,47.52,48.50,10647300,48.371618
2015-10-09,46.290001,47.330002,46.16,47.209999,10715300,47.085032
2015-10-08,45.799999,46.07,45.169998,45.959999,8905400,45.838341
2015-10-07,45.200001,46.00,44.470001,45.990002,11737900,45.868264
2015-10-06,46.73,47.240002,45.00,45.09,9081000,44.970645
2015-10-05,45.220001,47.040001,45.040001,46.959999,8629300,46.835694
2015-10-02,44.939999,44.939999,43.349998,44.869999,10918900,44.751226
2015-10-01,44.709999,45.50,44.139999,45.41,8096500,45.289798
2015-09-30,44.720001,45.040001,43.860001,44.869999,9525700,44.751226
2015-09-29,44.509998,44.93,43.57,44.040001,7508800,43.923425
2015-09-28,45.869999,45.939999,44.360001,44.66,7367300,44.541783
2015-09-25,46.52,46.84,45.59,46.040001,6882900,45.918131
2015-09-24,46.330002,46.380001,45.060001,45.91,8871600,45.788474
2015-09-23,46.50,46.880001,45.93,46.59,4872500,46.466674
2015-09-22,46.900002,47.169998,45.959999,46.459999,8329500,46.337018
2015-09-21,46.77,47.669998,46.689999,47.25,7670500,47.124927
2015-09-18,47.080002,47.189999,46.549999,46.669998,11862900,46.546461
2015-09-17,47.310001,48.18,46.880001,47.490002,11128000,47.364294
2015-09-16,46.830002,47.41,46.529999,47.09,7903500,46.965351
2015-09-15,47.00,47.119999,46.310001,46.889999,8804600,46.76588
2015-09-14,46.970001,47.290001,46.599998,46.889999,5253000,46.76588
2015-09-11,46.50,47.049999,46.27,46.919998,7030100,46.795799
2015-09-10,46.290001,47.00,46.119999,46.490002,8754700,46.366941
2015-09-09,46.939999,47.189999,45.900002,46.009998,9614000,45.888208
2015-09-08,46.220001,46.650002,45.959999,46.59,8177800,46.466674
2015-09-04,44.549999,45.990002,44.310001,45.400002,8955300,45.279826
2015-09-03,46.060001,46.549999,44.91,45.060001,10909000,44.940726
2015-09-02,44.650002,46.00,44.349998,45.990002,15227900,45.868264
2015-09-01,43.950001,44.459999,43.299999,43.77,11269300,43.654139
2015-08-31,43.970001,44.599998,43.540001,43.779999,8387000,43.664111
2015-08-28,43.939999,44.299999,43.41,43.939999,9205800,43.823688
2015-08-27,44.189999,44.349998,42.77,43.860001,12853000,43.743901
2015-08-26,42.610001,43.880001,41.490002,43.700001,14221500,43.584325
2015-08-25,43.84,43.84,41.369999,41.369999,10465900,41.260491
2015-08-24,39.50,44.16,34.610001,42.150002,15222400,42.038429
2015-08-21,45.50,45.580002,43.59,43.599998,14908800,43.484587
2015-08-20,46.549999,47.080002,45.669998,45.709999,9484800,45.589003
2015-08-19,47.360001,47.59,46.610001,47.080002,9389300,46.955379
2015-08-18,48.080002,48.299999,46.919998,47.360001,8076100,47.234637
2015-08-17,47.77,48.25,47.32,47.990002,8136600,47.86297
2015-08-14,47.360001,47.959999,47.279999,47.630001,6117400,47.503922
2015-08-13,46.889999,47.869999,46.470001,47.450001,9953500,47.324399
2015-08-12,46.799999,46.810001,44.77,46.599998,11334000,46.476646
2015-08-11,46.290001,47.48,46.130001,47.099998,9734300,46.975323
2015-08-10,46.73,47.189999,46.209999,46.32,6325400,46.197389
2015-08-07,45.84,46.48,45.759998,46.349998,6825100,46.227308
2015-08-06,46.48,46.790001,45.759998,46.040001,6525100,45.918131
2015-08-05,46.360001,46.529999,46.130001,46.299999,5838700,46.177441
2015-08-04,46.32,47.099998,45.779999,46.349998,11268300,46.092664
2015-08-03,44.68,45.849998,44.57,45.73,12159300,45.476107
2015-07-31,44.150002,44.400002,43.880001,44.34,5973700,44.093825
2015-07-30,44.16,44.369999,43.639999,44.029999,5297100,43.785544
2015-07-29,44.810001,45.330002,43.849998,44.18,10355300,43.934713
2015-07-28,43.93,44.950001,43.900002,44.91,7624700,44.66066
2015-07-27,43.599998,44.18,43.049999,43.93,7301600,43.686101
2015-07-24,45.610001,45.639999,43.759998,44.099998,8550100,43.855156
2015-07-23,46.299999,46.639999,45.049999,45.16,11449800,44.909272
2015-07-22,44.509998,45.419998,44.459999,45.220001,8995500,44.96894
2015-07-21,44.080002,44.73,44.080002,44.650002,6166500,44.402105
2015-07-20,45.099998,45.099998,43.959999,44.09,7746100,43.845213