2015-12-16,66.550003,67.00,64.239998,66.230003,7257300,66.230003
2015-12-15,68.629997,68.949997,66.400002,66.50,8692200,66.50
2015-12-14,69.459999,69.75,66.660004,67.919998,11622700,67.919998
2015-12-11,74.550003,74.550003,69.360001,70.440002,19293500,70.440002
2015-12-10,72.970001,74.57,71.760002,74.550003,14793800,74.550003
2015-12-09,71.910004,75.720001,71.550003,74.489998,24940000,74.489998
2015-12-08,66.639999,67.379997,66.199997,66.599998,3649800,66.599998
2015-12-07,67.25,67.580002,66.18,67.099998,5377400,67.099998
2015-12-04,66.629997,68.07,66.489998,67.75,6274100,67.75
2015-12-03,67.07,67.559998,66.089996,66.230003,6500500,66.230003
2015-12-02,67.029999,67.559998,66.82,67.269997,4197500,67.269997
2015-12-01,67.389999,67.690002,66.639999,67.279999,4486400,67.279999
2015-11-30,67.150002,68.00,67.019997,67.339996,4998100,67.339996
2015-11-27,67.260002,67.400002,66.849998,67.089996,1030700,67.089996
2015-11-25,67.480003,67.690002,66.910004,67.260002,2810400,67.260002
2015-11-24,66.160004,67.75,66.010002,67.419998,4212400,67.419998
2015-11-23,66.550003,67.00,66.470001,66.519997,4108400,66.519997
2015-11-20,67.059998,67.400002,66.400002,66.699997,4777900,66.699997
2015-11-19,67.220001,67.50,66.370003,66.989998,8527800,66.989998
2015-11-18,67.00,67.559998,66.989998,67.099998,7619000,67.099998
2015-11-17,66.839996,67.540001,66.629997,67.07,6938600,67.07
2015-11-16,66.839996,67.529999,66.529999,67.239998,5022900,67.239998
2015-11-13,66.110001,67.339996,65.959999,67.050003,5847400,67.050003
2015-11-12,66.440002,66.839996,65.980003,66.110001,5247600,66.110001
2015-11-11,66.400002,67.050003,66.18,67.00,4010600,67.00
2015-11-10,66.230003,66.50,65.43,66.339996,6280000,66.339996
2015-11-09,65.82,66.790001,65.739998,66.769997,6397600,66.389997
2015-11-06,64.279999,66.199997,64.279999,66.110001,6612700,65.733757
2015-11-05,64.239998,65.029999,63.860001,64.809998,6544000,64.441153
2015-11-04,64.239998,64.629997,63.98,64.269997,3656000,63.904225
2015-11-03,64.00,64.860001,63.950001,64.010002,6658800,63.64571
2015-11-02,63.509998,64.25,63.220001,63.939999,3840600,63.576105
2015-10-30,63.48,64.169998,63.34,63.400002,5225000,63.039181
2015-10-29,63.18,63.810001,62.82,63.34,3848400,62.979521
2015-10-28,61.759998,63.41,61.43,63.369999,8791600,63.009349
2015-10-27,59.450001,62.290001,59.130001,62.049999,9192100,61.696862
2015-10-26,60.450001,60.509998,60.049999,60.369999,5877500,60.026423
2015-10-23,59.560001,60.400002,59.200001,60.27,7663600,59.926994
2015-10-22,57.950001,59.27,57.939999,59.189999,7040500,58.853138
2015-10-21,57.43,57.669998,57.02,57.279999,4081000,56.954009
2015-10-20,56.77,57.630001,56.77,57.189999,3471800,56.864521
2015-10-19,56.98,57.299999,56.799999,57.049999,5556000,56.725318
2015-10-16,56.900002,57.27,56.66,57.27,5845700,56.944067
2015-10-15,56.790001,56.790001,56.080002,56.700001,5464800,56.377311
2015-10-14,55.900002,56.77,55.540001,56.400002,5584200,56.079019
2015-10-13,55.150002,55.970001,55.130001,55.759998,4506800,55.442659
2015-10-12,55.959999,56.139999,55.459999,55.66,4536000,55.343229
2015-10-09,56.41,56.419998,55.720001,56.18,5380200,55.86027
2015-10-08,55.34,56.709999,55.259998,56.130001,7100600,55.810556
2015-10-07,55.330002,55.73,54.540001,55.380001,10442500,55.064824
2015-10-06,54.970001,57.959999,54.779999,55.209999,40356600,54.89579
2015-10-05,49.66,51.419998,49.529999,51.279999,8440700,50.988156
2015-10-02,47.73,49.27,47.43,49.259998,4582800,48.979651
2015-10-01,48.439999,48.50,47.779999,48.349998,4666800,48.07483
2015-09-30,48.119999,48.639999,47.860001,48.200001,5396600,47.925686
2015-09-29,47.16,47.900002,47.110001,47.50,4708200,47.229669
2015-09-28,48.110001,48.509998,47.209999,47.32,6689700,47.050693
2015-09-25,48.330002,48.849998,48.139999,48.549999,6006700,48.273693
2015-09-24,47.57,48.259998,47.439999,48.029999,7140400,47.756652
2015-09-23,48.450001,48.77,47.860001,47.91,5328800,47.637336
2015-09-22,48.259998,48.779999,47.759998,48.57,8790500,48.29358
2015-09-21,47.610001,48.32,47.529999,48.240002,5398500,47.96546
2015-09-18,47.580002,48.060001,47.369999,47.529999,9777100,47.259497
2015-09-17,48.369999,48.959999,47.970001,48.080002,5938500,47.80637
2015-09-16,48.290001,48.57,48.189999,48.41,4792600,48.13449
2015-09-15,48.029999,48.48,47.880001,48.299999,4336200,48.025116
2015-09-14,48.59,48.59,47.900002,47.98,6220200,47.706937
2015-09-11,48.43,48.549999,48.09,48.439999,6499100,48.164318
2015-09-10,48.560001,49.009998,48.279999,48.619999,7204000,48.343294
2015-09-09,50.18,50.349998,48.77,48.84,7158000,48.562043
2015-09-08,49.459999,49.740002,49.25,49.610001,6302600,49.327662
2015-09-04,49.740002,49.939999,48.59,48.599998,8772200,48.323408
2015-09-03,50.990002,51.580002,50.509998,50.560001,7637700,50.272256
2015-09-02,50.77,50.93,50.060001,50.650002,4871300,50.361744
2015-09-01,50.16,50.77,49.779999,50.02,6561600,49.735328
2015-08-31,51.200001,51.799999,50.66,51.50,4750900,51.206905
2015-08-28,51.540001,52.240002,51.450001,51.84,6019900,51.54497
2015-08-27,51.360001,52.119999,50.849998,52.02,6698700,51.723946
2015-08-26,50.049999,50.689999,49.290001,50.66,9862400,50.371685
2015-08-25,50.950001,51.029999,49.009998,49.060001,10880300,48.780793
2015-08-24,49.369999,51.189999,48.009998,49.98,13955400,49.695555
2015-08-21,52.299999,52.52,51.720001,52.00,8019600,51.704059
2015-08-20,52.759998,52.860001,52.389999,52.41,6139600,52.111726
2015-08-19,53.509998,53.900002,52.900002,53.150002,4551300,52.847516
2015-08-18,53.990002,54.41,53.75,53.900002,4311000,53.593247
2015-08-17,53.549999,54.509998,53.34,54.27,5133500,53.961141
2015-08-14,53.75,54.200001,53.130001,53.860001,5602500,53.553474
2015-08-13,53.139999,53.389999,52.830002,53.029999,4279700,52.728196
2015-08-12,52.75,53.279999,52.360001,53.279999,6037000,52.976773
2015-08-11,53.950001,54.400002,53.349998,53.389999,5373500,52.708311
2015-08-10,53.82,54.459999,53.50,54.389999,5621200,53.695543
2015-08-07,54.43,54.57,53.209999,53.43,4901700,52.747801
2015-08-06,54.50,54.68,54.169998,54.470001,5452400,53.774523
2015-08-05,55.470001,55.619999,54.290001,54.57,4783100,53.873245
2015-08-04,55.23,55.48,54.470001,54.639999,4851800,53.942351
2015-08-03,55.880001,56.00,54.880001,55.290001,4822900,54.584053
2015-07-31,55.950001,56.110001,55.48,55.759998,4804100,55.04805
2015-07-30,55.369999,55.75,55.16,55.59,3596000,54.880222
2015-07-29,56.029999,56.439999,55.25,55.459999,6331000,54.751881
2015-07-28,53.380001,57.25,52.790001,55.900002,13935600,55.186265
2015-07-27,56.830002,57.060001,56.259998,56.73,6172200,56.005666
2015-07-24,58.400002,58.639999,56.59,56.939999,5352300,56.212984
2015-07-23,59.02,59.099998,58.27,58.48,3231800,57.733322
2015-07-22,59.549999,59.549999,58.73,58.900002,3780000,58.147961
2015-07-21,59.439999,60.150002,59.060001,59.279999,4372800,58.523106
2015-07-20,59.830002,59.849998,59.07,59.57,4215600,58.809405