2015-12-16,77.449997,78.589996,76.940002,78.190002,2899100,78.190002
2015-12-15,79.360001,79.769997,76.739998,77.25,6280700,77.25
2015-12-14,77.160004,78.989998,76.629997,78.940002,5001900,78.940002
2015-12-11,77.75,77.989998,76.629997,77.160004,3950700,77.160004
2015-12-10,79.199997,79.370003,78.18,78.599998,2801800,78.599998
2015-12-09,79.150002,80.550003,78.669998,79.239998,3911600,79.239998
2015-12-08,78.059998,79.349998,77.510002,79.25,3386300,79.25
2015-12-07,79.150002,79.25,78.190002,79.099998,2696800,79.099998
2015-12-04,78.410004,79.620003,78.00,79.589996,2400700,79.589996
2015-12-03,79.43,79.489998,77.949997,78.300003,2906700,78.300003
2015-12-02,79.580002,79.830002,78.989998,79.330002,3003300,79.330002
2015-12-01,79.419998,79.860001,78.82,79.489998,2949900,79.489998
2015-11-30,79.330002,79.959999,78.870003,79.57,4674200,79.57
2015-11-27,80.080002,80.169998,78.849998,79.089996,2012800,79.089996
2015-11-25,80.190002,80.480003,77.199997,80.00,11169800,80.00
2015-11-24,74.059998,76.879997,73.800003,76.339996,8007300,76.339996
2015-11-23,75.709999,75.949997,74.339996,74.610001,4011400,74.610001
2015-11-20,75.209999,75.940002,75.00,75.480003,3472100,75.480003
2015-11-19,74.029999,74.959999,73.599998,74.940002,2528600,74.940002
2015-11-18,74.050003,74.629997,73.760002,74.519997,3710100,74.519997
2015-11-17,75.080002,75.230003,73.50,73.800003,4486400,73.800003
2015-11-16,73.959999,74.800003,73.459999,74.709999,3143000,74.709999
2015-11-13,73.360001,74.919998,73.099998,74.650002,3463100,74.650002
2015-11-12,74.769997,74.769997,73.150002,73.269997,3902400,73.269997
2015-11-11,76.57,76.669998,74.940002,75.050003,2791100,75.050003
2015-11-10,76.190002,77.190002,75.360001,76.269997,2433800,76.269997
2015-11-09,77.449997,77.449997,75.839996,76.239998,2307900,76.239998
2015-11-06,77.529999,77.830002,76.110001,77.510002,3137500,77.510002
2015-11-05,78.269997,78.690002,77.040001,77.93,2216900,77.93
2015-11-04,79.550003,79.730003,77.739998,78.239998,2412100,78.239998
2015-11-03,80.129997,80.269997,79.290001,79.540001,2384200,79.540001
2015-11-02,78.489998,80.510002,78.190002,80.190002,3252500,80.190002
2015-10-30,78.199997,78.599998,77.720001,78.00,2668800,78.00
2015-10-29,78.440002,78.959999,77.93,78.239998,2187800,78.239998
2015-10-28,76.75,78.970001,76.449997,78.949997,3392700,78.949997
2015-10-27,76.540001,76.970001,75.809998,76.120003,4159500,76.120003
2015-10-26,79.779999,80.230003,77.019997,77.510002,4490900,77.510002
2015-10-23,79.82,81.110001,79.699997,80.260002,4249300,80.260002
2015-10-22,76.75,79.599998,76.559998,79.349998,5754600,79.349998
2015-10-21,76.809998,78.489998,76.449997,76.650002,3104200,76.650002
2015-10-20,75.889999,76.769997,75.599998,76.389999,2771300,76.389999
2015-10-19,75.709999,76.07,75.290001,75.970001,3041900,75.970001
2015-10-16,76.470001,76.620003,75.75,76.00,4942300,76.00
2015-10-15,76.459999,76.879997,75.260002,76.230003,2828600,76.230003
2015-10-14,76.900002,77.370003,76.18,76.279999,3181700,76.279999
2015-10-13,77.709999,77.830002,76.489998,76.93,3077800,76.93
2015-10-12,79.879997,79.980003,78.099998,78.43,2754200,78.43
2015-10-09,80.989998,81.459999,79.730003,79.870003,4061400,79.870003
2015-10-08,78.650002,81.309998,78.599998,80.910004,3707100,80.910004
2015-10-07,78.940002,79.93,77.800003,78.889999,4082800,78.889999
2015-10-06,78.25,78.959999,77.919998,78.440002,3354300,78.440002
2015-10-05,74.470001,78.410004,74.199997,78.209999,6261500,78.209999
2015-10-02,72.050003,73.660004,71.849998,73.57,3853000,73.57
2015-10-01,73.370003,73.629997,72.190002,72.889999,4883800,72.889999
2015-09-30,74.209999,74.550003,73.370003,74.00,3247000,74.00
2015-09-29,73.709999,74.440002,73.419998,73.620003,2953900,73.620003
2015-09-28,74.489998,75.010002,73.699997,73.760002,5479600,73.760002
2015-09-25,76.099998,76.269997,74.739998,75.809998,3728700,75.209996
2015-09-24,75.370003,76.019997,74.300003,75.760002,7835000,75.160396
2015-09-23,78.809998,78.959999,77.43,77.690002,3195400,77.075122
2015-09-22,78.199997,79.269997,78.099998,78.839996,3322800,78.216014
2015-09-21,79.610001,79.699997,78.730003,79.160004,3292200,78.533488
2015-09-18,79.489998,80.269997,79.220001,79.540001,7779000,78.910478
2015-09-17,80.940002,81.410004,80.089996,80.43,3837000,79.793434
2015-09-16,81.440002,81.889999,81.129997,81.349998,2980400,80.70615
2015-09-15,79.190002,81.769997,79.190002,81.410004,3469800,80.765681
2015-09-14,79.25,79.760002,78.790001,79.68,3128300,79.04937
2015-09-11,80.010002,80.25,78.900002,79.25,3856000,78.622772
2015-09-10,79.550003,80.589996,79.029999,80.07,2912900,79.436282
2015-09-09,80.989998,81.660004,79.400002,79.57,2898800,78.940239
2015-09-08,80.419998,80.449997,79.300003,80.099998,3079200,79.466044
2015-09-04,79.809998,80.160004,79.010002,79.220001,3130600,78.593011
2015-09-03,80.720001,81.949997,80.139999,80.989998,3022000,80.348999
2015-09-02,80.980003,81.18,79.629997,80.779999,2853100,80.140662
2015-09-01,80.269997,81.110001,79.669998,80.00,4790200,79.366837
2015-08-31,82.300003,82.529999,81.620003,81.779999,2674100,81.132747
2015-08-28,81.800003,82.68,81.790001,82.470001,2647200,81.817289
2015-08-27,82.010002,82.470001,80.870003,82.389999,3664200,81.73792
2015-08-26,81.010002,81.400002,79.839996,81.230003,5223000,80.587105
2015-08-25,83.010002,83.010002,79.019997,79.089996,6505500,78.464035
2015-08-24,78.239998,80.769997,76.760002,80.769997,8039200,80.130739
2015-08-21,85.910004,86.389999,81.889999,83.290001,15208000,82.630799
2015-08-20,91.309998,92.449997,90.370003,90.650002,4497600,89.932548
2015-08-19,93.230003,93.279999,91.220001,91.980003,4093000,91.252024
2015-08-18,93.870003,94.349998,93.360001,93.910004,1786300,93.166749
2015-08-17,93.860001,94.260002,93.07,94.18,1598800,93.434609
2015-08-14,92.879997,94.489998,92.879997,94.339996,2235200,93.593338
2015-08-13,93.550003,93.919998,91.559998,93.099998,2144100,92.363155
2015-08-12,95.870003,95.959999,91.709999,93.639999,4867800,92.898882
2015-08-11,96.440002,96.800003,95.629997,96.239998,1975300,95.478302
2015-08-10,96.25,97.489998,95.900002,97.139999,2155200,96.371181
2015-08-07,95.440002,95.989998,95.290001,95.849998,1756200,95.09139
2015-08-06,95.160004,95.980003,94.839996,95.599998,1561100,94.843368
2015-08-05,93.699997,95.849998,93.699997,95.519997,2447500,94.764
2015-08-04,93.589996,93.669998,92.709999,93.110001,1673800,92.373077
2015-08-03,94.50,94.50,92.860001,93.419998,2619800,92.680622
2015-07-31,93.849998,94.639999,93.650002,94.57,1914000,93.821521
2015-07-30,93.279999,93.980003,92.919998,93.510002,1470500,92.769913
2015-07-29,92.25,93.769997,91.82,93.629997,2438700,92.888959
2015-07-28,91.980003,92.699997,91.790001,92.470001,3436000,91.738143
2015-07-27,91.82,92.50,90.639999,91.25,2775100,90.527798
2015-07-24,93.410004,93.410004,92.300003,92.419998,2256800,91.688536
2015-07-23,94.220001,94.769997,92.410004,93.260002,3396100,92.521892
2015-07-22,95.480003,95.540001,94.629997,94.82,1961400,94.069543
2015-07-21,96.190002,96.489998,95.389999,95.510002,2030600,94.754084
2015-07-20,96.870003,97.230003,96.199997,96.220001,1993400,95.458464