2015-12-16,93.010002,94.400002,92.400002,94.129997,3664600,94.129997
2015-12-15,94.050003,94.300003,92.400002,92.559998,5071600,92.559998
2015-12-14,93.370003,93.779999,92.559998,93.370003,2965900,93.370003
2015-12-11,93.589996,94.110001,92.639999,93.019997,2935700,93.019997
2015-12-10,94.629997,95.440002,94.309998,94.650002,2281600,94.650002
2015-12-09,95.099998,96.389999,94.199997,94.470001,2775500,94.470001
2015-12-08,94.660004,95.900002,94.25,95.769997,3776200,95.769997
2015-12-07,96.540001,96.709999,95.949997,96.300003,2275400,96.300003
2015-12-04,94.809998,96.699997,94.550003,96.529999,4337000,96.529999
2015-12-03,95.980003,96.309998,94.230003,94.550003,3290800,94.550003
2015-12-02,96.379997,96.800003,95.82,95.980003,2067200,95.980003
2015-12-01,96.949997,97.489998,96.379997,96.650002,3262800,96.650002
2015-11-30,96.879997,97.120003,96.260002,96.389999,2739500,96.389999
2015-11-27,97.199997,97.290001,96.660004,96.849998,871400,96.849998
2015-11-25,96.839996,97.07,96.43,96.830002,1417300,96.830002
2015-11-24,96.339996,96.779999,95.900002,96.510002,2344900,96.510002
2015-11-23,97.339996,97.550003,96.639999,97.209999,1318500,97.209999
2015-11-20,97.199997,97.620003,97.019997,97.349998,1940400,97.349998
2015-11-19,96.790001,97.349998,96.599998,96.949997,3259700,96.949997
2015-11-18,95.43,97.150002,95.199997,97.029999,2029300,97.029999
2015-11-17,95.080002,96.080002,94.669998,95.349998,2206800,95.349998
2015-11-16,93.610001,95.209999,93.540001,95.150002,2404400,95.150002
2015-11-13,93.82,94.290001,93.300003,93.540001,2171100,93.540001
2015-11-12,94.599998,95.550003,94.059998,94.089996,2146200,94.089996
2015-11-11,95.199997,96.099998,95.019997,95.120003,2034000,95.120003
2015-11-10,95.110001,95.470001,94.550003,95.099998,2235700,95.099998
2015-11-09,95.489998,95.940002,94.839996,95.389999,1931400,95.389999
2015-11-06,95.190002,95.830002,95.050003,95.830002,2006000,95.830002
2015-11-05,95.900002,96.279999,95.550003,95.639999,2868800,95.639999
2015-11-04,95.660004,96.080002,95.010002,95.809998,2895600,95.809998
2015-11-03,95.199997,95.900002,94.900002,95.699997,3223900,95.699997
2015-11-02,93.510002,95.769997,93.370003,95.529999,3787500,95.529999
2015-10-30,93.00,93.93,92.32,93.309998,4019200,93.309998
2015-10-29,92.269997,93.150002,91.800003,93.040001,2327100,93.040001
2015-10-28,91.779999,92.650002,91.389999,92.599998,2630000,92.599998
2015-10-27,91.730003,92.120003,91.309998,91.660004,2653300,91.660004
2015-10-26,92.82,93.129997,92.129997,92.379997,2437600,92.379997
2015-10-23,94.239998,94.239998,92.059998,92.82,5120800,92.82
2015-10-22,88.489998,94.610001,88.089996,93.980003,7117500,93.980003
2015-10-21,89.870003,89.959999,88.989998,89.120003,5046200,89.120003
2015-10-20,88.849998,89.830002,88.510002,89.43,2410300,89.43
2015-10-19,88.629997,89.150002,88.330002,89.150002,1733600,89.150002
2015-10-16,89.309998,89.440002,88.330002,88.940002,3114600,88.940002
2015-10-15,88.470001,89.139999,87.970001,89.059998,2092600,89.059998
2015-10-14,89.150002,89.370003,88.110001,88.239998,3642200,88.239998
2015-10-13,88.949997,89.75,88.730003,89.190002,2336800,89.190002
2015-10-12,88.43,89.510002,88.349998,89.480003,2338700,89.480003
2015-10-09,88.830002,89.389999,88.300003,88.510002,3944600,88.510002
2015-10-08,88.199997,89.050003,87.970001,88.889999,3220200,88.889999
2015-10-07,87.919998,88.769997,87.660004,88.440002,2693500,88.440002
2015-10-06,87.669998,87.93,86.519997,87.230003,3752500,87.230003
2015-10-05,87.209999,88.199997,86.900002,88.029999,3297600,88.029999
2015-10-02,84.199997,86.660004,83.849998,86.660004,3093700,86.660004
2015-10-01,85.269997,85.75,84.129997,85.330002,3359600,85.330002
2015-09-30,84.110001,85.290001,83.830002,85.209999,5390000,85.209999
2015-09-29,82.889999,83.620003,82.599998,83.209999,4789500,83.075001
2015-09-28,84.82,85.160004,82.300003,82.400002,5874300,82.266318
2015-09-25,85.980003,86.50,85.120003,85.290001,5289900,85.151628
2015-09-24,85.089996,85.209999,84.110001,85.019997,3696300,84.882062
2015-09-23,85.730003,86.129997,85.389999,85.669998,3017300,85.531009
2015-09-22,85.559998,85.959999,84.959999,85.57,5025100,85.431173
2015-09-21,86.480003,87.050003,85.809998,86.419998,3957500,86.279792
2015-09-18,87.129997,87.139999,85.470001,86.209999,9359400,86.070134
2015-09-17,89.209999,89.410004,87.919998,88.129997,3784600,87.987017
2015-09-16,88.169998,89.389999,88.019997,89.269997,3165100,89.125167
2015-09-15,87.260002,88.550003,86.900002,88.400002,3401500,88.256583
2015-09-14,87.019997,87.290001,86.349998,86.769997,3961300,86.629223
2015-09-11,86.029999,86.849998,85.809998,86.839996,3067500,86.699109
2015-09-10,86.339996,86.739998,85.669998,86.050003,3467700,85.910397
2015-09-09,88.00,88.389999,86.230003,86.410004,2731000,86.269814
2015-09-08,87.089996,87.559998,86.169998,87.529999,3001000,87.387992
2015-09-04,85.68,86.199997,85.339996,85.589996,2844900,85.451137
2015-09-03,86.949997,87.599998,86.449997,86.879997,3008100,86.739045
2015-09-02,85.699997,86.300003,84.849998,86.279999,3439700,86.14002
2015-09-01,85.209999,85.980003,84.309998,84.790001,5232300,84.652439
2015-08-31,87.169998,88.260002,85.849998,87.019997,3521000,86.878817
2015-08-28,88.080002,88.339996,87.290001,88.059998,3244700,87.917131
2015-08-27,87.379997,88.730003,86.879997,88.459999,4039900,88.316483
2015-08-26,85.220001,86.730003,83.849998,86.669998,4821400,86.529387
2015-08-25,86.080002,86.080002,83.160004,83.230003,4009700,83.094973
2015-08-24,82.669998,86.209999,82.669998,84.050003,6068200,83.913642
2015-08-21,88.25,88.50,86.940002,86.949997,4261700,86.808931
2015-08-20,89.989998,90.199997,88.660004,88.760002,3450700,88.616
2015-08-19,90.910004,91.489998,90.360001,90.629997,2337600,90.482961
2015-08-18,91.230003,91.800003,91.230003,91.510002,1366300,91.361538
2015-08-17,90.480003,91.669998,90.169998,91.650002,1240500,91.501311
2015-08-14,90.639999,90.989998,90.25,90.919998,1466200,90.772491
2015-08-13,90.379997,90.809998,89.93,90.43,2101500,90.283289
2015-08-12,90.360001,90.419998,89.160004,90.290001,3003200,90.143516
2015-08-11,91.110001,91.519997,90.900002,91.059998,2122700,90.912264
2015-08-10,91.68,92.43,91.660004,91.949997,1783500,91.800819
2015-08-07,91.110001,91.519997,90.260002,91.059998,1690100,90.912264
2015-08-06,92.330002,92.639999,91.300003,91.57,1659100,91.421438
2015-08-05,92.400002,92.919998,91.989998,92.260002,2155100,92.110321
2015-08-04,91.260002,92.419998,91.080002,91.760002,2501500,91.611133
2015-08-03,91.519997,91.849998,90.559998,91.330002,2358600,91.18183
2015-07-31,91.959999,92.18,91.309998,91.559998,3396200,91.411453
2015-07-30,90.529999,92.040001,90.529999,91.860001,4618400,91.710969
2015-07-29,88.910004,90.989998,88.370003,90.910004,5985100,90.762513
2015-07-28,87.959999,88.410004,87.550003,88.400002,4144900,88.256583
2015-07-27,87.419998,87.879997,86.529999,87.220001,3021300,87.078497
2015-07-24,88.839996,89.059998,87.540001,87.779999,3817200,87.637586
2015-07-23,89.00,89.639999,88.220001,89.050003,7150700,88.90553
2015-07-22,87.720001,88.290001,87.529999,87.860001,3831900,87.717458
2015-07-21,88.300003,88.540001,87.650002,87.790001,3790000,87.647572
2015-07-20,88.720001,88.839996,88.410004,88.580002,2917300,88.436292