2015-12-16,114.690002,114.75,111.800003,113.790001,12193100,113.790001
2015-12-15,112.050003,113.349998,111.580002,112.160004,13260900,112.160004
2015-12-14,108.68,109.870003,108.279999,109.349998,9596900,109.349998
2015-12-11,110.760002,110.760002,107.620003,108.040001,12254000,108.040001
2015-12-10,111.150002,111.580002,110.169998,110.760002,6954500,110.760002
2015-12-09,112.389999,113.059998,110.580002,111.470001,9050700,110.760003
2015-12-08,113.349998,113.449997,112.400002,112.480003,7480600,111.763572
2015-12-07,114.559998,114.559998,112.650002,113.830002,6738500,113.104972
2015-12-04,112.739998,114.309998,112.529999,114.239998,8771300,113.512356
2015-12-03,114.169998,114.650002,111.440002,111.889999,10446600,111.177326
2015-12-02,115.389999,115.470001,113.830002,114.00,7787800,113.273887
2015-12-01,114.150002,115.459999,113.660004,115.389999,8896100,114.655033
2015-11-30,115.559998,115.580002,113.309998,113.470001,16560300,112.747264
2015-11-27,116.00,116.50,113.699997,115.129997,14912000,114.396687
2015-11-25,118.290001,119.339996,118.150002,118.669998,4751500,117.91414
2015-11-24,117.900002,118.57,117.279999,117.949997,9158200,117.198725
2015-11-23,120.300003,120.650002,119.00,119.419998,6986400,118.659363
2015-11-20,119.110001,120.25,118.900002,120.07,10821700,119.305224
2015-11-19,118.139999,119.160004,117.639999,118.709999,6101000,117.953886
2015-11-18,116.220001,118.279999,116.050003,118.139999,6744600,117.387517
2015-11-17,116.110001,117.550003,115.510002,116.129997,6434400,115.390317
2015-11-16,113.470001,116.080002,113.339996,115.919998,5770200,115.181656
2015-11-13,115.919998,116.419998,114.379997,114.839996,8078100,114.108533
2015-11-12,115.599998,116.989998,115.00,116.209999,7223000,115.46981
2015-11-11,117.550003,117.580002,116.43,116.519997,6381700,115.777833
2015-11-10,116.169998,117.510002,115.510002,117.419998,8240500,116.672102
2015-11-09,115.900002,116.730003,115.18,116.419998,9317500,115.678471
2015-11-06,114.599998,116.75,114.57,115.669998,16803400,114.933248
2015-11-05,113.260002,113.93,111.599998,113.00,14843700,112.280256
2015-11-04,116.639999,116.830002,110.809998,113.25,20740800,112.528664
2015-11-03,114.970001,116.400002,114.540001,115.540001,7132100,114.804079
2015-11-02,114.489998,115.309998,114.010002,115.040001,6949500,114.307264
2015-10-30,115.00,115.239998,113.669998,113.739998,8501600,113.015541
2015-10-29,114.339996,115.400002,114.199997,115.040001,6125100,114.307264
2015-10-28,113.970001,114.459999,112.860001,114.339996,6452900,113.611718
2015-10-27,113.290001,114.269997,113.25,113.769997,5857600,113.045349
2015-10-26,113.07,113.580002,112.120003,113.519997,5729600,112.796941
2015-10-23,114.209999,114.209999,111.849998,113.089996,7928400,112.36968
2015-10-22,110.669998,113.349998,110.389999,113.25,10028900,112.528664
2015-10-21,110.669998,111.559998,110.010002,110.089996,8769800,109.388788
2015-10-20,109.550003,110.529999,109.410004,109.839996,9674400,109.14038
2015-10-19,108.25,109.970001,107.940002,109.470001,8001900,108.772742
2015-10-16,108.269997,108.50,107.459999,108.239998,5739600,107.550573
2015-10-15,106.50,108.00,106.260002,107.889999,6739200,107.202804
2015-10-14,106.50,106.849998,105.230003,105.730003,5563600,105.056565
2015-10-13,105.739998,107.389999,105.309998,106.589996,8342700,105.911081
2015-10-12,105.910004,106.699997,105.620003,106.349998,5179000,105.672612
2015-10-09,105.089996,106.050003,104.669998,105.559998,7341800,104.887642
2015-10-08,103.199997,104.889999,102.699997,104.610001,7499100,103.943696
2015-10-07,104.489998,104.589996,102.660004,103.389999,6947200,102.731466
2015-10-06,104.190002,104.510002,103.209999,103.769997,5660600,103.109043
2015-10-05,103.699997,104.199997,102.610001,103.849998,7144600,103.188535
2015-10-02,101.209999,103.010002,99.879997,103.00,9105600,102.343951
2015-10-01,102.970001,103.470001,101.080002,102.669998,7503700,102.016051
2015-09-30,100.779999,102.43,100.50,102.199997,9190000,101.549043
2015-09-29,98.510002,100.059998,97.769997,99.419998,9466900,98.786751
2015-09-28,99.900002,100.389999,98.300003,98.489998,8238300,97.862674
2015-09-25,101.510002,101.800003,99.580002,100.300003,7179800,99.661151
2015-09-24,101.00,101.330002,99.239998,100.620003,10706800,99.979112
2015-09-23,102.440002,102.629997,101.379997,101.57,5818000,100.923059
2015-09-22,102.18,102.75,101.480003,102.489998,8330100,101.837197
2015-09-21,103.68,103.830002,102.459999,103.410004,7152300,102.751343
2015-09-18,103.199997,104.209999,102.389999,102.839996,13559400,102.184966
2015-09-17,104.199997,105.949997,103.75,104.199997,7792600,103.536304
2015-09-16,103.32,104.07,102.75,103.959999,6509700,103.297835
2015-09-15,103.25,103.800003,101.830002,103.43,9171400,102.771212
2015-09-14,104.650002,104.900002,102.989998,103.82,6959800,103.158727
2015-09-11,102.349998,104.50,102.199997,104.480003,9529800,103.814527
2015-09-10,101.849998,103.220001,101.330002,102.599998,9026100,101.946497
2015-09-09,104.75,104.949997,101.68,101.910004,9577500,101.260897
2015-09-08,102.949997,104.150002,102.519997,104.010002,8571500,103.34752
2015-09-04,100.959999,101.82,100.360001,100.970001,9213800,100.326882
2015-09-03,102.199997,103.029999,101.459999,101.989998,8953300,101.340382
2015-09-02,100.919998,101.940002,99.550003,101.889999,12148200,101.24102
2015-09-01,99.309998,101.339996,99.160004,99.510002,14212600,98.876182
2015-08-31,102.300003,102.459999,100.910004,101.879997,8518200,101.231082
2015-08-28,102.190002,103.339996,101.809998,102.480003,11005200,101.827266
2015-08-27,101.349998,102.620003,99.779999,102.169998,17532200,101.519235
2015-08-26,98.690002,99.489998,96.260002,99.230003,13755900,98.597967
2015-08-25,99.730003,100.089996,95.720001,95.889999,19079400,95.279236
2015-08-24,93.379997,100.00,90.00,95.360001,30159200,94.752613
2015-08-21,97.50,100.629997,96.610001,98.839996,30875700,98.210444
2015-08-20,104.339996,105.00,99.760002,100.019997,34651300,99.382928
2015-08-19,106.580002,107.75,105.769997,106.449997,9484400,105.771973
2015-08-18,108.040001,108.25,106.800003,106.940002,12021500,106.258858
2015-08-17,107.300003,109.279999,106.839996,109.050003,7954000,108.355419
2015-08-14,107.610001,107.669998,106.519997,107.160004,7104500,106.477457
2015-08-13,107.209999,108.510002,106.75,107.519997,9754500,106.835157
2015-08-12,107.00,107.440002,105.510002,106.989998,16923500,106.308534
2015-08-11,110.339996,110.489998,107.949997,108.00,13574000,107.312104
2015-08-10,110.00,111.00,109.739998,111.00,11617000,110.292995
2015-08-07,108.75,109.559998,107.660004,109.349998,15791600,108.653503
2015-08-06,110.400002,110.400002,104.239998,108.550003,57175200,107.858603
2015-08-05,110.830002,113.949997,109.50,110.529999,61011200,109.825988
2015-08-04,121.50,122.080002,120.610001,121.690002,12624400,120.914909
2015-08-03,120.879997,121.730003,120.169998,121.120003,8426900,120.34854
2015-07-31,120.120003,120.720001,119.599998,120.00,5767300,119.235671
2015-07-30,119.709999,120.349998,119.010002,120.029999,4430100,119.265478
2015-07-29,118.849998,119.860001,118.410004,119.839996,6083500,119.076686
2015-07-28,118.68,118.900002,117.870003,118.459999,6447300,117.705479
2015-07-27,118.629997,118.800003,117.779999,118.25,5179300,117.496817
2015-07-24,119.349998,119.800003,118.580002,118.910004,4320900,118.152617
2015-07-23,119.300003,119.669998,118.57,118.800003,3347200,118.043317
2015-07-22,119.279999,119.699997,118.93,119.330002,4714100,118.56994
2015-07-21,119.760002,119.800003,118.830002,119.309998,4785200,118.550063
2015-07-20,119.290001,119.900002,118.889999,119.580002,6611400,118.818348