2015-12-16,25.66,26.360001,25.58,26.110001,2587300,26.110001
2015-12-15,25.65,26.41,25.32,25.48,2943300,25.48
2015-12-14,26.35,26.60,24.969999,25.35,2824600,25.35
2015-12-11,26.84,27.00,26.040001,26.25,2141400,26.25
2015-12-10,27.290001,27.65,26.959999,27.190001,1970200,27.190001
2015-12-09,28.17,28.24,27.209999,27.290001,2642400,27.290001
2015-12-08,29.17,29.17,28.139999,28.18,1880400,28.18
2015-12-07,29.280001,29.530001,28.83,29.389999,1650300,29.389999
2015-12-04,28.709999,29.51,28.49,29.40,1944200,29.40
2015-12-03,28.77,29.209999,28.32,28.68,2157900,28.68
2015-12-02,29.809999,29.809999,28.709999,28.780001,1902100,28.780001
2015-12-01,29.59,29.90,29.379999,29.530001,1511900,29.530001
2015-11-30,29.52,29.790001,29.07,29.58,1921600,29.58
2015-11-27,29.360001,29.93,29.040001,29.459999,1087800,29.459999
2015-11-25,29.25,29.549999,29.049999,29.32,1451100,29.32
2015-11-24,29.08,29.469999,28.91,29.25,1970800,29.25
2015-11-23,29.02,29.75,28.74,29.190001,1513900,29.190001
2015-11-20,29.049999,29.35,28.82,29.059999,1944400,29.059999
2015-11-19,29.42,29.52,28.780001,28.860001,2170300,28.860001
2015-11-18,28.90,29.49,28.90,29.450001,1791600,29.450001
2015-11-17,28.26,29.48,28.26,28.700001,1622600,28.700001
2015-11-16,28.709999,29.290001,28.559999,29.16,1648400,29.16
2015-11-13,28.75,29.08,28.59,28.68,2105800,28.68
2015-11-12,29.139999,29.35,28.719999,28.870001,2052400,28.870001
2015-11-11,28.690001,29.74,28.629999,29.219999,1862700,29.219999
2015-11-10,27.58,28.559999,27.58,28.549999,1577100,28.549999
2015-11-09,27.52,27.84,26.860001,27.57,2061600,27.57
2015-11-06,27.77,27.91,27.309999,27.530001,1972300,27.530001
2015-11-05,28.76,28.83,27.610001,27.940001,2689500,27.940001
2015-11-04,29.139999,29.469999,27.68,28.610001,3282000,28.610001
2015-11-03,28.16,29.59,28.16,29.059999,2438800,29.059999
2015-11-02,27.65,28.290001,27.559999,27.99,2118400,27.99
2015-10-30,27.43,27.809999,27.07,27.52,940500,27.52
2015-10-29,27.60,28.200001,27.40,27.459999,729900,27.459999
2015-10-28,27.09,27.719999,26.860001,27.68,1202200,27.68
2015-10-27,27.379999,27.58,26.73,26.940001,941400,26.940001
2015-10-26,27.82,27.92,27.459999,27.559999,785400,27.559999
2015-10-23,27.879999,28.030001,27.219999,27.809999,1473400,27.809999
2015-10-22,26.959999,27.709999,26.799999,27.65,1396700,27.65
2015-10-21,27.309999,27.530001,26.790001,26.879999,969800,26.879999
2015-10-20,26.709999,27.33,26.65,27.200001,1368000,27.200001
2015-10-19,26.629999,26.950001,26.42,26.73,1231200,26.73
2015-10-16,27.18,27.18,26.51,26.709999,961900,26.709999
2015-10-15,26.780001,27.139999,26.360001,27.110001,1200900,27.110001
2015-10-14,27.01,27.17,26.25,26.58,934000,26.58
2015-10-13,27.129999,27.360001,26.68,27.09,2334900,27.09
2015-10-12,27.200001,27.219999,26.780001,27.209999,955200,27.209999
2015-10-09,27.030001,27.389999,26.75,27.26,912900,27.26
2015-10-08,26.24,27.09,26.10,27.030001,1050700,27.030001
2015-10-07,25.809999,26.85,25.809999,26.42,1720700,26.42
2015-10-06,25.309999,25.84,25.309999,25.73,924400,25.73
2015-10-05,24.50,25.57,24.50,25.33,1481000,25.33
2015-10-02,23.57,24.40,23.42,24.389999,1786100,24.389999
2015-10-01,24.35,24.41,23.76,23.83,2578200,23.83
2015-09-30,24.76,25.030001,23.76,24.290001,5910600,24.290001
2015-09-29,26.040001,26.209999,24.190001,24.700001,4034600,24.700001
2015-09-28,25.91,26.40,25.82,25.879999,1221900,25.879999
2015-09-25,26.18,26.18,25.809999,25.950001,1145200,25.950001
2015-09-24,25.690001,26.139999,25.450001,26.00,2621800,26.00
2015-09-23,25.950001,26.02,25.719999,25.93,1522400,25.93
2015-09-22,26.129999,26.440001,25.450001,25.969999,1955800,25.969999
2015-09-21,26.290001,26.690001,26.08,26.629999,1448100,26.629999
2015-09-18,25.99,26.43,25.66,26.24,2532800,26.24
2015-09-17,26.040001,26.67,25.950001,26.26,1596900,26.26
2015-09-16,25.299999,26.219999,25.299999,25.93,1295700,25.93
2015-09-15,24.92,25.43,24.809999,25.34,969500,25.34
2015-09-14,25.33,25.33,24.73,24.82,1396300,24.82
2015-09-11,25.360001,25.469999,24.93,25.379999,778100,25.379999
2015-09-10,25.299999,25.709999,25.120001,25.459999,1792200,25.459999
2015-09-09,26.049999,26.07,25.290001,25.34,1164200,25.34
2015-09-08,25.68,26.24,25.58,25.809999,1791000,25.809999
2015-09-04,25.48,25.799999,25.23,25.23,1694900,25.23
2015-09-03,25.60,26.35,25.450001,25.84,1307900,25.84
2015-09-02,25.639999,25.690001,24.93,25.50,1787200,25.50
2015-09-01,24.969999,25.299999,24.790001,25.23,4458800,25.23
2015-08-31,25.540001,25.67,25.08,25.360001,1927000,25.360001
2015-08-28,25.09,26.02,25.09,25.709999,2383900,25.709999
2015-08-27,25.33,25.690001,24.879999,25.32,2373300,25.32
2015-08-26,24.870001,25.17,24.35,25.10,3075100,25.10
2015-08-25,25.35,25.35,24.17,24.209999,4229500,24.209999
2015-08-24,24.620001,25.360001,24.08,24.860001,7120200,24.860001
2015-08-21,26.030001,26.26,25.51,25.99,5022800,25.99
2015-08-20,27.43,27.43,25.99,26.27,7419200,26.27
2015-08-19,27.57,27.98,27.309999,27.60,2438600,27.60
2015-08-18,27.74,27.77,27.51,27.75,2630000,27.75
2015-08-17,27.049999,27.780001,26.91,27.67,1903300,27.67
2015-08-14,27.26,27.379999,27.02,27.120001,1584000,27.120001
2015-08-13,27.450001,27.450001,27.01,27.25,3516800,27.25
2015-08-12,27.25,27.50,27.00,27.49,1710400,27.49
2015-08-11,27.93,27.93,27.200001,27.25,2680400,27.25
2015-08-10,27.90,28.10,27.68,27.959999,2566900,27.959999
2015-08-07,27.85,27.99,27.25,27.75,6543200,27.75
2015-08-06,27.00,28.110001,26.379999,27.969999,9608600,27.969999
2015-08-05,29.889999,29.98,26.52,26.719999,4081100,26.719999
2015-08-04,29.93,30.57,29.75,30.059999,733500,30.059999
2015-08-03,30.24,30.52,29.860001,30.01,1080300,30.01
2015-07-31,29.809999,30.440001,29.65,30.299999,1537900,30.299999
2015-07-30,29.299999,29.77,28.99,29.67,923400,29.67
2015-07-29,28.870001,29.469999,28.629999,29.34,1169500,29.34
2015-07-28,29.24,29.309999,28.67,28.889999,1780400,28.889999
2015-07-27,29.450001,30.120001,28.799999,29.10,1422800,29.10
2015-07-24,29.92,29.92,29.379999,29.50,753200,29.50
2015-07-23,29.889999,30.15,29.559999,29.66,1011700,29.66
2015-07-22,29.540001,29.959999,29.290001,29.91,1066100,29.91
2015-07-21,30.18,30.18,29.41,29.459999,1922900,29.459999
2015-07-20,30.860001,30.860001,29.790001,30.24,1896200,30.24