2015-12-16,26.799999,27.41,26.620001,27.18,3433700,27.18
2015-12-15,26.58,27.48,26.309999,26.52,4964200,26.52
2015-12-14,27.360001,27.68,25.99,26.450001,6125100,26.450001
2015-12-11,27.92,28.120001,27.15,27.370001,3028200,27.370001
2015-12-10,28.440001,28.82,28.040001,28.389999,3194300,28.389999
2015-12-09,29.26,29.469999,28.32,28.450001,4535800,28.450001
2015-12-08,30.440001,30.440001,29.389999,29.43,4312400,29.43
2015-12-07,30.73,30.85,30.120001,30.700001,2299000,30.700001
2015-12-04,30.139999,30.85,29.889999,30.73,2343800,30.73
2015-12-03,30.18,30.60,29.67,30.120001,2888200,30.120001
2015-12-02,31.129999,31.25,30.040001,30.18,3878000,30.18
2015-12-01,31.219999,31.379999,30.879999,31.08,2498500,31.08
2015-11-30,31.15,31.389999,30.709999,31.139999,2896700,31.139999
2015-11-27,31.120001,31.33,30.65,31.08,1460100,31.08
2015-11-25,30.889999,31.26,30.290001,31.120001,2695100,31.120001
2015-11-24,30.57,31.16,30.41,30.950001,2904600,30.950001
2015-11-23,30.690001,31.33,30.309999,30.709999,2520000,30.709999
2015-11-20,30.700001,31.00,30.50,30.77,2189500,30.77
2015-11-19,30.82,30.879999,30.17,30.559999,2671700,30.559999
2015-11-18,30.280001,30.799999,30.219999,30.780001,1981100,30.780001
2015-11-17,30.67,30.959999,29.879999,30.10,3666400,30.10
2015-11-16,29.889999,30.620001,29.870001,30.59,2321300,30.59
2015-11-13,30.17,30.440001,29.860001,29.98,2433200,29.98
2015-11-12,30.48,30.76,30.10,30.16,3086100,30.16
2015-11-11,30.32,31.35,30.10,30.610001,4085300,30.610001
2015-11-10,29.10,30.09,29.02,30.059999,3571400,30.059999
2015-11-09,29.10,29.389999,28.25,29.00,3677100,29.00
2015-11-06,29.290001,29.459999,28.799999,29.01,4429300,29.01
2015-11-05,30.360001,30.360001,29.139999,29.51,4104300,29.51
2015-11-04,31.129999,31.52,29.26,30.299999,7195900,30.299999
2015-11-03,31.00,31.799999,30.10,31.08,6098100,31.08
2015-11-02,29.530001,30.24,29.42,30.059999,4489100,30.059999
2015-10-30,29.379999,29.67,28.719999,29.440001,2684300,29.440001
2015-10-29,29.32,30.129999,29.10,29.370001,2802900,29.370001
2015-10-28,28.82,29.559999,28.620001,29.530001,2449400,29.530001
2015-10-27,29.049999,29.32,28.32,28.780001,3149400,28.780001
2015-10-26,29.84,29.84,29.139999,29.290001,2297600,29.290001
2015-10-23,29.690001,29.91,29.40,29.77,2451600,29.77
2015-10-22,28.85,29.67,28.74,29.450001,2029600,29.450001
2015-10-21,29.290001,29.540001,28.719999,28.809999,1691000,28.809999
2015-10-20,28.77,29.379999,28.50,29.18,3034100,29.18
2015-10-19,28.459999,28.77,28.17,28.700001,2165200,28.700001
2015-10-16,28.59,28.75,28.17,28.49,3212000,28.49
2015-10-15,28.459999,28.870001,27.950001,28.860001,2154300,28.860001
2015-10-14,28.42,28.879999,27.85,28.35,1764800,28.35
2015-10-13,28.719999,29.10,28.50,28.83,2973400,28.83
2015-10-12,29.00,29.00,28.48,28.84,3143900,28.84
2015-10-09,28.93,29.290001,28.50,28.90,2284000,28.90
2015-10-08,27.98,28.950001,27.809999,28.84,3901100,28.84
2015-10-07,27.370001,28.50,27.370001,28.01,3978900,28.01
2015-10-06,27.02,27.459999,26.870001,27.209999,3103900,27.209999
2015-10-05,26.35,27.10,26.23,26.879999,3597100,26.879999
2015-10-02,25.10,26.110001,25.02,26.09,3651500,26.09
2015-10-01,26.15,26.17,25.27,25.360001,4624700,25.360001
2015-09-30,26.450001,26.77,25.27,26.030001,6528900,26.030001
2015-09-29,28.10,28.23,25.57,26.40,14228200,26.40
2015-09-28,27.85,28.309999,27.65,27.780001,3996300,27.780001
2015-09-25,27.66,27.92,27.389999,27.84,2580500,27.84
2015-09-24,27.50,27.959999,27.01,27.65,2614500,27.65
2015-09-23,27.799999,27.950001,27.50,27.67,2514800,27.67
2015-09-22,28.42,28.440001,27.450001,27.809999,4081300,27.809999
2015-09-21,28.32,28.85,28.139999,28.809999,4520800,28.809999
2015-09-18,27.950001,28.52,27.620001,28.280001,3690300,28.280001
2015-09-17,27.90,28.68,27.83,28.290001,3011300,28.290001
2015-09-16,27.129999,28.129999,27.129999,27.889999,2899400,27.889999
2015-09-15,26.709999,27.08,26.49,26.99,2071900,26.99
2015-09-14,26.790001,26.889999,26.190001,26.57,3042900,26.57
2015-09-11,26.799999,27.059999,26.42,26.940001,2367400,26.940001
2015-09-10,26.790001,27.129999,26.559999,26.90,2936600,26.90
2015-09-09,27.42,27.68,26.75,26.82,2669200,26.82
2015-09-08,27.620001,27.889999,27.110001,27.219999,3605000,27.219999
2015-09-04,26.799999,27.07,26.59,26.73,2076300,26.73
2015-09-03,26.790001,27.68,26.620001,27.120001,3087900,27.120001
2015-09-02,26.690001,26.75,26.02,26.75,3374300,26.75
2015-09-01,26.030001,26.49,26.00,26.280001,4474700,26.280001
2015-08-31,26.91,26.959999,26.389999,26.60,2737500,26.60
2015-08-28,26.690001,27.42,26.59,27.110001,2473700,27.110001
2015-08-27,26.639999,27.290001,26.360001,26.91,3195100,26.91
2015-08-26,26.35,26.59,25.90,26.52,3998900,26.52
2015-08-25,26.790001,26.790001,25.82,25.82,7841100,25.82
2015-08-24,25.620001,26.82,25.110001,26.049999,6539400,26.049999
2015-08-21,27.02,27.32,26.690001,27.10,5561100,27.10
2015-08-20,28.459999,28.50,27.02,27.32,7497400,27.32
2015-08-19,29.049999,29.190001,28.51,28.780001,2090500,28.780001
2015-08-18,29.299999,29.51,28.93,29.049999,1680800,29.049999
2015-08-17,28.18,29.40,28.17,29.32,2869200,29.32
2015-08-14,28.49,28.67,28.190001,28.309999,2433700,28.309999
2015-08-13,28.879999,28.879999,28.389999,28.48,5030700,28.48
2015-08-12,28.50,28.959999,28.469999,28.93,3247400,28.93
2015-08-11,29.42,29.43,28.68,28.74,3122000,28.74
2015-08-10,29.83,29.92,29.32,29.549999,4511300,29.549999
2015-08-07,30.35,30.35,29.00,29.440001,7099900,29.440001
2015-08-06,29.01,29.959999,28.200001,29.879999,12320500,29.879999
2015-08-05,32.41,32.610001,28.469999,28.870001,12193900,28.870001
2015-08-04,32.709999,33.43,32.360001,32.860001,3820700,32.860001
2015-08-03,33.00,33.299999,31.50,32.709999,3335800,32.709999
2015-07-31,32.439999,33.16,32.18,33.02,3675700,33.02
2015-07-30,31.450001,32.299999,31.280001,32.23,3387500,32.23
2015-07-29,31.299999,31.790001,30.90,31.610001,3031300,31.610001
2015-07-28,31.610001,31.790001,31.00,31.309999,2967600,31.309999
2015-07-27,31.610001,32.630001,31.10,31.540001,3785700,31.540001
2015-07-24,32.209999,32.25,31.700001,31.799999,1569800,31.799999
2015-07-23,32.389999,32.580002,31.90,32.150002,2489400,32.150002
2015-07-22,31.77,32.450001,31.610001,32.43,3078200,32.43
2015-07-21,32.32,32.389999,31.799999,31.82,3491100,31.82
2015-07-20,32.880001,32.880001,31.860001,32.639999,4054200,32.639999