2015-12-16,77.82,79.169998,76.919998,78.860001,2082200,78.860001
2015-12-15,78.349998,78.349998,76.779999,77.339996,2848400,77.339996
2015-12-14,76.669998,78.089996,76.290001,77.709999,2793900,77.709999
2015-12-11,76.639999,77.459999,75.910004,76.449997,3700600,76.449997
2015-12-10,77.959999,78.879997,77.32,77.809998,2991000,77.809998
2015-12-09,79.050003,79.980003,78.199997,78.449997,2442000,78.449997
2015-12-08,77.959999,80.040001,77.730003,79.480003,3583000,79.480003
2015-12-07,77.339996,78.589996,75.830002,78.449997,3951200,78.449997
2015-12-04,75.349998,77.900002,74.370003,77.239998,4468100,77.239998
2015-12-03,76.239998,76.949997,73.709999,74.089996,4583800,74.089996
2015-12-02,76.32,76.580002,75.82,76.040001,1903200,76.040001
2015-12-01,76.040001,76.940002,75.43,75.970001,2766400,75.970001
2015-11-30,75.199997,75.720001,73.860001,75.459999,3986800,75.459999
2015-11-27,75.099998,75.199997,74.290001,75.080002,1466100,75.080002
2015-11-25,74.50,76.00,74.209999,74.93,3657400,74.93
2015-11-24,68.889999,75.190002,68.510002,74.160004,9935400,74.160004
2015-11-23,68.919998,69.82,68.110001,69.550003,6280900,69.550003
2015-11-20,67.589996,69.220001,67.360001,68.419998,3313700,68.419998
2015-11-19,66.910004,67.599998,66.559998,67.160004,2810700,67.160004
2015-11-18,64.25,66.800003,63.91,66.629997,2915800,66.629997
2015-11-17,63.759998,65.50,63.099998,64.230003,3758100,64.230003
2015-11-16,62.529999,62.900002,61.330002,62.790001,2831000,62.790001
2015-11-13,66.040001,66.379997,61.970001,62.209999,6259200,62.209999
2015-11-12,66.300003,67.07,65.970001,66.57,3050200,66.57
2015-11-11,68.089996,68.290001,65.730003,66.50,3357000,66.50
2015-11-10,67.82,68.139999,67.190002,67.849998,3000100,67.849998
2015-11-09,67.709999,67.730003,66.330002,67.610001,1773700,67.610001
2015-11-06,68.040001,69.230003,67.650002,67.970001,2773200,67.970001
2015-11-05,67.389999,67.800003,66.68,67.709999,1168300,67.709999
2015-11-04,67.550003,67.809998,66.949997,67.160004,2031700,67.160004
2015-11-03,66.589996,69.050003,66.50,67.550003,3736800,67.550003
2015-11-02,65.650002,66.349998,64.449997,66.220001,2539900,66.220001
2015-10-30,65.00,65.769997,64.610001,65.489998,2205700,65.489998
2015-10-29,63.720001,64.93,63.50,64.860001,2022200,64.860001
2015-10-28,63.41,64.110001,62.639999,63.959999,1829300,63.959999
2015-10-27,63.119999,63.509998,62.59,63.02,2718100,63.02
2015-10-26,62.580002,63.84,62.580002,63.68,2575000,63.68
2015-10-23,65.440002,65.50,61.75,62.529999,3769000,62.529999
2015-10-22,64.43,65.07,64.120003,64.800003,2983500,64.800003
2015-10-21,64.309998,64.949997,64.099998,64.279999,1858400,64.279999
2015-10-20,63.830002,64.279999,63.400002,64.120003,2017900,64.120003
2015-10-19,62.700001,64.68,62.549999,63.830002,3106700,63.830002
2015-10-16,62.91,63.779999,62.709999,63.459999,2316300,63.459999
2015-10-15,61.790001,62.900002,61.029999,62.799999,3383100,62.799999
2015-10-14,63.759998,64.190002,60.310001,61.380001,6537900,61.380001
2015-10-13,63.009998,64.07,62.790001,63.459999,2971900,63.459999
2015-10-12,63.279999,63.279999,62.48,63.049999,1993100,63.049999
2015-10-09,61.990002,63.43,61.91,63.360001,3810100,63.360001
2015-10-08,62.619999,62.84,61.23,62.080002,6900700,62.080002
2015-10-07,65.309998,65.540001,61.82,62.900002,9087100,62.900002
2015-10-06,67.690002,68.040001,64.540001,65.190002,5092200,65.190002
2015-10-05,67.400002,68.339996,67.300003,68.120003,2667600,68.120003
2015-10-02,66.599998,66.970001,64.730003,66.949997,4716400,66.949997
2015-10-01,66.760002,67.480003,66.150002,67.440002,2400000,67.440002
2015-09-30,67.129997,67.239998,66.050003,66.660004,4204300,66.660004
2015-09-29,68.510002,68.699997,66.050003,66.239998,3661100,66.239998
2015-09-28,69.580002,69.959999,68.389999,68.699997,3646600,68.699997
2015-09-25,69.75,70.459999,69.599998,70.110001,3275200,70.110001
2015-09-24,69.489998,69.68,68.389999,69.25,2868500,69.25
2015-09-23,69.110001,70.010002,68.849998,69.889999,4459300,69.889999
2015-09-22,67.400002,69.360001,67.010002,69.18,5131100,69.18
2015-09-21,65.790001,68.360001,65.790001,67.849998,3892800,67.849998
2015-09-18,67.139999,67.730003,66.57,66.650002,6395700,66.650002
2015-09-17,67.82,68.730003,67.440002,67.830002,2686900,67.830002
2015-09-16,66.25,67.919998,66.019997,67.709999,2740800,67.709999
2015-09-15,65.360001,66.919998,64.949997,66.239998,3262400,66.239998
2015-09-14,66.120003,66.529999,65.220001,65.339996,2800000,65.339996
2015-09-11,65.900002,66.489998,65.589996,66.459999,3683200,66.459999
2015-09-10,66.660004,66.919998,65.709999,66.059998,5870600,66.059998
2015-09-09,68.989998,69.800003,67.699997,67.940002,5054500,67.940002
2015-09-08,69.32,69.470001,67.730003,68.790001,3779900,68.790001
2015-09-04,67.699997,69.040001,67.080002,68.089996,6332200,68.089996
2015-09-03,67.529999,67.870003,66.290001,67.00,6725300,67.00
2015-09-02,70.239998,70.379997,66.029999,67.589996,10340900,67.589996
2015-09-01,72.389999,72.75,69.00,69.650002,12305800,69.650002
2015-08-31,76.410004,76.75,75.610001,76.260002,4764200,76.260002
2015-08-28,76.589996,77.389999,76.209999,76.730003,2466200,76.730003
2015-08-27,75.489998,77.260002,74.769997,76.790001,5421500,76.790001
2015-08-26,74.800003,77.440002,73.800003,77.339996,2937400,77.339996
2015-08-25,75.169998,75.830002,73.120003,73.160004,2551100,73.160004
2015-08-24,71.889999,76.330002,69.629997,73.709999,4262200,73.709999
2015-08-21,79.790001,80.169998,76.32,76.349998,3970500,76.349998
2015-08-20,80.040001,81.169998,79.870003,80.379997,2500400,80.379997
2015-08-19,79.230003,81.010002,78.959999,80.919998,3015400,80.919998
2015-08-18,78.620003,79.519997,78.330002,79.370003,1206800,79.370003
2015-08-17,77.699997,78.529999,77.360001,78.480003,1143100,78.480003
2015-08-14,77.669998,77.989998,77.129997,77.779999,1330200,77.779999
2015-08-13,77.25,78.050003,76.68,77.330002,1778100,77.330002
2015-08-12,76.839996,77.43,75.860001,77.32,1490200,77.32
2015-08-11,77.669998,78.349998,77.230003,77.690002,1815300,77.690002
2015-08-10,78.00,78.410004,77.709999,78.110001,1064400,78.110001
2015-08-07,76.68,77.720001,76.110001,77.260002,1654000,77.260002
2015-08-06,79.089996,79.260002,77.410004,77.599998,2481700,77.599998
2015-08-05,78.290001,79.050003,77.510002,78.580002,1662900,78.580002
2015-08-04,77.769997,78.610001,77.599998,77.800003,1124300,77.800003
2015-08-03,78.050003,78.269997,77.309998,77.660004,1331000,77.660004
2015-07-31,76.660004,78.25,76.400002,78.029999,1828700,78.029999
2015-07-30,77.120003,77.900002,77.089996,77.589996,1814700,77.589996
2015-07-29,77.93,78.489998,77.300003,77.589996,2193700,77.589996
2015-07-28,78.190002,78.50,77.389999,78.139999,2198900,78.139999
2015-07-27,78.370003,78.57,77.389999,77.739998,1725700,77.739998
2015-07-24,78.510002,78.830002,77.809998,78.529999,2304500,78.529999
2015-07-23,79.160004,79.260002,78.00,78.239998,2461800,78.239998
2015-07-22,80.589996,80.690002,78.93,79.209999,3175000,79.209999
2015-07-21,81.610001,81.739998,79.760002,79.82,2295400,79.82
2015-07-20,81.269997,82.120003,81.019997,81.540001,1169200,81.540001