2015-12-16,21.700001,22.49,21.469999,21.99,2239800,21.99
2015-12-15,21.120001,22.00,20.93,21.85,2758000,21.85
2015-12-14,20.33,20.889999,20.00,20.870001,2685700,20.870001
2015-12-11,20.139999,20.42,19.889999,20.15,2433700,20.15
2015-12-10,19.98,20.92,19.809999,20.49,2369300,20.49
2015-12-09,20.41,20.860001,19.84,20.139999,2089300,20.139999
2015-12-08,20.450001,20.879999,19.98,20.209999,2944700,20.209999
2015-12-07,20.93,21.219999,20.49,20.950001,2713100,20.950001
2015-12-04,22.040001,22.280001,21.41,21.75,2271800,21.75
2015-12-03,22.18,22.620001,21.610001,22.540001,2861400,22.540001
2015-12-02,22.48,23.049999,21.85,21.879999,2432000,21.879999
2015-12-01,22.559999,22.98,22.370001,22.83,1830700,22.83
2015-11-30,22.969999,23.139999,22.35,22.629999,2565700,22.629999
2015-11-27,22.85,23.110001,22.299999,22.379999,693000,22.379999
2015-11-25,22.90,23.57,22.65,23.219999,1608600,23.219999
2015-11-24,22.67,23.40,22.559999,23.25,2164000,23.25
2015-11-23,21.98,22.59,21.780001,22.389999,1656900,22.389999
2015-11-20,21.959999,22.35,21.790001,22.040001,2492500,22.040001
2015-11-19,22.379999,22.860001,21.50,21.879999,1655600,21.879999
2015-11-18,22.030001,22.52,21.82,22.370001,2470800,22.370001
2015-11-17,21.76,22.16,21.40,21.77,2199900,21.77
2015-11-16,21.540001,22.15,21.190001,21.99,1845600,21.99
2015-11-13,21.209999,21.98,21.040001,21.629999,1449700,21.629999
2015-11-12,21.530001,22.120001,21.18,21.27,2407300,21.27
2015-11-11,22.530001,22.58,21.50,21.940001,2074900,21.940001
2015-11-10,23.00,23.459999,22.41,22.49,2798200,22.49
2015-11-09,23.08,23.639999,22.73,23.16,2152800,23.034999
2015-11-06,23.01,23.549999,22.879999,23.18,2601000,23.054892
2015-11-05,22.959999,23.51,22.549999,23.209999,4374600,23.084729
2015-11-04,23.41,24.059999,22.959999,23.040001,4920800,22.915648
2015-11-03,22.370001,23.99,22.17,23.50,7338700,23.373164
2015-11-02,20.76,22.52,20.049999,22.10,7006300,21.980721
2015-10-30,19.65,20.07,19.120001,19.879999,3938800,19.772702
2015-10-29,20.17,20.57,19.48,19.52,2382200,19.414646
2015-10-28,19.49,20.059999,19.059999,19.91,2897600,19.80254
2015-10-27,19.370001,19.65,18.90,19.32,2506000,19.215725
2015-10-26,20.540001,20.66,19.530001,19.66,1764300,19.55389
2015-10-23,20.389999,20.790001,20.049999,20.51,2069500,20.399302
2015-10-22,20.59,21.299999,20.41,20.459999,2437800,20.349571
2015-10-21,20.32,20.65,20.110001,20.389999,2159500,20.279949
2015-10-20,19.719999,20.700001,19.719999,20.540001,2315300,20.429141
2015-10-19,19.91,20.440001,19.559999,20.040001,2246500,19.93184
2015-10-16,19.950001,20.57,19.48,20.32,3779300,20.210327
2015-10-15,19.41,19.98,19.129999,19.870001,2481400,19.762757
2015-10-14,19.440001,19.870001,19.209999,19.559999,1852300,19.454429
2015-10-13,19.60,20.08,19.299999,19.389999,1966800,19.285347
2015-10-12,20.299999,20.360001,19.540001,19.77,1706900,19.663297
2015-10-09,20.33,20.719999,20.030001,20.32,2874500,20.210327
2015-10-08,19.799999,20.33,19.60,20.17,1962100,20.061137
2015-10-07,19.870001,20.450001,19.15,19.950001,3758900,19.842325
2015-10-06,18.75,19.84,18.50,19.41,4636500,19.305239
2015-10-05,18.40,19.27,18.139999,18.620001,5186000,18.519504
2015-10-02,16.559999,18.27,16.51,18.190001,5050800,18.091824
2015-10-01,17.700001,17.950001,16.57,16.809999,3191200,16.719272
2015-09-30,17.879999,18.15,16.969999,17.299999,4430300,17.206627
2015-09-29,18.02,18.309999,17.299999,17.799999,3034400,17.703928
2015-09-28,18.219999,18.51,17.219999,17.389999,3515600,17.296141
2015-09-25,19.450001,19.52,18.16,18.34,4738800,18.241014
2015-09-24,19.52,20.139999,19.26,19.35,4212700,19.245563
2015-09-23,20.02,20.450001,19.549999,19.700001,2501000,19.593675
2015-09-22,19.77,20.51,19.60,20.01,2459300,19.902001
2015-09-21,20.33,20.50,19.389999,20.10,2993300,19.991515
2015-09-18,21.799999,21.879999,20.07,20.18,5234500,20.071084
2015-09-17,22.950001,23.15,22.110001,22.280001,3048900,22.15975
2015-09-16,22.549999,23.549999,22.50,22.98,4817100,22.855971
2015-09-15,22.10,22.60,21.84,22.32,2234500,22.199533
2015-09-14,21.91,22.280001,21.719999,22.09,2173600,21.970775
2015-09-11,22.120001,22.309999,21.379999,21.99,2319600,21.871314
2015-09-10,22.09,22.950001,21.99,22.48,2061500,22.358669
2015-09-09,22.549999,23.459999,22.00,22.23,2852900,22.110018
2015-09-08,21.950001,22.469999,21.77,22.450001,1682700,22.328832
2015-09-04,22.40,22.49,21.639999,21.99,1990400,21.871314
2015-09-03,22.43,23.23,22.23,22.90,2700600,22.776402
2015-09-02,23.00,23.040001,21.43,22.219999,3078700,22.100072
2015-09-01,23.42,23.73,22.49,22.709999,4013900,22.587427
2015-08-31,23.83,24.459999,22.83,23.709999,7679500,23.58203
2015-08-28,22.809999,24.82,22.73,24.290001,3903600,24.158901
2015-08-27,22.23,23.059999,22.030001,23.030001,3352200,22.905702
2015-08-26,22.23,22.370001,21.52,21.719999,4234900,21.602771
2015-08-25,21.950001,22.389999,21.299999,21.50,3953300,21.383959
2015-08-24,20.200001,21.92,20.00,21.09,3942000,20.976172
2015-08-21,21.77,22.73,21.559999,21.57,3808100,21.453581
2015-08-20,22.299999,22.60,21.700001,21.809999,3605200,21.692285
2015-08-19,22.43,22.870001,22.040001,22.309999,3735600,22.189587
2015-08-18,22.389999,22.799999,22.00,22.610001,2413200,22.487969
2015-08-17,22.02,22.57,21.60,22.35,2985400,22.229372
2015-08-14,23.049999,23.469999,21.950001,22.10,2563800,21.980721
2015-08-13,23.40,23.67,22.719999,23.15,2134700,23.025053
2015-08-12,23.34,24.309999,23.33,24.00,2571600,23.870466
2015-08-11,23.059999,23.799999,22.92,23.48,2687800,23.228947
2015-08-10,22.059999,24.17,21.98,23.90,3466300,23.644457
2015-08-07,22.07,22.719999,21.889999,22.00,2532900,21.764772
2015-08-06,21.040001,22.57,20.530001,22.32,3257900,22.08135
2015-08-05,21.709999,21.85,20.51,20.950001,3496000,20.726
2015-08-04,21.50,21.73,21.00,21.17,2891500,20.943647
2015-08-03,21.690001,22.360001,20.940001,21.219999,3519400,20.993111
2015-07-31,22.290001,22.65,21.91,21.950001,3206300,21.715307
2015-07-30,23.00,23.33,21.950001,22.309999,2083500,22.071457
2015-07-29,22.110001,23.209999,21.91,23.049999,2213100,22.803545
2015-07-28,21.82,22.66,21.41,22.26,2438900,22.021992
2015-07-27,21.01,21.809999,20.60,21.49,2575300,21.260225
2015-07-24,22.219999,22.290001,21.139999,21.41,2500800,21.18108
2015-07-23,22.07,22.49,21.66,22.33,2120300,22.091244
2015-07-22,22.57,22.799999,21.860001,21.969999,2909700,21.735092
2015-07-21,22.85,23.48,22.690001,22.84,1595900,22.595791
2015-07-20,23.110001,23.24,22.34,22.790001,2391500,22.546326