2015-12-16,60.68,62.810001,60.150002,61.450001,2540200,61.450001
2015-12-15,62.549999,62.810001,61.889999,62.110001,1294300,62.110001
2015-12-14,61.82,62.080002,60.720001,62.049999,1667600,62.049999
2015-12-11,62.939999,63.119999,61.619999,61.740002,1470200,61.740002
2015-12-10,63.34,64.309998,63.200001,63.779999,1384500,63.779999
2015-12-09,62.84,64.400002,62.68,63.400002,1485800,63.400002
2015-12-08,63.34,63.869999,61.91,63.099998,1956100,63.099998
2015-12-07,64.040001,64.519997,63.209999,64.220001,1968300,64.220001
2015-12-04,64.769997,65.82,64.029999,64.75,2644300,64.75
2015-12-03,65.139999,66.080002,64.540001,65.660004,2773800,65.660004
2015-12-02,66.379997,66.559998,64.800003,65.050003,1471200,65.050003
2015-12-01,65.699997,66.879997,65.68,66.57,1804500,66.57
2015-11-30,65.199997,66.160004,65.040001,65.900002,1667500,65.900002
2015-11-27,64.870003,65.230003,64.610001,65.089996,542000,65.089996
2015-11-25,65.510002,65.809998,64.830002,65.099998,1035900,65.099998
2015-11-24,65.050003,66.169998,65.010002,65.910004,1749500,65.490003
2015-11-23,65.230003,65.809998,64.93,65.25,1119500,64.834205
2015-11-20,65.620003,66.169998,65.220001,65.410004,1073800,64.993189
2015-11-19,64.889999,65.370003,64.440002,65.349998,780400,64.933567
2015-11-18,63.849998,65.040001,63.369999,64.970001,1031000,64.555991
2015-11-17,64.360001,64.50,63.459999,63.630001,1002400,63.22453
2015-11-16,63.060001,64.360001,62.91,64.32,989800,63.910131
2015-11-13,63.849998,65.019997,63.009998,63.099998,1977800,62.697904
2015-11-12,63.779999,64.080002,62.439999,63.900002,3310600,63.492809
2015-11-11,64.129997,64.129997,63.09,63.48,929300,63.075484
2015-11-10,63.650002,64.389999,63.09,63.990002,1081300,63.582236
2015-11-09,64.339996,64.50,63.110001,63.900002,866200,63.492809
2015-11-06,64.18,64.699997,63.32,64.489998,999400,64.079046
2015-11-05,64.82,65.309998,63.970001,64.50,1284100,64.088985
2015-11-04,65.709999,66.519997,64.889999,65.00,1285800,64.585798
2015-11-03,65.480003,66.190002,65.160004,65.389999,1365800,64.973313
2015-11-02,64.349998,65.519997,64.120003,65.239998,1064000,64.824267
2015-10-30,64.18,64.790001,63.889999,64.43,1939200,64.019431
2015-10-29,63.41,64.449997,63.400002,64.080002,1404600,63.671663
2015-10-28,62.75,64.059998,62.470001,63.810001,1729400,63.403383
2015-10-27,62.950001,63.130001,62.040001,62.450001,1348800,62.052049
2015-10-26,64.440002,64.800003,63.50,63.919998,1169500,63.512679
2015-10-23,64.959999,64.959999,63.599998,64.440002,1681100,64.029369
2015-10-22,62.310001,65.290001,61.919998,64.00,3589900,63.592171
2015-10-21,61.759998,63.66,61.23,61.880001,3032000,61.485681
2015-10-20,58.860001,62.810001,58.130001,61.529999,4677800,61.137909
2015-10-19,58.16,58.529999,57.490002,57.709999,2238800,57.342252
2015-10-16,59.779999,59.810001,57.830002,58.610001,1833800,58.236518
2015-10-15,59.439999,59.950001,58.400002,59.799999,1570400,59.418934
2015-10-14,60.110001,60.330002,59.200001,59.349998,1290800,58.971801
2015-10-13,60.48,61.27,60.23,60.330002,1525800,59.945559
2015-10-12,61.669998,61.959999,60.490002,60.880001,1388700,60.492053
2015-10-09,64.00,64.199997,61.490002,61.50,2533500,61.108102
2015-10-08,61.799999,64.25,61.75,63.84,1728300,63.43319
2015-10-07,61.830002,63.689999,60.650002,61.93,2270900,61.535362
2015-10-06,60.290001,61.509998,59.970001,61.220001,1749700,60.829887
2015-10-05,58.459999,60.619999,58.029999,60.259998,1805800,59.876002
2015-10-02,56.00,58.029999,55.68,57.98,1922100,57.610532
2015-10-01,57.310001,57.790001,55.970001,56.509998,1349400,56.149898
2015-09-30,57.139999,57.59,56.080002,57.18,2182300,56.81563
2015-09-29,56.689999,56.98,56.060001,56.50,1742700,56.139963
2015-09-28,57.48,57.490002,56.299999,56.50,1232600,56.139963
2015-09-25,58.34,58.669998,57.849998,58.07,1355300,57.699958
2015-09-24,57.029999,58.25,56.25,57.939999,1613200,57.570786
2015-09-23,59.07,59.290001,57.439999,57.849998,1504700,57.481359
2015-09-22,59.139999,59.650002,58.349998,59.07,1435900,58.693586
2015-09-21,61.00,61.310001,59.900002,60.009998,1272800,59.627595
2015-09-18,60.650002,61.380001,60.459999,60.860001,4757000,60.47218
2015-09-17,61.799999,62.509998,61.349998,61.50,1692200,61.108102
2015-09-16,61.369999,62.220001,61.330002,62.060001,1311000,61.664534
2015-09-15,60.16,61.439999,60.00,61.32,1196900,60.929248
2015-09-14,60.349998,60.599998,59.689999,59.98,1137900,59.597787
2015-09-11,60.540001,60.919998,59.950001,60.560001,1305900,60.174093
2015-09-10,60.52,60.91,59.939999,60.330002,1077100,59.945559
2015-09-09,62.119999,62.57,60.450001,60.490002,1632600,60.104539
2015-09-08,60.34,61.720001,59.919998,61.509998,2053400,61.118036
2015-09-04,58.639999,59.02,57.98,58.66,1549600,58.286199
2015-09-03,59.279999,60.279999,59.200001,59.459999,1633900,59.0811
2015-09-02,59.700001,59.900002,58.509998,59.59,1379500,59.210273
2015-09-01,60.34,60.75,58.73,59.02,1897300,58.643905
2015-08-31,60.66,62.400002,59.810001,61.950001,2871400,61.555235
2015-08-28,59.580002,60.799999,59.450001,60.369999,1448100,59.985301
2015-08-27,58.869999,60.34,58.509998,59.98,1586600,59.597787
2015-08-26,57.049999,58.299999,56.360001,58.240002,2491000,57.451555
2015-08-25,59.619999,59.91,55.950001,55.990002,2068500,55.232016
2015-08-24,56.52,60.00,55.50,57.900002,2021900,57.116158
2015-08-21,60.810001,61.07,59.759998,59.77,1686800,58.960841
2015-08-20,62.34,62.75,61.189999,61.189999,1333500,60.361616
2015-08-19,63.540001,63.790001,62.360001,62.779999,1067300,61.93009
2015-08-18,64.290001,64.300003,63.580002,63.970001,914700,63.103983
2015-08-17,63.810001,64.739998,63.27,64.400002,1314800,63.528162
2015-08-14,64.309998,64.879997,63.869999,63.950001,1297600,63.084253
2015-08-13,64.75,64.75,63.93,64.389999,1084100,63.518295
2015-08-12,64.050003,64.949997,63.50,64.650002,1004800,63.774777
2015-08-11,65.089996,65.209999,64.040001,64.43,961200,63.557754
2015-08-10,64.389999,66.279999,64.169998,66.059998,1401200,65.165685
2015-08-07,63.860001,64.940002,63.599998,63.860001,1064200,62.995471
2015-08-06,63.77,64.589996,63.09,64.07,1134200,63.202627
2015-08-05,63.389999,64.809998,63.389999,63.700001,1546500,62.837638
2015-08-04,63.279999,63.990002,62.709999,62.869999,2955000,62.018872
2015-08-03,63.66,63.790001,62.619999,62.759998,1629600,61.910361
2015-07-31,64.860001,65.209999,63.790001,64.07,1855300,63.202627
2015-07-30,65.339996,65.339996,64.300003,64.620003,1386100,63.745185
2015-07-29,64.139999,65.57,64.029999,65.379997,1159000,64.49489
2015-07-28,64.32,64.559998,63.540001,64.25,2356000,63.380191
2015-07-27,63.599998,64.019997,63.169998,63.950001,2582200,63.084253
2015-07-24,64.68,64.769997,63.900002,64.099998,1654600,63.23222
2015-07-23,64.519997,65.190002,64.379997,64.519997,1735900,63.646532
2015-07-22,64.32,65.160004,64.029999,64.550003,1406100,63.676133
2015-07-21,64.629997,66.019997,63.939999,64.639999,3356800,63.764911
2015-07-20,66.290001,66.669998,65.970001,66.300003,1341300,65.402441