2015-12-16,50.98,51.02,49.009998,50.720001,19305600,50.720001
2015-12-15,51.75,52.009998,50.419998,50.57,13864000,50.57
2015-12-14,52.439999,52.849998,50.639999,51.290001,21354400,51.290001
2015-12-11,52.380001,53.970001,51.759998,53.369999,28258200,53.369999
2015-12-10,56.279999,56.580002,54.349998,54.91,26617100,54.91
2015-12-09,55.709999,57.099998,55.16,56.970001,62826700,56.970001
2015-12-08,51.189999,51.919998,50.220001,50.900002,9732600,50.900002
2015-12-07,53.00,53.00,51.650002,52.029999,7516600,52.029999
2015-12-04,51.950001,53.439999,51.84,53.310001,10101100,53.310001
2015-12-03,52.529999,52.849998,51.540001,51.860001,6373400,51.860001
2015-12-02,53.02,53.52,51.959999,52.290001,8734600,52.290001
2015-12-01,52.630001,53.50,52.060001,53.419998,15308000,53.419998
2015-11-30,52.02,52.630001,51.939999,52.130001,8531800,52.130001
2015-11-27,51.77,52.23,51.630001,52.009998,2637800,52.009998
2015-11-25,53.259998,53.380001,50.93,51.919998,14480200,51.919998
2015-11-24,52.450001,53.669998,52.450001,53.380001,7921200,53.380001
2015-11-23,53.169998,53.560001,52.950001,53.00,6463600,53.00
2015-11-20,53.389999,53.630001,53.16,53.32,6825900,53.32
2015-11-19,53.00,53.560001,52.919998,53.32,11878600,53.32
2015-11-18,51.669998,53.290001,51.669998,53.16,10798400,53.16
2015-11-17,51.790001,52.209999,51.330002,51.650002,6849900,51.650002
2015-11-16,50.990002,51.77,50.970001,51.650002,5406100,51.650002
2015-11-13,50.490002,51.27,50.049999,51.139999,7386600,51.139999
2015-11-12,51.060001,51.43,50.380001,50.43,9729200,50.43
2015-11-11,51.75,52.040001,51.580002,51.700001,6500800,51.700001
2015-11-10,51.529999,52.00,51.240002,51.709999,9708900,51.709999
2015-11-09,51.689999,51.990002,51.380001,51.700001,7570100,51.700001
2015-11-06,51.279999,52.240002,51.259998,51.84,7036400,51.84
2015-11-05,51.349998,51.810001,51.060001,51.610001,9400100,51.610001
2015-11-04,51.98,52.16,51.330002,51.380001,13204700,51.380001
2015-11-03,51.389999,52.490002,51.16,51.98,10321600,51.98
2015-11-02,51.57,51.869999,51.400002,51.59,10737300,51.59
2015-10-30,51.130001,52.060001,50.700001,51.669998,12244100,51.669998
2015-10-29,50.990002,51.400002,50.59,50.900002,11310200,50.900002
2015-10-28,50.950001,51.919998,50.57,51.369999,15161700,51.369999
2015-10-27,50.130001,50.759998,50.110001,50.689999,11725300,50.689999
2015-10-26,50.23,50.75,50.060001,50.450001,9919700,50.450001
2015-10-23,50.68,51.450001,50.259998,50.32,16661000,50.32
2015-10-22,50.080002,51.490002,48.82,49.919998,26705600,49.919998
2015-10-21,47.700001,48.18,47.369999,47.48,7883300,47.48
2015-10-20,47.389999,48.119999,47.279999,47.689999,8663900,47.689999
2015-10-19,47.130001,47.470001,46.93,47.389999,5270400,47.389999
2015-10-16,47.77,47.799999,47.169998,47.619999,5690500,47.619999
2015-10-15,47.380001,47.619999,46.630001,47.580002,5829300,47.580002
2015-10-14,46.43,47.439999,46.200001,47.110001,9349800,47.110001
2015-10-13,46.099998,46.82,46.040001,46.509998,7322700,46.509998
2015-10-12,46.93,46.970001,46.189999,46.599998,8906000,46.599998
2015-10-09,47.970001,48.119999,46.810001,47.080002,13867100,47.080002
2015-10-08,47.299999,48.080002,47.279999,47.790001,9525400,47.790001
2015-10-07,47.349998,47.860001,46.630001,47.490002,30866500,47.490002
2015-10-06,46.450001,47.759998,46.200001,47.080002,19005900,47.080002
2015-10-05,44.639999,46.529999,44.639999,46.310001,79849400,46.310001
2015-10-02,42.689999,44.490002,42.16,44.450001,17259300,44.450001
2015-10-01,42.59,43.169998,42.150002,42.98,13743800,42.98
2015-09-30,41.119999,42.599998,41.119999,42.400002,35885500,42.400002
2015-09-29,40.310001,40.630001,39.84,40.560001,16017300,40.560001
2015-09-28,41.529999,41.57,39.91,40.02,28265600,40.02
2015-09-25,43.049999,43.09,42.049999,42.32,16181700,41.899999
2015-09-24,42.169998,42.700001,41.189999,42.490002,21689000,42.068313
2015-09-23,43.650002,43.77,42.50,42.580002,13851100,42.15742
2015-09-22,43.279999,43.669998,43.060001,43.599998,20783900,43.167294
2015-09-21,43.700001,44.34,43.560001,44.02,21438800,43.583128
2015-09-18,43.700001,44.009998,43.009998,43.310001,26417000,42.880175
2015-09-17,44.77,45.299999,44.07,44.220001,14409400,43.781144
2015-09-16,43.700001,45.040001,43.650002,44.98,12885900,44.5336
2015-09-15,43.099998,43.91,43.099998,43.610001,17318400,43.177197
2015-09-14,43.700001,43.75,43.00,43.080002,13734200,42.652458
2015-09-11,43.349998,43.799999,43.060001,43.779999,16415700,43.345508
2015-09-10,43.580002,44.220001,43.419998,43.759998,11587000,43.325706
2015-09-09,44.869999,45.279999,43.650002,43.790001,16758600,43.355411
2015-09-08,42.98,44.169998,42.900002,44.09,19516500,43.652433
2015-09-04,41.869999,42.50,41.73,42.080002,10926300,41.662383
2015-09-03,42.830002,43.299999,42.490002,42.830002,29291100,42.404939
2015-09-02,42.52,42.799999,41.900002,42.389999,25130400,41.969304
2015-09-01,42.330002,42.779999,41.299999,41.66,10863000,41.246549
2015-08-31,43.619999,44.09,42.630001,43.759998,6993500,43.325706
2015-08-28,43.470001,44.560001,43.220001,44.00,9529800,43.563326
2015-08-27,42.209999,44.040001,42.169998,43.599998,13078200,43.167294
2015-08-26,40.450001,41.18,39.970001,41.049999,12871700,40.642602
2015-08-25,43.130001,43.200001,39.349998,39.389999,10995600,38.999077
2015-08-24,39.689999,42.040001,35.110001,40.349998,14409200,39.949548
2015-08-21,43.259998,43.529999,42.610001,42.619999,10269500,42.197021
2015-08-20,43.889999,44.299999,43.610001,43.669998,7474000,43.236599
2015-08-19,44.419998,44.52,43.689999,44.130001,7135200,43.692037
2015-08-18,45.189999,45.360001,44.459999,44.75,8188500,44.305883
2015-08-17,44.669998,45.540001,44.279999,45.470001,6570300,45.018738
2015-08-14,45.110001,45.169998,44.59,44.900002,5994100,44.454395
2015-08-13,45.610001,45.639999,44.84,44.970001,7924200,44.5237
2015-08-12,45.09,45.93,44.869999,45.700001,9627000,45.246455
2015-08-11,45.740002,45.779999,45.040001,45.290001,9515800,44.840524
2015-08-10,45.98,46.740002,45.610001,46.639999,6858800,46.177125
2015-08-07,46.299999,46.630001,45.369999,45.50,6686900,45.048439
2015-08-06,47.040001,47.349998,46.529999,46.599998,6650800,46.137521
2015-08-05,47.279999,47.580002,46.849998,47.130001,5034700,46.662264
2015-08-04,46.610001,47.25,46.439999,46.689999,6749700,46.226628
2015-08-03,46.810001,46.869999,46.02,46.459999,7436000,45.998911
2015-07-31,47.689999,47.799999,46.939999,47.060001,8471500,46.592959
2015-07-30,47.560001,47.59,47.169998,47.419998,9108800,46.949383
2015-07-29,46.93,47.540001,46.68,47.43,7933900,46.959285
2015-07-28,45.84,47.00,45.259998,46.650002,9990500,46.187028
2015-07-27,45.509998,46.380001,44.939999,45.630001,12812800,45.17715
2015-07-24,47.990002,48.07,45.32,45.970001,16283300,45.513776
2015-07-23,49.459999,50.060001,47.099998,47.759998,20221000,47.286008
2015-07-22,50.09,50.18,49.509998,50.00,9836100,49.503779
2015-07-21,50.509998,51.09,49.759998,50.099998,8283600,49.602785
2015-07-20,51.110001,51.290001,50.32,50.52,7067600,50.018619