2015-12-16,31.85,32.049999,29.98,30.57,8317600,30.57
2015-12-15,31.98,32.439999,31.50,31.870001,7796000,31.870001
2015-12-14,33.369999,33.720001,31.40,31.540001,11006400,31.540001
2015-12-11,34.540001,35.400002,33.41,33.549999,5925400,33.549999
2015-12-10,35.099998,36.700001,34.700001,35.509998,6799700,35.269999
2015-12-09,36.389999,36.470001,34.380001,35.32,7916100,35.081285
2015-12-08,35.299999,35.759998,33.52,35.189999,13144200,34.952162
2015-12-07,37.759998,38.259998,36.130001,36.439999,11420200,36.193714
2015-12-04,40.34,40.990002,39.619999,40.529999,5912400,40.256072
2015-12-03,43.869999,43.869999,40.68,41.099998,9820800,40.822219
2015-12-02,45.779999,46.080002,43.439999,43.529999,4784000,43.235796
2015-12-01,46.110001,46.52,45.669998,46.490002,3805200,46.175793
2015-11-30,45.080002,46.57,44.880001,46.009998,4405700,45.699034
2015-11-27,45.439999,45.700001,44.68,44.869999,1170200,44.566739
2015-11-25,46.299999,46.41,45.349998,45.91,2294400,45.599711
2015-11-24,45.470001,47.029999,45.330002,46.549999,3128000,46.235385
2015-11-23,45.07,45.650002,44.630001,44.93,3055200,44.626335
2015-11-20,46.119999,46.509998,45.07,45.25,3969500,44.944172
2015-11-19,46.50,46.98,45.310001,45.98,3657400,45.669238
2015-11-18,46.48,47.389999,45.669998,47.07,3163400,46.751871
2015-11-17,46.150002,46.490002,45.00,45.91,3767100,45.599711
2015-11-16,45.119999,46.540001,44.959999,46.50,3911700,46.185724
2015-11-13,45.00,45.84,44.48,45.049999,5084900,44.745523
2015-11-12,44.970001,46.07,44.400002,45.060001,6082600,44.755457
2015-11-11,47.57,47.82,45.23,45.619999,4244200,45.31167
2015-11-10,46.799999,48.25,46.619999,47.759998,5134400,47.437206
2015-11-09,47.450001,48.080002,46.400002,46.98,5301100,46.662479
2015-11-06,47.060001,48.68,46.27,46.869999,5704300,46.553222
2015-11-05,46.240002,48.540001,46.00,47.509998,6390800,47.188896
2015-11-04,46.73,47.84,45.919998,46.490002,9572500,46.175793
2015-11-03,43.650002,46.490002,43.369999,45.220001,6572500,44.914376
2015-11-02,41.34,43.310001,41.00,43.130001,5430000,42.838501
2015-10-30,41.240002,42.580002,40.330002,41.93,5756500,41.646611
2015-10-29,41.220001,42.48,40.900002,41.040001,5636400,40.762627
2015-10-28,40.599998,42.27,39.830002,41.560001,6544700,41.279113
2015-10-27,42.02,42.02,40.529999,41.200001,5464000,40.921545
2015-10-26,44.759998,44.790001,42.740002,42.790001,3984500,42.500799
2015-10-23,44.380001,45.23,43.950001,44.959999,3300300,44.656131
2015-10-22,44.400002,45.02,43.630001,44.75,4389200,44.447551
2015-10-21,45.419998,45.610001,43.34,43.900002,6868500,43.603298
2015-10-20,45.25,46.369999,45.009998,45.689999,2997200,45.381197
2015-10-19,45.610001,45.939999,44.849998,45.279999,4345200,44.973968
2015-10-16,46.099998,46.459999,45.099998,46.43,5118700,46.116197
2015-10-15,44.400002,45.709999,44.18,45.669998,3732600,45.361332
2015-10-14,43.57,44.880001,43.439999,44.650002,3541000,44.348229
2015-10-13,43.50,44.82,43.150002,43.720001,3101000,43.424514
2015-10-12,45.240002,45.34,43.540001,43.990002,4031000,43.69269
2015-10-09,44.970001,45.369999,44.18,45.240002,5791900,44.934241
2015-10-08,43.630001,44.959999,43.060001,44.669998,4656400,44.36809
2015-10-07,44.549999,45.450001,42.450001,43.860001,6390100,43.563567
2015-10-06,43.09,44.48,42.740002,43.75,6607000,43.45431
2015-10-05,41.18,43.419998,41.099998,42.919998,7163800,42.629918
2015-10-02,37.380001,40.799999,37.200001,40.720001,6483100,40.44479
2015-10-01,37.860001,38.919998,37.369999,37.75,5624400,37.494862
2015-09-30,36.970001,37.470001,36.009998,37.09,6573600,36.839323
2015-09-29,37.060001,37.200001,36.02,36.43,5113700,36.183783
2015-09-28,38.009998,38.200001,36.75,36.75,5788700,36.50162
2015-09-25,38.860001,39.00,38.150002,38.470001,4253900,38.209997
2015-09-24,37.709999,38.950001,37.41,38.599998,4799300,38.339115
2015-09-23,39.560001,39.790001,38.07,38.150002,4003300,37.89216
2015-09-22,39.650002,40.610001,39.119999,39.50,5051100,39.233034
2015-09-21,40.200001,40.790001,39.459999,40.330002,3387100,40.057426
2015-09-18,39.959999,40.419998,39.360001,39.779999,5719000,39.51114
2015-09-17,41.09,41.970001,40.599998,40.810001,5200400,40.534182
2015-09-16,39.490002,41.119999,39.490002,41.049999,4303400,40.772557
2015-09-15,39.110001,39.619999,38.790001,39.169998,3161400,38.905263
2015-09-14,38.720001,39.00,38.18,38.91,4433500,38.647022
2015-09-11,39.00,39.209999,38.119999,38.84,4692300,38.577495
2015-09-10,39.880001,40.599998,39.290001,39.990002,5857500,39.481346
2015-09-09,40.900002,41.50,39.389999,39.689999,7706400,39.185159
2015-09-08,40.740002,40.77,39.470001,40.50,4629500,39.984857
2015-09-04,39.990002,40.43,39.639999,40.139999,3856600,39.629436
2015-09-03,40.830002,42.200001,40.389999,40.830002,5355000,40.310662
2015-09-02,41.169998,41.240002,39.139999,40.720001,5348700,40.20206
2015-09-01,41.07,42.09,39.970001,40.330002,6676800,39.817021
2015-08-31,41.57,43.189999,40.50,42.66,7103400,42.117383
2015-08-28,40.52,42.720001,40.349998,42.200001,8502800,41.663235
2015-08-27,39.32,41.209999,39.189999,40.779999,9059100,40.261295
2015-08-26,37.400002,38.48,36.970001,38.450001,7326200,37.960933
2015-08-25,39.580002,39.580002,36.630001,36.630001,7888100,36.164083
2015-08-24,38.419998,40.290001,37.00,38.080002,10777700,37.595641
2015-08-21,42.360001,42.740002,41.09,41.09,5713400,40.567353
2015-08-20,45.09,45.09,42.799999,42.810001,5362200,42.265476
2015-08-19,45.919998,46.139999,44.439999,44.66,4362900,44.091944
2015-08-18,46.040001,46.689999,45.91,46.220001,3961800,45.632103
2015-08-17,45.790001,46.720001,45.599998,46.41,3443800,45.819685
2015-08-14,45.880001,46.52,45.689999,46.060001,5960200,45.474138
2015-08-13,47.290001,47.52,45.91,46.009998,5170500,45.424771
2015-08-12,47.220001,48.02,46.18,47.880001,5413800,47.270988
2015-08-11,46.720001,47.610001,46.580002,47.299999,5708400,46.698364
2015-08-10,46.639999,48.23,46.150002,47.880001,6412600,47.270988
2015-08-07,48.040001,48.759998,45.98,46.41,4363100,45.819685
2015-08-06,46.900002,48.639999,46.450001,48.299999,5896900,47.685644
2015-08-05,50.34,51.68,46.669998,46.950001,7958100,46.352817
2015-08-04,48.650002,49.650002,48.119999,48.740002,4692200,48.12005
2015-08-03,48.75,49.66,48.110001,48.360001,4218700,47.744882
2015-07-31,50.209999,50.360001,49.349998,49.419998,3978100,48.791397
2015-07-30,51.00,51.669998,50.130001,50.610001,3515600,49.966263
2015-07-29,49.889999,51.740002,49.68,51.18,4438500,50.529013
2015-07-28,49.119999,50.450001,48.639999,49.990002,4905800,49.35415
2015-07-27,48.419998,49.419998,48.209999,48.830002,5668900,48.208905
2015-07-24,51.080002,51.139999,49.029999,49.400002,5021000,48.771655
2015-07-23,51.209999,51.439999,50.349998,51.16,3548500,50.509267
2015-07-22,51.84,51.939999,50.619999,51.139999,3855400,50.489521
2015-07-21,52.049999,52.529999,51.700001,52.080002,4347500,51.417567
2015-07-20,53.369999,53.630001,51.830002,51.830002,4649500,51.170746