2015-12-16,115.669998,118.059998,115.160004,117.889999,1284800,117.889999
2015-12-15,114.550003,115.220001,113.849998,115.07,1221200,115.07
2015-12-14,112.169998,113.940002,111.769997,113.639999,1361500,113.639999
2015-12-11,114.120003,114.279999,112.190002,112.389999,1378700,112.389999
2015-12-10,116.690002,117.290001,115.629997,115.959999,938800,115.610002
2015-12-09,116.839996,119.279999,116.449997,116.949997,1177900,116.597011
2015-12-08,117.059998,117.870003,116.300003,116.370003,1042300,116.018768
2015-12-07,118.610001,119.489998,117.550003,118.360001,910000,118.002759
2015-12-04,118.209999,119.400002,117.900002,119.230003,1417200,118.870136
2015-12-03,118.970001,119.489998,117.379997,117.889999,1223300,117.534177
2015-12-02,119.330002,119.779999,118.459999,118.639999,858100,118.281913
2015-12-01,119.50,119.790001,118.82,119.669998,931000,119.308803
2015-11-30,119.150002,119.330002,118.080002,119.160004,2955100,118.800348
2015-11-27,118.779999,119.349998,118.050003,118.910004,389900,118.551102
2015-11-25,119.50,120.160004,118.959999,119.019997,1087100,118.660763
2015-11-24,119.470001,120.400002,118.790001,119.720001,979000,119.358655
2015-11-23,118.07,120.769997,118.07,119.519997,1661700,119.159254
2015-11-20,118.370003,118.760002,117.870003,118.129997,984400,117.77345
2015-11-19,118.019997,118.470001,117.43,117.910004,741300,117.554121
2015-11-18,116.709999,118.440002,116.32,118.32,1000000,117.962879
2015-11-17,116.690002,117.959999,116.080002,116.75,1053500,116.397618
2015-11-16,116.230003,116.959999,115.470001,116.699997,1047400,116.347766
2015-11-13,114.830002,116.760002,114.32,116.43,968900,116.078584
2015-11-12,116.459999,116.809998,115.129997,115.150002,817300,114.802449
2015-11-11,116.610001,117.730003,115.879997,117.470001,729900,117.115446
2015-11-10,115.650002,116.75,114.519997,116.349998,1131300,115.998824
2015-11-09,117.209999,117.629997,115.360001,115.959999,864300,115.610002
2015-11-06,116.940002,117.910004,116.540001,117.400002,1537900,117.045658
2015-11-05,117.199997,118.529999,116.970001,117.639999,1293000,117.284931
2015-11-04,120.519997,120.75,117.410004,117.489998,2174600,117.135383
2015-11-03,118.00,122.480003,117.410004,120.040001,1984900,119.677689
2015-11-02,116.099998,120.339996,114.379997,117.989998,3627900,117.633873
2015-10-30,119.889999,120.940002,119.720001,120.349998,1920200,119.986751
2015-10-29,119.029999,120.18,119.010002,119.93,945600,119.56802
2015-10-28,118.650002,119.690002,118.209999,119.589996,1060200,119.229043
2015-10-27,119.07,119.400002,117.809998,118.529999,998500,118.172244
2015-10-26,120.230003,120.849998,119.410004,119.580002,1182500,119.219078
2015-10-23,121.25,121.620003,119.669998,119.989998,1407400,119.627837
2015-10-22,118.82,120.769997,118.339996,120.550003,2349600,120.186152
2015-10-21,119.900002,120.00,117.529999,117.900002,1260600,117.544149
2015-10-20,119.129997,120.059998,118.779999,119.43,1113000,119.06953
2015-10-19,120.669998,120.940002,118.43,119.379997,2008100,119.019677
2015-10-16,122.190002,122.300003,120.839996,122.099998,1077800,121.731469
2015-10-15,121.599998,121.870003,120.230003,121.580002,902700,121.213042
2015-10-14,120.129997,121.889999,119.900002,121.339996,1109300,120.973761
2015-10-13,119.629997,121.059998,119.120003,120.160004,1645200,119.79733
2015-10-12,120.150002,120.800003,119.410004,120.57,991900,120.206088
2015-10-09,119.00,120.739998,118.959999,120.540001,2142600,120.17618
2015-10-08,118.110001,120.730003,117.720001,120.529999,1650500,120.166208
2015-10-07,117.50,118.360001,116.129997,118.269997,1764400,117.913027
2015-10-06,115.739998,117.550003,115.550003,117.190002,1964800,116.836293
2015-10-05,114.949997,115.779999,114.510002,115.739998,1526500,115.390664
2015-10-02,110.879997,114.230003,110.699997,114.199997,1507500,113.855312
2015-10-01,110.209999,112.400002,109.639999,112.330002,1800900,111.990961
2015-09-30,109.32,110.040001,108.580002,109.720001,1696100,109.388838
2015-09-29,107.75,108.730003,107.029999,108.360001,1674300,108.032942
2015-09-28,109.540001,110.18,107.279999,107.32,1454600,106.99608
2015-09-25,111.489998,111.68,109.809998,110.459999,1417600,110.126602
2015-09-24,109.050003,111.00,108.690002,110.540001,1417800,110.206362
2015-09-23,111.010002,111.040001,109.650002,110.040001,1073900,109.707872
2015-09-22,111.50,111.690002,110.019997,110.860001,984800,110.525396
2015-09-21,113.089996,113.870003,112.489998,112.730003,881600,112.389755
2015-09-18,112.300003,113.089996,111.68,112.550003,1898400,112.210298
2015-09-17,113.449997,115.349998,113.040001,113.540001,1597600,113.197308
2015-09-16,110.129997,113.75,110.129997,113.599998,1600900,113.257124
2015-09-15,109.510002,110.82,109.019997,110.209999,1489600,109.877357
2015-09-14,110.010002,110.300003,108.470001,108.919998,1231300,108.591249
2015-09-11,109.379997,110.209999,108.779999,109.989998,1095800,109.658019
2015-09-10,110.139999,111.419998,109.690002,110.440002,1620800,109.777661
2015-09-09,110.32,112.00,110.00,110.519997,2552200,109.857175
2015-09-08,108.379997,108.629997,107.089996,108.589996,1386100,107.93875
2015-09-04,107.190002,107.980003,106.50,106.540001,1429500,105.901049
2015-09-03,108.790001,109.32,108.080002,108.830002,1101700,108.177316
2015-09-02,106.769997,108.110001,105.529999,107.980003,2889800,107.332415
2015-09-01,106.779999,107.669998,104.940002,105.419998,2168300,104.787763
2015-08-31,109.449997,110.389999,108.379997,109.139999,1033000,108.485454
2015-08-28,109.480003,110.760002,109.209999,110.459999,988000,109.797537
2015-08-27,108.239998,110.739998,107.849998,109.919998,1824100,109.260775
2015-08-26,106.57,106.68,104.260002,106.489998,1952700,105.851345
2015-08-25,109.129997,109.389999,104.389999,104.529999,2222800,103.903101
2015-08-24,104.470001,109.279999,103.089996,105.349998,2321900,104.718183
2015-08-21,111.919998,112.169998,109.739998,109.900002,1448900,109.240898
2015-08-20,114.080002,114.849998,112.57,112.620003,1211900,111.944587
2015-08-19,115.120003,115.720001,114.540001,114.860001,633400,114.171151
2015-08-18,116.019997,116.699997,115.57,115.900002,577700,115.204914
2015-08-17,116.150002,116.650002,115.290001,116.349998,817500,115.652213
2015-08-14,115.50,116.550003,115.080002,116.480003,697200,115.781438
2015-08-13,115.25,115.849998,114.330002,115.279999,626500,114.58863
2015-08-12,115.389999,115.860001,114.190002,115.040001,1180700,114.350072
2015-08-11,115.339996,116.150002,114.669998,115.93,1129800,115.234733
2015-08-10,115.050003,116.589996,114.720001,116.589996,774300,115.890771
2015-08-07,116.129997,116.50,114.139999,114.360001,889100,113.674149
2015-08-06,116.540001,117.18,115.949997,116.309998,743600,115.612452
2015-08-05,116.739998,117.690002,115.93,116.75,843100,116.049815
2015-08-04,115.889999,115.970001,114.989998,115.32,685000,114.628391
2015-08-03,115.25,115.980003,114.660004,115.279999,1022500,114.58863
2015-07-31,116.50,116.959999,115.559998,115.809998,923000,115.11545
2015-07-30,115.339996,116.25,115.209999,116.099998,893000,115.403712
2015-07-29,113.879997,115.779999,113.050003,115.32,1281400,114.628391
2015-07-28,108.379997,114.279999,108.239998,113.769997,2405000,113.087684
2015-07-27,109.00,109.099998,107.720001,108.389999,1841900,107.739952
2015-07-24,111.239998,111.239998,109.139999,109.529999,999200,108.873115
2015-07-23,111.949997,112.330002,111.18,111.239998,879000,110.572858
2015-07-22,112.440002,112.879997,111.769997,111.849998,924200,111.1792
2015-07-21,112.989998,113.419998,111.889999,112.57,941600,111.894884
2015-07-20,112.709999,113.610001,112.379997,112.769997,1178800,112.093681