2015-12-16,67.550003,68.529999,66.949997,68.519997,1052700,68.519997
2015-12-15,67.50,67.959999,66.610001,67.220001,1322900,67.220001
2015-12-14,67.089996,67.669998,65.879997,66.699997,1584600,66.699997
2015-12-11,68.160004,69.18,67.339996,67.470001,1483000,67.470001
2015-12-10,70.290001,70.440002,69.260002,69.410004,999700,69.410004
2015-12-09,68.400002,71.400002,68.400002,70.889999,1700200,70.43
2015-12-08,69.720001,70.540001,68.769997,68.910004,1196900,68.462852
2015-12-07,72.059998,72.75,70.349998,70.900002,1266300,70.439937
2015-12-04,71.18,73.720001,71.169998,73.309998,1396000,72.834295
2015-12-03,71.910004,72.510002,70.959999,71.139999,1159200,70.678378
2015-12-02,72.00,72.879997,71.389999,71.779999,1013500,71.314224
2015-12-01,72.809998,72.949997,70.529999,72.540001,1707700,72.069295
2015-11-30,71.300003,72.720001,71.290001,72.650002,1301800,72.178582
2015-11-27,70.790001,71.690002,70.510002,71.260002,296800,70.797602
2015-11-25,72.029999,72.300003,70.720001,70.93,974400,70.469741
2015-11-24,71.190002,72.370003,70.75,72.169998,914400,71.701693
2015-11-23,71.139999,71.839996,71.00,71.379997,765300,70.916818
2015-11-20,71.089996,71.610001,70.779999,71.220001,963800,70.75786
2015-11-19,71.50,72.129997,70.529999,70.900002,986800,70.439937
2015-11-18,69.849998,71.690002,69.690002,71.620003,1293900,71.155266
2015-11-17,69.519997,70.57,69.019997,69.599998,1471000,69.14837
2015-11-16,68.599998,69.68,68.400002,69.610001,1010000,69.158307
2015-11-13,67.589996,68.940002,67.00,68.599998,1597700,68.154859
2015-11-12,66.739998,67.849998,66.010002,67.419998,1489300,66.982515
2015-11-11,68.639999,68.949997,66.839996,67.410004,1792600,66.972586
2015-11-10,69.110001,69.57,67.809998,68.620003,1535700,68.174733
2015-11-09,70.959999,71.110001,68.970001,69.260002,1212900,68.81058
2015-11-06,70.199997,71.309998,70.00,71.099998,803000,70.638636
2015-11-05,71.099998,71.389999,70.00,70.660004,1322700,70.201497
2015-11-04,72.919998,73.260002,71.209999,71.290001,1347200,70.827406
2015-11-03,72.019997,73.279999,71.720001,72.690002,1369900,72.218323
2015-11-02,72.190002,72.769997,71.470001,72.199997,1202100,71.731497
2015-10-30,72.790001,72.860001,71.019997,72.169998,1869600,71.701693
2015-10-29,73.139999,73.82,72.610001,73.709999,1471900,73.231701
2015-10-28,72.139999,73.709999,71.889999,73.68,1098100,73.201897
2015-10-27,71.129997,72.309998,70.739998,72.169998,1682100,71.701693
2015-10-26,72.730003,72.800003,71.599998,71.68,789300,71.214875
2015-10-23,71.940002,73.199997,71.410004,72.800003,1520000,72.32761
2015-10-22,70.330002,71.82,69.959999,71.389999,1510100,70.926755
2015-10-21,70.309998,70.949997,68.919998,69.019997,803900,68.572131
2015-10-20,68.980003,71.050003,68.660004,69.940002,1227800,69.486167
2015-10-19,68.510002,69.110001,68.00,68.989998,1232000,68.542327
2015-10-16,70.269997,70.769997,68.440002,69.019997,1731700,68.572131
2015-10-15,70.769997,71.169998,68.75,69.93,2304000,69.47623
2015-10-14,70.080002,71.099998,69.809998,70.610001,1434500,70.151818
2015-10-13,70.230003,71.620003,69.769997,70.889999,996400,70.43
2015-10-12,70.93,71.209999,70.120003,71.010002,653100,70.549224
2015-10-09,72.059998,72.099998,70.00,70.82,1288900,70.360454
2015-10-08,70.400002,71.800003,70.290001,71.50,1020400,71.036042
2015-10-07,70.279999,71.400002,69.620003,70.459999,1716000,70.00279
2015-10-06,68.629997,70.139999,68.43,69.980003,1559600,69.525909
2015-10-05,67.019997,68.720001,66.809998,68.410004,1083100,67.966097
2015-10-02,64.629997,66.480003,63.84,66.330002,1665600,65.899592
2015-10-01,65.129997,65.739998,64.349998,65.50,1263400,65.074976
2015-09-30,64.120003,65.620003,63.91,64.720001,1558800,64.300038
2015-09-29,63.580002,64.290001,62.84,63.43,1477300,63.018408
2015-09-28,65.959999,66.18,63.240002,63.299999,1944300,62.889251
2015-09-25,67.879997,68.32,66.150002,66.599998,1637500,66.167836
2015-09-24,66.949997,67.660004,65.099998,67.349998,1867500,66.91297
2015-09-23,69.620003,69.959999,67.699997,67.809998,1037400,67.369984
2015-09-22,69.519997,69.889999,68.709999,69.459999,1161000,69.009279
2015-09-21,69.690002,71.139999,69.449997,70.919998,1137500,70.459804
2015-09-18,69.25,70.150002,68.699997,69.25,1528600,68.800642
2015-09-17,71.129997,72.209999,70.540001,70.730003,868100,70.271042
2015-09-16,70.010002,71.540001,70.010002,71.339996,868800,70.877077
2015-09-15,69.330002,70.25,69.07,70.169998,937300,69.714671
2015-09-14,69.800003,69.830002,68.510002,69.089996,728100,68.641677
2015-09-11,69.650002,70.040001,69.099998,69.879997,1133300,69.426552
2015-09-10,69.940002,70.959999,69.629997,70.160004,880600,69.704741
2015-09-09,72.650002,73.32,70.330002,70.43,1172600,69.575582
2015-09-08,71.010002,71.68,70.300003,71.32,1170100,70.454785
2015-09-04,69.660004,70.540001,69.339996,69.529999,1592900,68.686499
2015-09-03,71.089996,71.800003,70.559998,71.260002,1520200,70.395515
2015-09-02,71.57,71.589996,69.18,70.300003,1053400,69.447162
2015-09-01,70.150002,71.160004,69.379997,70.029999,1403000,69.180433
2015-08-31,72.25,73.040001,70.669998,72.459999,943400,71.580954
2015-08-28,71.989998,73.57,71.989998,72.709999,1391600,71.827921
2015-08-27,71.199997,73.18,70.949997,72.629997,1789900,71.74889
2015-08-26,69.389999,70.290001,68.120003,69.870003,2516200,69.022378
2015-08-25,71.269997,71.330002,67.75,67.769997,1913100,66.947848
2015-08-24,69.309998,71.790001,63.849998,68.910004,1591600,68.074025
2015-08-21,73.50,73.940002,71.970001,71.980003,1222700,71.106781
2015-08-20,74.709999,75.550003,73.550003,73.889999,1682700,72.993606
2015-08-19,76.059998,76.150002,74.459999,75.099998,1255500,74.188926
2015-08-18,76.800003,77.300003,76.339996,76.900002,802300,75.967093
2015-08-17,76.120003,77.57,75.129997,77.410004,907000,76.470908
2015-08-14,77.190002,77.419998,76.309998,76.50,1047100,75.571944
2015-08-13,77.279999,77.489998,76.690002,77.440002,1206200,76.500543
2015-08-12,76.860001,77.730003,76.300003,77.489998,1400300,76.549932
2015-08-11,78.269997,78.459999,77.07,77.629997,1504600,76.688233
2015-08-10,77.25,79.809998,76.690002,79.760002,1098900,78.792397
2015-08-07,76.980003,77.489998,76.389999,76.669998,1048600,75.73988
2015-08-06,77.199997,77.540001,76.459999,77.129997,1146000,76.194298
2015-08-05,78.650002,78.989998,77.080002,77.099998,899100,76.164664
2015-08-04,77.93,78.480003,77.629997,77.849998,1223200,76.905565
2015-08-03,78.239998,78.489998,77.00,77.550003,1242500,76.609209
2015-07-31,79.199997,79.199997,78.059998,78.400002,1416000,77.448896
2015-07-30,78.18,78.75,77.43,78.589996,1298800,77.636586
2015-07-29,76.93,79.050003,76.93,78.080002,1677600,77.132778
2015-07-28,73.879997,78.449997,73.739998,77.019997,4745700,76.085632
2015-07-27,72.910004,73.050003,71.660004,72.110001,2550900,71.235202
2015-07-24,74.519997,74.790001,73.07,73.550003,1723600,72.657735
2015-07-23,75.730003,75.730003,73.019997,74.519997,2619700,73.615961
2015-07-22,76.50,76.760002,75.510002,75.699997,1191100,74.781646
2015-07-21,76.75,77.440002,76.43,76.580002,1448200,75.650975
2015-07-20,77.790001,77.940002,76.779999,76.889999,1029600,75.957212