2015-12-16,61.450001,62.200001,59.900002,62.029999,2087000,62.029999
2015-12-15,58.77,61.939999,58.419998,60.880001,4174500,60.880001
2015-12-14,57.299999,59.310001,56.09,57.43,7620000,57.43
2015-12-11,57.470001,58.09,55.919998,57.119999,7288800,57.119999
2015-12-10,58.41,59.310001,57.82,58.330002,3923100,58.330002
2015-12-09,58.810001,60.400002,57.759998,58.490002,5301300,58.490002
2015-12-08,58.630001,60.139999,58.150002,59.279999,3702400,59.279999
2015-12-07,62.599998,63.709999,59.189999,59.630001,4544300,59.630001
2015-12-04,60.169998,63.00,59.75,62.700001,3849900,62.700001
2015-12-03,62.040001,62.040001,59.169998,59.810001,4613600,59.810001
2015-12-02,62.080002,63.130001,61.18,61.549999,3773400,61.549999
2015-12-01,61.73,62.630001,60.34,61.950001,4258200,61.950001
2015-11-30,62.580002,62.849998,60.209999,61.48,2642600,61.48
2015-11-27,61.080002,62.459999,60.959999,62.330002,945800,62.330002
2015-11-25,60.369999,61.689999,60.00,61.00,1432800,61.00
2015-11-24,59.66,60.610001,59.560001,60.279999,2015500,60.279999
2015-11-23,59.560001,60.380001,58.919998,60.16,2960800,60.16
2015-11-20,59.529999,60.34,58.689999,59.369999,1958500,59.369999
2015-11-19,59.41,61.02,58.32,59.41,2352900,59.41
2015-11-18,57.77,59.810001,57.560001,59.330002,3173900,59.330002
2015-11-17,57.110001,59.110001,56.349998,57.650002,2471100,57.650002
2015-11-16,56.360001,57.560001,55.84,56.900002,2923200,56.900002
2015-11-13,56.43,60.57,56.00,57.990002,6198300,57.990002
2015-11-12,57.400002,58.049999,55.959999,56.099998,5711700,56.099998
2015-11-11,55.549999,57.50,54.82,56.509998,5052800,56.509998
2015-11-10,54.240002,55.880001,52.07,55.57,5205200,55.57
2015-11-09,55.66,57.50,53.93,54.50,5470600,54.50
2015-11-06,53.240002,56.349998,50.619999,55.299999,8457900,55.299999
2015-11-05,58.599998,60.43,47.380001,51.700001,17732700,51.700001
2015-11-04,60.950001,61.75,58.459999,60.490002,3543700,60.490002
2015-11-03,61.779999,62.84,60.580002,61.259998,2221700,61.259998
2015-11-02,60.349998,62.939999,59.830002,61.400002,2951500,61.400002
2015-10-30,60.02,62.060001,59.419998,59.990002,4879400,59.990002
2015-10-29,61.799999,68.839996,60.00,60.380001,6409500,60.380001
2015-10-28,59.02,62.040001,57.52,60.889999,4836700,60.889999
2015-10-27,58.700001,60.970001,58.02,58.52,4425500,58.52
2015-10-26,55.040001,60.189999,55.02,58.970001,6622800,58.970001
2015-10-23,53.50,58.299999,53.00,56.599998,9969200,56.599998
2015-10-22,54.290001,54.290001,46.66,51.459999,15672400,51.459999
2015-10-21,63.360001,63.91,49.310001,54.459999,23251200,54.459999
2015-10-20,66.50,67.300003,62.169998,62.830002,4847100,62.830002
2015-10-19,68.089996,69.169998,65.370003,66.790001,3895400,66.790001
2015-10-16,67.00,69.330002,66.239998,69.019997,3563900,69.019997
2015-10-15,63.25,66.839996,62.310001,66.599998,3516900,66.599998
2015-10-14,63.75,65.489998,62.369999,64.940002,5711400,64.940002
2015-10-13,63.209999,65.260002,62.799999,62.869999,3498500,62.869999
2015-10-12,64.199997,64.919998,62.080002,64.00,1717300,64.00
2015-10-09,63.810001,65.57,63.59,64.269997,3203900,64.269997
2015-10-08,62.990002,63.98,61.080002,63.419998,3403400,63.419998
2015-10-07,64.389999,64.75,61.290001,63.139999,6683300,63.139999
2015-10-06,67.169998,67.489998,62.77,64.099998,6869500,64.099998
2015-10-05,71.830002,72.849998,65.230003,67.279999,5858100,67.279999
2015-10-02,67.400002,71.059998,66.809998,71.059998,3347500,71.059998
2015-10-01,68.300003,70.160004,66.059998,70.019997,4271100,70.019997
2015-09-30,62.02,69.32,61.639999,69.279999,8777900,69.279999
2015-09-29,62.560001,64.980003,59.810001,60.57,6721300,60.57
2015-09-28,68.599998,69.989998,60.23,61.82,7734000,61.82
2015-09-25,73.339996,74.699997,66.470001,68.839996,4567800,68.839996
2015-09-24,74.730003,76.620003,68.919998,72.400002,3659200,72.400002
2015-09-23,76.269997,77.209999,74.599998,75.400002,2153500,75.400002
2015-09-22,76.809998,77.650002,73.800003,75.779999,3458200,75.779999
2015-09-21,82.279999,82.809998,77.620003,78.330002,2638900,78.330002
2015-09-18,79.980003,84.57,79.830002,81.919998,5105800,81.919998
2015-09-17,79.239998,82.410004,79.010002,80.989998,2971100,80.989998
2015-09-16,78.010002,80.059998,77.75,79.300003,4740800,79.300003
2015-09-15,74.739998,76.07,74.220001,75.970001,672300,75.970001
2015-09-14,75.50,75.50,74.110001,74.470001,1079600,74.470001
2015-09-11,74.75,75.220001,74.129997,74.800003,1145500,74.800003
2015-09-10,74.980003,76.519997,74.800003,75.230003,975200,75.230003
2015-09-09,77.260002,77.949997,74.82,74.980003,1607800,74.980003
2015-09-08,74.529999,79.559998,74.470001,76.589996,1869800,76.589996
2015-09-04,73.360001,74.290001,72.059998,73.00,1576700,73.00
2015-09-03,75.400002,76.93,74.169998,74.459999,1392700,74.459999
2015-09-02,74.779999,76.150002,72.839996,74.959999,1543500,74.959999
2015-09-01,73.489998,76.519997,72.989998,73.480003,3256000,73.480003
2015-08-31,78.279999,79.029999,76.860001,77.00,1591100,77.00
2015-08-28,78.360001,79.220001,77.470001,78.699997,1296200,78.699997
2015-08-27,77.260002,79.519997,77.059998,79.00,1730600,79.00
2015-08-26,75.110001,76.529999,72.889999,76.379997,2031500,76.379997
2015-08-25,75.57,77.050003,73.019997,73.089996,2494300,73.089996
2015-08-24,71.650002,76.190002,68.610001,73.449997,3851500,73.449997
2015-08-21,79.900002,80.419998,76.120003,76.610001,3319900,76.610001
2015-08-20,83.120003,83.910004,80.809998,80.82,2700100,80.82
2015-08-19,85.089996,85.18,83.389999,84.32,1241500,84.32
2015-08-18,86.32,86.720001,85.309998,85.410004,900900,85.410004
2015-08-17,84.720001,86.480003,83.720001,86.360001,1533300,86.360001
2015-08-14,83.230003,86.480003,82.32,84.82,2158200,84.82
2015-08-13,83.610001,84.919998,82.099998,83.449997,1265700,83.449997
2015-08-12,82.519997,83.370003,80.769997,83.300003,1814400,83.300003
2015-08-11,83.339996,85.699997,82.230003,83.43,2194700,83.43
2015-08-10,80.279999,85.379997,79.889999,84.18,3586500,84.18
2015-08-07,81.910004,84.019997,79.82,83.75,2472900,83.75
2015-08-06,86.019997,86.610001,81.669998,81.699997,2254900,81.699997
2015-08-05,85.93,86.040001,84.379997,85.849998,1663800,85.849998
2015-08-04,87.160004,87.279999,84.639999,85.110001,1911300,85.110001
2015-08-03,87.949997,88.540001,86.269997,86.989998,2295800,86.989998
2015-07-31,86.470001,87.690002,85.040001,87.540001,3040700,87.540001
2015-07-30,85.760002,86.620003,84.68,85.959999,1216800,85.959999
2015-07-29,87.860001,88.029999,85.599998,86.190002,1310700,86.190002
2015-07-28,86.599998,88.089996,85.330002,87.629997,2744100,87.629997
2015-07-27,85.089996,85.980003,84.050003,85.809998,1364300,85.809998
2015-07-24,85.209999,86.239998,84.75,85.389999,1243800,85.389999
2015-07-23,86.440002,86.82,85.790001,85.900002,2115100,85.900002
2015-07-22,85.629997,86.739998,85.540001,86.519997,1091200,86.519997
2015-07-21,87.269997,88.129997,85.900002,86.129997,1490900,86.129997
2015-07-20,85.449997,87.559998,85.419998,86.940002,2520700,86.940002