2015-12-16,77.290001,77.620003,75.720001,75.800003,4941600,75.800003
2015-12-15,77.970001,78.660004,76.980003,77.300003,5697000,77.300003
2015-12-14,74.360001,77.029999,73.720001,76.860001,5827000,76.860001
2015-12-11,77.32,79.43,74.760002,74.889999,4925600,74.889999
2015-12-10,77.839996,80.150002,77.400002,78.18,5016800,78.18
2015-12-09,77.470001,80.400002,76.879997,78.379997,5188600,78.379997
2015-12-08,74.720001,77.879997,73.93,77.110001,5314100,77.110001
2015-12-07,77.879997,78.400002,74.550003,76.190002,6242200,76.190002
2015-12-04,79.290001,80.839996,78.50,80.489998,4703700,80.489998
2015-12-03,81.639999,82.480003,80.25,80.989998,4672900,80.989998
2015-12-02,83.330002,84.059998,80.410004,80.860001,4471100,80.860001
2015-12-01,83.449997,84.129997,83.019997,84.050003,2523100,84.050003
2015-11-30,82.410004,84.639999,82.199997,83.43,3750600,83.43
2015-11-27,82.879997,83.269997,81.900002,82.019997,1446600,82.019997
2015-11-25,84.239998,84.629997,83.199997,83.529999,3037000,83.529999
2015-11-24,83.300003,85.650002,83.160004,85.139999,4420900,85.139999
2015-11-23,82.360001,83.379997,82.059998,82.57,2718700,82.57
2015-11-20,83.00,83.269997,81.980003,82.629997,2980700,82.629997
2015-11-19,84.260002,84.639999,81.739998,82.650002,2797900,82.650002
2015-11-18,83.839996,85.260002,82.949997,85.150002,3200900,85.150002
2015-11-17,84.290001,84.309998,81.93,82.980003,3290100,82.980003
2015-11-16,82.440002,84.860001,82.00,84.790001,3052700,84.790001
2015-11-13,81.650002,82.949997,80.50,82.25,3111800,82.25
2015-11-12,82.339996,82.75,80.93,81.690002,3436700,81.690002
2015-11-11,86.349998,87.900002,83.190002,83.32,3545500,83.32
2015-11-10,85.220001,86.879997,84.720001,86.580002,3909700,86.580002
2015-11-09,85.940002,87.18,84.489998,85.370003,3849900,85.370003
2015-11-06,85.410004,88.489998,84.230003,85.269997,5272300,85.269997
2015-11-05,86.279999,88.220001,85.449997,86.470001,4033800,86.470001
2015-11-04,88.480003,88.959999,85.75,86.470001,3908700,86.470001
2015-11-03,86.900002,89.519997,86.279999,88.449997,5513900,88.449997
2015-11-02,85.139999,86.50,84.709999,86.07,3597500,86.07
2015-10-30,85.779999,86.68,84.370003,85.849998,3161600,85.849998
2015-10-29,84.32,85.900002,84.129997,85.519997,2984100,85.519997
2015-10-28,82.980003,86.169998,82.349998,84.790001,3830000,84.790001
2015-10-27,81.839996,82.949997,80.050003,82.699997,5147700,82.699997
2015-10-26,85.099998,85.290001,83.25,83.389999,3496500,83.389999
2015-10-23,85.089996,86.089996,84.32,85.43,2674900,85.43
2015-10-22,84.629997,86.169998,84.370003,85.800003,2901100,85.800003
2015-10-21,84.440002,84.699997,83.410004,83.779999,3005600,83.779999
2015-10-20,84.57,85.650002,83.949997,84.870003,3553400,84.870003
2015-10-19,86.269997,86.470001,84.110001,84.809998,4256500,84.809998
2015-10-16,87.75,88.00,86.559998,87.50,4104500,87.50
2015-10-15,85.300003,87.160004,84.93,87.139999,3609900,87.139999
2015-10-14,84.989998,86.139999,84.760002,85.779999,3325400,85.779999
2015-10-13,85.129997,86.290001,84.75,85.279999,5605900,85.111998
2015-10-12,87.120003,88.00,84.93,86.029999,4804200,85.86052
2015-10-09,87.349998,88.300003,86.099998,87.300003,5802200,87.128023
2015-10-08,83.309998,87.269997,83.07,87.040001,6795000,86.868533
2015-10-07,84.370003,85.400002,82.18,83.769997,6893100,83.60497
2015-10-06,80.720001,83.730003,80.550003,82.839996,6777000,82.676802
2015-10-05,78.160004,81.699997,78.00,80.650002,7429300,80.491122
2015-10-02,72.669998,77.449997,71.589996,77.059998,6032600,76.90819
2015-10-01,73.800003,75.68,73.00,73.589996,5683400,73.445025
2015-09-30,70.849998,72.940002,70.669998,72.800003,4809200,72.656588
2015-09-29,69.860001,70.669998,69.139999,70.129997,3773600,69.991842
2015-09-28,71.739998,72.190002,69.099998,69.43,4581900,69.293224
2015-09-25,74.059998,74.209999,72.190002,72.790001,3894300,72.646605
2015-09-24,72.290001,73.720001,71.480003,73.260002,4443600,73.11568
2015-09-23,75.239998,75.93,72.870003,73.040001,3891400,72.896113
2015-09-22,75.43,76.660004,74.690002,75.220001,3433900,75.071818
2015-09-21,77.050003,77.330002,75.870003,76.519997,3258700,76.369253
2015-09-18,78.860001,79.190002,75.93,76.260002,6047600,76.10977
2015-09-17,80.019997,81.18,79.120003,79.660004,5499100,79.503074
2015-09-16,77.68,80.169998,77.459999,79.940002,3996000,79.782521
2015-09-15,77.040001,77.800003,76.559998,77.25,3650500,77.097818
2015-09-14,77.150002,77.150002,76.040001,76.43,3705000,76.279434
2015-09-11,76.75,77.410004,75.839996,77.150002,4571800,76.998017
2015-09-10,77.57,78.239998,76.129997,78.059998,4814700,77.90622
2015-09-09,78.739998,79.349998,76.669998,76.93,6445400,76.778449
2015-09-08,77.580002,78.18,75.449997,77.660004,5137600,77.507014
2015-09-04,76.220001,77.440002,75.949997,76.889999,4700700,76.738527
2015-09-03,78.25,80.160004,76.790001,77.449997,6228100,77.297421
2015-09-02,77.059998,77.709999,74.870003,77.709999,5356500,77.556911
2015-09-01,76.019997,77.32,75.18,76.019997,6376900,75.870238
2015-08-31,76.199997,79.160004,74.57,78.309998,6864000,78.155727
2015-08-28,75.50,79.339996,75.410004,77.309998,6962200,77.157697
2015-08-27,72.989998,76.099998,72.860001,75.790001,7160700,75.640695
2015-08-26,70.209999,71.040001,68.400002,70.989998,6763700,70.850148
2015-08-25,72.099998,72.110001,68.290001,68.360001,6720600,68.225332
2015-08-24,70.00,73.279999,68.150002,69.260002,9518800,69.12356
2015-08-21,76.389999,77.43,74.120003,74.860001,7769100,74.712527
2015-08-20,77.019997,78.440002,76.610001,76.730003,6793500,76.578846
2015-08-19,79.870003,79.879997,76.07,77.07,6122900,76.918172
2015-08-18,79.709999,80.540001,79.279999,80.410004,3536700,80.251597
2015-08-17,79.50,80.160004,78.889999,80.010002,3747200,79.852383
2015-08-14,79.50,80.879997,78.800003,79.93,3908100,79.772539
2015-08-13,79.300003,80.50,78.339996,79.68,5889700,79.523031
2015-08-12,77.32,80.260002,76.50,79.93,8234000,79.772539
2015-08-11,75.129997,77.43,74.18,77.300003,5976000,77.147723
2015-08-10,73.669998,76.480003,73.620003,76.269997,6935200,76.119745
2015-08-07,75.25,78.699997,73.029999,73.760002,8476100,73.614695
2015-08-06,75.650002,78.339996,75.300003,77.68,6709500,77.526971
2015-08-05,78.059998,78.949997,75.959999,76.089996,4896800,75.9401
2015-08-04,77.080002,77.769997,76.349998,76.739998,3981900,76.588821
2015-08-03,76.199997,77.629997,75.449997,76.440002,5136500,76.289416
2015-07-31,78.00,78.309998,77.00,77.190002,4190200,77.037939
2015-07-30,77.650002,78.720001,76.800003,78.540001,4539800,78.385278
2015-07-29,76.50,79.010002,76.50,77.739998,6360600,77.586851
2015-07-28,73.400002,77.559998,73.400002,76.849998,7887200,76.698605
2015-07-27,74.099998,74.730003,72.860001,73.190002,5621300,73.045819
2015-07-24,76.099998,76.580002,74.620003,75.160004,5850200,75.011939
2015-07-23,76.199997,76.82,75.470001,76.32,6335400,76.16965
2015-07-22,77.18,77.489998,75.760002,76.089996,7205200,75.9401
2015-07-21,78.089996,78.379997,76.940002,77.330002,6823700,77.177662
2015-07-20,80.239998,80.25,77.919998,77.93,7054000,77.776479