2015-12-16,51.299999,52.189999,50.970001,51.990002,4263600,51.990002
2015-12-15,50.619999,50.900002,49.93,50.580002,3639200,50.580002
2015-12-14,50.709999,51.080002,49.98,50.380001,4195100,50.380001
2015-12-11,51.419998,51.860001,50.66,50.869999,5853400,50.869999
2015-12-10,52.639999,53.049999,52.02,52.139999,4149400,52.139999
2015-12-09,52.860001,53.700001,52.470001,52.669998,3593100,52.669998
2015-12-08,54.00,54.209999,52.82,53.00,5690100,53.00
2015-12-07,55.849998,55.880001,54.599998,54.709999,3525100,54.709999
2015-12-04,55.740002,56.240002,55.52,56.049999,3234000,56.049999
2015-12-03,57.09,57.220001,55.150002,55.619999,5123300,55.619999
2015-12-02,58.099998,58.470001,56.959999,57.130001,2795400,57.130001
2015-12-01,58.349998,58.580002,58.009998,58.450001,3074600,58.450001
2015-11-30,58.200001,58.59,57.98,58.16,3120900,58.16
2015-11-27,57.869999,58.18,57.599998,58.099998,1048000,58.099998
2015-11-25,57.610001,58.18,57.439999,57.950001,3167800,57.950001
2015-11-24,57.00,57.77,56.549999,57.689999,3163800,57.689999
2015-11-23,57.450001,57.779999,57.189999,57.220001,3386100,57.220001
2015-11-20,57.029999,57.68,56.93,57.59,4810000,57.59
2015-11-19,56.970001,56.98,56.150002,56.77,4470700,56.77
2015-11-18,55.040001,56.950001,55.040001,56.880001,3028300,56.880001
2015-11-17,55.599998,55.880001,55.029999,55.439999,2918700,55.439999
2015-11-16,54.099998,55.419998,54.040001,55.41,2748500,55.41
2015-11-13,54.080002,54.77,53.990002,54.110001,3638400,54.110001
2015-11-12,54.919998,55.209999,54.080002,54.189999,5806300,54.189999
2015-11-11,55.799999,56.099998,55.400002,55.52,4158300,55.52
2015-11-10,55.830002,56.439999,55.540001,56.23,3707700,56.23
2015-11-09,57.23,57.290001,56.040001,56.360001,3952200,56.360001
2015-11-06,56.700001,57.400002,56.459999,57.220001,5281400,57.220001
2015-11-05,56.130001,57.41,55.959999,57.110001,6716200,57.110001
2015-11-04,57.009998,57.810001,56.66,56.740002,3962800,56.190002
2015-11-03,56.50,57.459999,56.400002,56.740002,4003100,56.190002
2015-11-02,55.490002,56.970001,55.189999,56.720001,4576100,56.170196
2015-10-30,54.310001,56.490002,54.00,55.91,7023400,55.368046
2015-10-29,53.68,54.450001,53.68,54.310001,3574600,53.783557
2015-10-28,52.880001,54.23,52.869999,54.080002,3409500,53.555787
2015-10-27,53.310001,53.310001,51.889999,52.75,3036400,52.238677
2015-10-26,54.490002,54.68,53.689999,53.779999,2820300,53.258692
2015-10-23,54.639999,55.34,54.00,54.310001,3169000,53.783557
2015-10-22,52.73,54.959999,52.720001,54.349998,4617100,53.823166
2015-10-21,52.84,53.299999,52.400002,52.52,3576500,52.010907
2015-10-20,51.040001,53.080002,50.880001,52.369999,7151800,51.86236
2015-10-19,50.75,51.32,50.610001,51.27,4398200,50.773024
2015-10-16,52.07,52.07,50.68,51.150002,6693500,50.654188
2015-10-15,52.459999,52.610001,51.41,52.099998,4716000,51.594976
2015-10-14,53.400002,53.50,52.580002,52.75,2935700,52.238677
2015-10-13,53.830002,54.110001,53.450001,53.50,2498600,52.981407
2015-10-12,54.860001,55.00,53.959999,54.139999,2491900,53.615203
2015-10-09,54.799999,55.650002,54.549999,54.82,3168300,54.288612
2015-10-08,54.009998,55.48,53.900002,55.299999,3902400,54.763958
2015-10-07,53.25,54.73,52.880001,54.110001,5431700,53.585495
2015-10-06,52.900002,53.330002,52.220001,52.580002,5230100,52.070327
2015-10-05,51.57,53.299999,51.50,52.759998,3842700,52.248579
2015-10-02,49.779999,51.41,49.459999,51.400002,5100800,50.901765
2015-10-01,51.439999,51.669998,50.27,50.580002,2934800,50.089713
2015-09-30,51.290001,51.57,50.75,51.299999,3120500,50.802732
2015-09-29,50.220001,50.849998,49.93,50.66,3104200,50.168936
2015-09-28,51.48,51.68,49.93,50.049999,6838000,49.564848
2015-09-25,52.400002,52.560001,51.619999,51.919998,6819500,51.416721
2015-09-24,51.73,52.330002,50.860001,52.189999,6620200,51.684104
2015-09-23,53.060001,53.18,52.209999,52.360001,3649900,51.852458
2015-09-22,52.450001,53.009998,52.150002,53.00,3802500,52.486254
2015-09-21,53.029999,53.490002,52.689999,53.259998,3546500,52.743732
2015-09-18,54.299999,54.439999,52.509998,52.93,6767400,52.416933
2015-09-17,56.23,56.419998,54.91,55.049999,4300800,54.516382
2015-09-16,55.790001,56.650002,55.529999,56.540001,2364100,55.99194
2015-09-15,54.709999,55.82,54.549999,55.740002,3461500,55.199696
2015-09-14,55.639999,55.740002,54.549999,54.68,4092800,54.149969
2015-09-11,55.91,56.16,55.34,55.720001,1762200,55.179889
2015-09-10,56.130001,56.52,55.459999,55.860001,2396000,55.318531
2015-09-09,57.34,57.630001,55.869999,55.990002,2676000,55.447272
2015-09-08,55.98,56.810001,55.759998,56.68,2952000,56.130583
2015-09-04,54.490002,55.310001,54.130001,55.049999,3367000,54.516382
2015-09-03,55.330002,56.02,55.040001,55.290001,3216700,54.754057
2015-09-02,55.779999,55.790001,54.540001,55.57,2915000,55.031342
2015-09-01,55.75,56.32,54.610001,54.900002,3634400,54.367838
2015-08-31,56.700001,57.540001,56.130001,57.060001,2835300,56.5069
2015-08-28,56.349998,57.450001,56.169998,57.049999,2974500,56.496995
2015-08-27,55.25,56.740002,55.009998,56.630001,4180500,56.081068
2015-08-26,54.009998,54.779999,53.139999,54.57,4609700,54.041035
2015-08-25,56.389999,56.389999,52.669998,52.709999,4600300,52.199064
2015-08-24,51.77,55.630001,49.209999,54.32,6020200,53.793458
2015-08-21,57.630001,58.00,56.689999,56.689999,4869200,56.140484
2015-08-20,58.290001,58.610001,58.00,58.119999,3600400,57.556623
2015-08-19,59.360001,59.610001,58.209999,58.650002,3259600,58.081488
2015-08-18,60.07,60.23,59.740002,59.82,2128100,59.240145
2015-08-17,59.66,60.43,59.259998,60.330002,1375400,59.745204
2015-08-14,59.599998,60.259998,59.599998,59.959999,2079800,59.378787
2015-08-13,59.98,60.59,59.700001,59.939999,1719000,59.358981
2015-08-12,59.779999,60.41,59.43,60.299999,2934100,59.715492
2015-08-11,60.650002,60.650002,59.77,60.110001,2668100,59.527335
2015-08-10,60.259998,61.400002,60.150002,61.389999,2425200,60.794926
2015-08-07,59.830002,60.290001,59.549999,59.849998,2371400,59.269853
2015-08-06,59.880001,60.419998,59.50,59.98,2527800,59.398594
2015-08-05,60.110001,60.599998,59.50,59.619999,3420200,59.042083
2015-08-04,60.43,60.709999,59.490002,59.580002,3022200,59.002474
2015-08-03,60.450001,60.580002,59.84,60.259998,2767700,59.675879
2015-07-31,61.310001,61.310001,60.509998,60.580002,3295200,59.99278
2015-07-30,60.639999,61.279999,60.119999,61.080002,3394500,60.487934
2015-07-29,60.049999,62.52,59.50,61.799999,7330800,60.656281
2015-07-28,61.07,61.799999,60.689999,61.490002,3041200,60.352021
2015-07-27,60.849998,61.23,60.34,60.57,3084900,59.449045
2015-07-24,63.00,63.029999,60.48,61.150002,7003600,60.018313
2015-07-23,63.41,63.810001,62.869999,62.990002,3664900,61.82426
2015-07-22,63.790001,64.199997,63.369999,63.48,2166300,62.30519
2015-07-21,64.980003,65.139999,63.91,64.010002,3462000,62.825384
2015-07-20,65.040001,65.510002,64.949997,65.25,1659400,64.042434