2015-12-16,65.599998,67.239998,65.370003,67.129997,1992000,67.129997
2015-12-15,65.480003,65.800003,65.059998,65.220001,1814400,65.220001
2015-12-14,65.639999,65.82,64.199997,65.440002,1938600,65.440002
2015-12-11,65.300003,66.360001,65.080002,65.660004,1888700,65.660004
2015-12-10,67.970001,68.040001,65.660004,65.709999,1787300,65.709999
2015-12-09,66.239998,68.629997,66.110001,68.040001,2326700,68.040001
2015-12-08,66.510002,66.779999,66.160004,66.559998,1328600,66.559998
2015-12-07,65.739998,66.709999,65.25,66.690002,1446900,66.690002
2015-12-04,64.610001,66.00,64.25,65.93,1187200,65.93
2015-12-03,64.970001,65.25,64.18,64.360001,1130100,64.360001
2015-12-02,67.199997,67.199997,65.230003,65.309998,1106500,65.309998
2015-12-01,66.769997,67.949997,65.459999,67.389999,1280400,67.389999
2015-11-30,66.129997,67.239998,66.019997,66.629997,1332100,66.629997
2015-11-27,66.080002,66.400002,65.830002,66.169998,403400,66.169998
2015-11-25,66.669998,66.669998,65.400002,66.139999,780500,66.139999
2015-11-24,66.25,66.690002,66.029999,66.480003,1197100,66.480003
2015-11-23,66.900002,67.300003,66.559998,66.669998,922800,66.669998
2015-11-20,66.339996,67.07,66.129997,66.940002,1284200,66.940002
2015-11-19,65.980003,66.209999,65.269997,65.839996,1407800,65.839996
2015-11-18,65.440002,66.110001,64.489998,65.669998,1215800,65.669998
2015-11-17,66.669998,66.919998,65.300003,65.440002,1085800,65.440002
2015-11-16,65.199997,66.879997,64.949997,66.830002,1188700,66.830002
2015-11-13,65.860001,66.290001,64.989998,65.150002,1091400,65.150002
2015-11-12,65.839996,66.489998,65.379997,65.800003,1778600,65.800003
2015-11-11,64.959999,66.410004,64.709999,66.059998,1949300,66.059998
2015-11-10,65.199997,65.959999,64.739998,64.849998,1729500,64.849998
2015-11-09,64.830002,65.370003,64.110001,65.139999,1364800,65.139999
2015-11-06,66.739998,67.550003,65.419998,65.650002,2564500,64.800002
2015-11-05,69.199997,69.550003,67.830002,68.059998,1178500,67.178795
2015-11-04,69.220001,69.620003,68.650002,69.209999,1343200,68.313907
2015-11-03,68.519997,69.93,68.349998,69.290001,1968000,68.392873
2015-11-02,67.75,69.00,66.43,68.550003,2510700,67.662456
2015-10-30,67.50,68.360001,67.260002,68.160004,1775000,67.277506
2015-10-29,67.379997,67.639999,66.019997,67.50,1180100,66.626048
2015-10-28,68.459999,68.919998,67.199997,67.760002,1115300,66.882684
2015-10-27,68.400002,68.699997,67.870003,68.459999,776600,67.573617
2015-10-26,68.879997,68.980003,67.790001,68.489998,1253600,67.603228
2015-10-23,69.860001,70.019997,68.589996,68.650002,995900,67.76116
2015-10-22,69.620003,70.129997,69.32,70.059998,1036400,69.1529
2015-10-21,70.290001,70.669998,69.370003,69.419998,729200,68.521187
2015-10-20,69.190002,70.519997,68.910004,70.07,1340800,69.162773
2015-10-19,69.510002,69.75,68.779999,69.379997,1267200,68.481704
2015-10-16,69.559998,70.00,69.080002,69.300003,1619500,68.402745
2015-10-15,68.18,69.199997,67.690002,69.080002,1094400,68.185593
2015-10-14,68.150002,68.57,67.669998,67.919998,1091100,67.040608
2015-10-13,68.18,68.620003,67.839996,68.099998,1348500,67.218278
2015-10-12,67.730003,69.059998,67.230003,68.279999,950900,67.395948
2015-10-09,67.699997,67.959999,67.25,67.559998,1366300,66.685269
2015-10-08,66.75,68.220001,66.239998,67.669998,1426200,66.793845
2015-10-07,66.120003,66.779999,66.099998,66.779999,1570300,65.915369
2015-10-06,66.800003,66.989998,65.639999,66.110001,1240700,65.254045
2015-10-05,66.18,67.190002,65.739998,66.970001,1117100,66.102911
2015-10-02,64.919998,65.93,64.410004,65.889999,1414800,65.036893
2015-10-01,65.160004,65.260002,63.900002,64.410004,1236100,63.576059
2015-09-30,64.519997,65.139999,64.25,65.099998,1382500,64.25712
2015-09-29,64.139999,64.959999,63.93,64.330002,824900,63.497093
2015-09-28,64.32,65.07,64.00,64.059998,1066100,63.230585
2015-09-25,63.580002,65.25,63.299999,64.589996,1641700,63.753721
2015-09-24,62.389999,63.740002,62.299999,63.59,1633700,62.766672
2015-09-23,64.040001,64.040001,63.119999,63.540001,1444300,62.717321
2015-09-22,64.410004,64.629997,63.689999,64.040001,1953700,63.210847
2015-09-21,64.370003,64.790001,63.810001,63.93,1251500,63.10227
2015-09-18,63.91,64.860001,63.759998,64.25,1976500,63.418127
2015-09-17,63.93,65.459999,63.799999,64.419998,1051800,63.585924
2015-09-16,63.360001,64.489998,63.23,63.950001,1516600,63.122012
2015-09-15,62.919998,63.41,62.549999,63.23,1257600,62.411333
2015-09-14,62.68,63.279999,62.549999,62.830002,1173100,62.016514
2015-09-11,61.75,62.700001,61.57,62.68,1184900,61.868455
2015-09-10,61.830002,62.77,61.759998,62.029999,1781000,61.226869
2015-09-09,62.779999,62.869999,61.75,61.889999,1292800,61.088682
2015-09-08,62.27,62.73,61.849998,62.389999,1986400,61.582209
2015-09-04,62.48,62.509998,61.27,61.529999,1497100,60.733343
2015-09-03,62.810001,63.41,62.619999,62.990002,1111400,62.174442
2015-09-02,63.759998,63.82,62.450001,62.759998,1291200,61.947417
2015-09-01,64.459999,64.459999,62.66,63.060001,1639600,62.243536
2015-08-31,65.620003,65.639999,64.43,65.330002,1704800,64.484146
2015-08-28,65.779999,66.269997,65.07,65.900002,1714600,65.046765
2015-08-27,64.480003,65.910004,64.480003,65.809998,2375300,64.957927
2015-08-26,64.349998,64.519997,63.200001,64.290001,2101300,63.45761
2015-08-25,66.419998,67.220001,63.599998,63.599998,2326900,62.776541
2015-08-24,67.400002,69.480003,65.540001,65.900002,2487600,65.046765
2015-08-21,70.339996,70.860001,69.389999,69.389999,1562500,68.491577
2015-08-20,70.370003,71.559998,70.110001,70.559998,1180300,69.646426
2015-08-19,70.260002,71.139999,70.110001,70.870003,1021100,69.952418
2015-08-18,70.43,71.019997,70.230003,70.620003,1330800,69.705654
2015-08-17,70.080002,70.910004,69.910004,70.660004,1782800,69.745137
2015-08-14,69.599998,70.199997,69.449997,70.099998,1531300,69.192383
2015-08-13,70.010002,70.059998,69.080002,69.790001,1243400,68.886399
2015-08-12,68.629997,70.220001,68.50,70.010002,1883800,69.103552
2015-08-11,68.32,69.529999,68.25,68.940002,1904200,68.047406
2015-08-10,70.32,70.709999,68.550003,68.910004,1879400,67.198542
2015-08-07,69.379997,70.870003,68.860001,70.260002,1381400,68.515012
2015-08-06,67.860001,69.489998,67.230003,69.440002,1771600,67.715378
2015-08-05,68.580002,68.589996,67.75,67.879997,2976800,66.194117
2015-08-04,70.00,70.599998,68.230003,68.580002,2829100,66.876736
2015-08-03,71.25,71.559998,70.889999,71.199997,1603400,69.431661
2015-07-31,70.889999,71.50,70.889999,71.019997,1187900,69.256131
2015-07-30,69.900002,71.089996,69.720001,70.360001,1026700,68.612527
2015-07-29,69.830002,70.220001,69.43,70.110001,1184700,68.368736
2015-07-28,69.75,70.470001,69.550003,69.980003,1456100,68.241967
2015-07-27,69.25,70.800003,69.25,70.400002,1111100,68.651534
2015-07-24,69.779999,69.889999,69.150002,69.209999,921700,67.491087
2015-07-23,70.690002,70.790001,69.150002,69.699997,1705500,67.968915
2015-07-22,71.339996,71.800003,70.870003,71.00,1423100,69.236631
2015-07-21,72.220001,72.389999,70.93,71.300003,1038600,69.529183
2015-07-20,72.339996,72.43,71.629997,72.279999,905400,70.48484