2015-12-16,80.879997,81.989998,80.260002,81.57,995800,81.57
2015-12-15,80.870003,81.379997,79.540001,80.029999,1808700,80.029999
2015-12-14,81.120003,81.720001,79.330002,80.529999,1657600,80.529999
2015-12-11,161.580002,164.199997,159.220001,159.710007,1139100,79.855003
2015-12-10,162.429993,165.970001,161.410004,163.570007,2085600,81.785004
2015-12-09,158.490005,163.440002,156.970001,162.009995,2895000,81.004997
2015-12-08,160.699997,161.970001,159.199997,159.820007,1996600,79.910004
2015-12-07,161.100006,163.270004,159.020004,160.789993,1658200,80.394997
2015-12-04,157.960007,162.300003,157.619995,162.020004,2366600,81.010002
2015-12-03,163.149994,164.309998,156.899994,157.399994,2285200,78.699997
2015-12-02,164.639999,165.539993,162.50,162.860001,2345000,81.43
2015-12-01,164.320007,166.00,162.839996,164.839996,1879000,82.419998
2015-11-30,165.100006,166.869995,163.00,163.00,2290000,81.50
2015-11-27,164.199997,165.889999,163.210007,165.119995,755400,82.559998
2015-11-25,160.910004,164.830002,160.410004,163.669998,1294000,81.834999
2015-11-24,160.00,161.350006,158.960007,160.410004,1487800,80.205002
2015-11-23,157.130005,161.820007,156.779999,161.039993,1898400,80.519997
2015-11-20,156.949997,160.240005,155.970001,157.679993,1785800,78.839996
2015-11-19,156.399994,157.350006,155.00,155.929993,1122400,77.964996
2015-11-18,155.00,157.210007,153.839996,157.089996,1104000,78.544998
2015-11-17,154.50,155.979996,153.660004,154.759995,1421000,77.379997
2015-11-16,153.169998,154.850006,151.75,154.710007,1083400,77.355003
2015-11-13,153.220001,155.259995,152.490005,153.270004,1420600,76.635002
2015-11-12,154.419998,158.990005,152.809998,152.949997,1857400,76.474998
2015-11-11,157.600006,159.00,156.649994,157.399994,961400,78.699997
2015-11-10,157.309998,158.110001,155.509995,157.570007,1046200,78.785004
2015-11-09,157.100006,157.820007,154.860001,157.179993,1109800,78.589996
2015-11-06,158.559998,158.729996,155.699997,157.169998,1202000,78.584999
2015-11-05,156.009995,159.460007,156.009995,158.649994,1562800,79.324997
2015-11-04,158.110001,158.50,155.779999,156.440002,1083800,78.220001
2015-11-03,157.029999,158.990005,155.119995,157.940002,1681600,78.970001
2015-11-02,157.630005,158.839996,157.00,157.520004,1720600,78.760002
2015-10-30,155.110001,158.479996,154.190002,157.149994,2829800,78.574997
2015-10-29,153.550003,155.979996,152.679993,155.00,2211600,77.50
2015-10-28,150.899994,154.300003,149.75,154.050003,2280800,77.025002
2015-10-27,155.50,156.850006,149.279999,150.979996,5289400,75.489998
2015-10-26,150.410004,151.380005,145.690002,146.919998,4257600,73.459999
2015-10-23,149.580002,151.050003,145.820007,149.880005,3722600,74.940002
2015-10-22,149.960007,151.440002,145.75,148.580002,2718400,74.290001
2015-10-21,152.210007,152.25,145.850006,148.910004,2514400,74.455002
2015-10-20,151.029999,151.940002,149.820007,151.199997,1404600,75.599998
2015-10-19,151.25,152.00,150.020004,151.399994,1744200,75.699997
2015-10-16,147.710007,151.429993,147.25,151.279999,2812000,75.639999
2015-10-15,144.679993,147.820007,143.960007,147.149994,2735800,73.574997
2015-10-14,145.070007,147.419998,143.869995,144.410004,2366000,72.205002
2015-10-13,147.899994,147.899994,144.369995,144.580002,4107400,72.290001
2015-10-12,148.369995,150.309998,147.339996,149.529999,2224800,74.764999
2015-10-09,146.270004,148.779999,146.270004,148.220001,3275600,74.110001
2015-10-08,144.440002,146.710007,143.190002,146.270004,2118200,73.135002
2015-10-07,145.00,145.350006,141.240005,145.279999,4251200,72.639999
2015-10-06,148.759995,150.169998,144.089996,144.309998,4194000,72.154999
2015-10-05,154.570007,154.570007,148.600006,149.369995,4587000,74.684998
2015-10-02,148.00,154.740005,147.00,154.550003,3981800,77.275002
2015-10-01,141.520004,149.300003,140.630005,149.00,4801400,74.50
2015-09-30,139.559998,142.399994,138.440002,142.169998,3094000,71.084999
2015-09-29,134.360001,138.339996,133.330002,137.789993,3084000,68.894997
2015-09-28,137.270004,137.460007,133.139999,133.899994,4205600,66.949997
2015-09-25,141.059998,142.00,136.220001,137.360001,1862200,68.68
2015-09-24,140.779999,141.520004,139.50,140.330002,1400200,70.165001
2015-09-23,141.889999,142.889999,141.25,141.600006,1676000,70.800003
2015-09-22,140.440002,142.770004,139.279999,142.130005,2081600,71.065002
2015-09-21,143.779999,144.830002,140.00,141.580002,1781400,70.790001
2015-09-18,140.770004,143.380005,140.619995,142.75,3535800,71.375
2015-09-17,140.479996,143.360001,140.070007,141.610001,1319000,70.805
2015-09-16,140.139999,141.350006,139.029999,140.580002,1271600,70.290001
2015-09-15,138.899994,140.639999,138.080002,140.50,1976600,70.25
2015-09-14,139.130005,139.770004,138.089996,139.00,1463600,69.50
2015-09-11,137.389999,139.149994,136.589996,139.130005,1428800,69.565002
2015-09-10,137.350006,139.339996,137.179993,138.210007,1473200,69.105003
2015-09-09,140.979996,141.020004,137.229996,137.520004,2317000,68.760002
2015-09-08,138.449997,139.899994,136.229996,139.679993,2095000,69.839996
2015-09-04,136.169998,137.309998,134.619995,136.089996,1285800,68.044998
2015-09-03,139.559998,140.979996,137.059998,137.550003,1507000,68.775002
2015-09-02,137.369995,139.059998,135.710007,139.029999,2184000,69.514999
2015-09-01,137.800003,138.889999,134.300003,135.470001,3484000,67.735001
2015-08-31,144.380005,146.160004,140.820007,140.880005,2019000,70.440002
2015-08-28,145.100006,146.860001,142.190002,144.699997,3108600,72.349998
2015-08-27,140.649994,146.210007,140.520004,145.589996,3192000,72.794998
2015-08-26,138.199997,140.449997,134.899994,140.149994,2532600,70.074997
2015-08-25,138.080002,140.470001,135.75,135.75,2856400,67.875
2015-08-24,133.020004,134.399994,125.059998,133.929993,3984000,66.964996
2015-08-21,141.850006,142.190002,139.809998,139.869995,2851600,69.934998
2015-08-20,144.190002,144.970001,142.899994,142.899994,2004800,71.449997
2015-08-19,144.179993,146.690002,142.740005,145.869995,1733000,72.934998
2015-08-18,144.270004,147.380005,143.479996,145.270004,2307800,72.635002
2015-08-17,142.720001,144.979996,141.990005,144.770004,1444600,72.385002
2015-08-14,144.130005,145.029999,142.75,143.300003,1399600,71.650002
2015-08-13,143.809998,145.300003,142.669998,144.399994,1441800,72.199997
2015-08-12,143.220001,144.899994,141.139999,144.119995,2012000,72.059998
2015-08-11,143.580002,144.889999,142.910004,143.809998,1461200,71.904999
2015-08-10,144.970001,146.889999,144.139999,144.50,1271800,72.25
2015-08-07,144.389999,145.179993,142.009995,143.919998,1907200,71.959999
2015-08-06,150.029999,151.910004,143.619995,144.279999,2918000,72.139999
2015-08-05,149.50,150.809998,149.210007,150.119995,1950200,75.059998
2015-08-04,151.320007,151.800003,149.210007,149.369995,1804400,74.684998
2015-08-03,152.25,153.399994,149.509995,151.089996,2176600,75.544998
2015-07-31,154.320007,154.649994,152.029999,152.160004,1532800,76.080002
2015-07-30,153.589996,155.00,152.520004,153.100006,2378800,76.550003
2015-07-29,154.850006,159.00,150.600006,153.759995,3893000,76.879997
2015-07-28,153.960007,155.800003,152.009995,155.800003,3625800,77.900002
2015-07-27,154.50,154.75,151.899994,152.720001,2717200,76.360001
2015-07-24,156.110001,157.419998,154.699997,155.100006,1382000,77.550003
2015-07-23,157.25,157.550003,155.490005,156.25,1414600,78.125
2015-07-22,156.399994,157.610001,155.279999,156.720001,1529200,78.360001
2015-07-21,154.050003,156.490005,153.820007,156.059998,1983200,78.029999
2015-07-20,154.729996,154.729996,153.679993,154.009995,1104800,77.004997