2015-12-16,25.68,26.59,25.629999,26.440001,11113000,26.440001
2015-12-15,25.50,26.049999,25.459999,25.65,10690700,25.65
2015-12-14,25.99,26.01,25.09,25.459999,10878700,25.459999
2015-12-11,26.26,26.540001,25.879999,25.940001,7287000,25.940001
2015-12-10,26.610001,26.75,26.32,26.48,6954200,26.48
2015-12-09,26.379999,27.059999,26.309999,26.57,5670100,26.57
2015-12-08,26.60,26.700001,26.219999,26.540001,5663000,26.540001
2015-12-07,26.709999,26.90,26.280001,26.76,9494500,26.76
2015-12-04,27.34,27.450001,26.65,26.709999,11169000,26.709999
2015-12-03,27.219999,27.48,27.040001,27.139999,5566600,27.139999
2015-12-02,27.75,27.83,27.26,27.34,6717200,27.34
2015-12-01,27.48,27.879999,27.42,27.85,7261800,27.85
2015-11-30,27.620001,27.73,27.280001,27.309999,8445200,27.309999
2015-11-27,27.75,27.84,27.559999,27.620001,2246000,27.620001
2015-11-25,27.75,27.82,27.48,27.700001,4534500,27.700001
2015-11-24,27.57,27.870001,27.40,27.780001,8228500,27.780001
2015-11-23,27.98,28.07,27.610001,27.67,6350600,27.67
2015-11-20,28.280001,28.49,27.58,28.00,9698200,28.00
2015-11-19,28.190001,28.59,28.110001,28.16,5961600,28.16
2015-11-18,27.700001,28.18,27.49,28.120001,9515200,28.120001
2015-11-17,28.59,28.809999,27.60,27.690001,9481200,27.690001
2015-11-16,28.34,28.66,28.27,28.65,7055300,28.65
2015-11-13,28.57,28.879999,28.26,28.34,14599100,28.34
2015-11-12,28.709999,28.98,28.549999,28.559999,6872800,28.559999
2015-11-11,28.84,28.98,28.68,28.870001,6158300,28.870001
2015-11-10,28.549999,29.01,28.50,28.74,6872200,28.74
2015-11-09,28.200001,29.209999,28.17,28.809999,13740900,28.50
2015-11-06,28.35,28.50,27.73,28.09,9663100,27.787748
2015-11-05,29.129999,29.209999,28.68,28.74,6174500,28.430754
2015-11-04,28.52,29.10,28.459999,29.10,10957400,28.786881
2015-11-03,28.360001,28.58,28.10,28.51,6290900,28.203229
2015-11-02,27.969999,28.43,27.969999,28.370001,7919600,28.064736
2015-10-30,28.67,29.10,27.709999,27.92,13220500,27.619577
2015-10-29,28.459999,28.639999,27.91,28.59,7659300,28.282368
2015-10-28,28.639999,28.969999,28.200001,28.559999,9476400,28.25269
2015-10-27,29.040001,29.120001,28.40,28.549999,7118500,28.242798
2015-10-26,29.870001,30.00,28.98,29.17,9366200,28.856127
2015-10-23,30.860001,30.91,29.84,29.860001,7759300,29.538703
2015-10-22,30.58,31.049999,30.530001,31.01,5454100,30.676329
2015-10-21,30.629999,30.85,30.379999,30.459999,4600900,30.132246
2015-10-20,30.209999,30.709999,30.16,30.58,7233700,30.250955
2015-10-19,30.370001,30.459999,29.959999,30.18,7893800,29.85526
2015-10-16,31.09,31.139999,30.35,30.459999,9428100,30.132246
2015-10-15,30.51,31.15,29.790001,30.959999,12145600,30.626866
2015-10-14,30.65,30.700001,30.23,30.389999,9707800,30.062999
2015-10-13,31.01,31.18,30.530001,30.59,7265600,30.260848
2015-10-12,30.940001,31.370001,30.90,31.030001,6161300,30.696114
2015-10-09,30.870001,31.02,30.65,30.82,7877600,30.488373
2015-10-08,30.07,30.98,29.85,30.879999,8113100,30.547726
2015-10-07,30.309999,30.52,30.049999,30.129999,7145900,29.805796
2015-10-06,30.24,30.43,29.870001,30.209999,7908100,29.884936
2015-10-05,29.99,30.75,29.92,30.299999,9407000,29.973967
2015-10-02,29.49,29.82,29.120001,29.82,7145500,29.499133
2015-10-01,29.67,29.75,29.059999,29.200001,7442200,28.885805
2015-09-30,29.35,29.76,29.129999,29.700001,6715900,29.380425
2015-09-29,29.389999,29.559999,28.940001,29.15,7098200,28.836342
2015-09-28,29.299999,29.84,29.08,29.200001,9685500,28.885805
2015-09-25,29.379999,29.719999,29.059999,29.50,10390400,29.182576
2015-09-24,28.870001,29.24,28.450001,29.07,14645200,28.757203
2015-09-23,28.74,29.49,28.459999,29.02,14892400,28.707742
2015-09-22,30.48,30.58,28.41,28.459999,22482400,28.153766
2015-09-21,30.93,31.200001,30.50,30.52,7578600,30.191601
2015-09-18,31.00,31.549999,30.870001,30.91,9166300,30.577404
2015-09-17,31.049999,31.940001,30.92,31.57,6882300,31.230302
2015-09-16,30.530001,31.120001,30.450001,31.059999,7829800,30.72579
2015-09-15,30.309999,30.59,30.10,30.49,5180800,30.161923
2015-09-14,29.889999,30.43,29.889999,30.16,5358800,29.835474
2015-09-11,29.68,29.83,29.549999,29.700001,4009100,29.380425
2015-09-10,30.049999,30.110001,29.639999,29.75,6509200,29.429886
2015-09-09,30.34,30.51,29.73,29.790001,4512100,29.469457
2015-09-08,30.07,30.33,29.969999,30.290001,3842800,29.964077
2015-09-04,30.00,30.10,29.59,29.719999,5798400,29.400208
2015-09-03,30.10,30.35,29.940001,30.26,6765400,29.934399
2015-09-02,30.200001,30.34,29.83,29.959999,8101400,29.637626
2015-09-01,30.41,30.639999,29.75,29.959999,9394300,29.637626
2015-08-31,31.16,31.200001,30.309999,30.76,10317600,30.429019
2015-08-28,31.60,31.860001,30.93,31.40,7408700,31.062132
2015-08-27,31.66,31.790001,31.190001,31.719999,7495000,31.378688
2015-08-26,31.18,31.83,30.68,31.440001,18016000,31.101702
2015-08-25,33.169998,33.459999,30.370001,30.40,26465600,30.072892
2015-08-24,32.66,33.540001,32.150002,32.639999,20428100,32.288789
2015-08-21,33.759998,33.950001,32.919998,33.00,11659800,32.644916
2015-08-20,34.00,34.439999,33.75,33.799999,7130700,33.436307
2015-08-19,33.490002,34.279999,33.330002,34.18,10515600,33.812219
2015-08-18,33.23,33.619999,33.029999,33.599998,6873900,33.238458
2015-08-17,32.950001,33.68,32.919998,33.41,5618700,33.050504
2015-08-14,32.59,33.16,32.48,33.080002,4358200,32.724057
2015-08-13,32.52,32.889999,32.169998,32.75,5347600,32.397606
2015-08-12,31.84,32.790001,31.809999,32.689999,9158600,32.33825
2015-08-11,32.23,32.540001,31.940001,32.09,6390300,31.438042
2015-08-10,32.450001,32.580002,31.959999,32.18,5871400,31.526214
2015-08-07,31.91,32.650002,31.809999,32.439999,7885800,31.78093
2015-08-06,31.780001,32.040001,31.26,31.99,8023900,31.340074
2015-08-05,31.91,32.189999,31.709999,31.73,5450000,31.085356
2015-08-04,32.459999,32.529999,31.709999,31.75,7201300,31.10495
2015-08-03,32.07,32.580002,32.049999,32.450001,7933400,31.790729
2015-07-31,31.950001,32.48,31.879999,32.09,8661600,31.438042
2015-07-30,31.120001,31.780001,31.120001,31.65,9999700,31.006981
2015-07-29,31.43,31.74,30.65,31.139999,12841200,30.507342
2015-07-28,30.85,31.370001,30.780001,31.00,15265400,30.370187
2015-07-27,30.90,31.33,30.629999,30.629999,11910000,30.007704
2015-07-24,31.24,31.469999,30.90,30.91,11874900,30.282016
2015-07-23,32.650002,32.66,31.08,31.24,17092500,30.605311
2015-07-22,32.790001,33.00,32.700001,32.779999,10607300,32.114023
2015-07-21,33.310001,33.360001,32.77,32.779999,10944400,32.114023
2015-07-20,33.439999,33.439999,33.09,33.389999,4751400,32.71163