2015-12-16,131.119995,133.070007,128.300003,131.160004,5709100,131.160004
2015-12-15,125.769997,132.00,125.730003,130.240005,4146400,130.240005
2015-12-14,123.480003,126.00,123.440002,124.300003,2455700,124.300003
2015-12-11,123.550003,125.610001,122.739998,123.209999,2941600,123.209999
2015-12-10,124.800003,126.599998,123.120003,125.610001,2449200,125.610001
2015-12-09,125.029999,126.860001,123.309998,125.019997,2949300,125.019997
2015-12-08,123.919998,126.169998,123.010002,125.629997,1304800,125.629997
2015-12-07,126.339996,126.480003,123.919998,125.040001,1618900,125.040001
2015-12-04,123.110001,126.059998,122.209999,125.919998,2009000,125.919998
2015-12-03,123.389999,125.129997,121.580002,122.269997,3310700,122.269997
2015-12-02,125.00,125.599998,122.779999,123.110001,1489400,123.110001
2015-12-01,124.089996,125.230003,122.760002,125.040001,2261800,125.040001
2015-11-30,123.489998,124.349998,122.139999,123.110001,1527000,123.110001
2015-11-27,124.089996,124.190002,121.660004,123.629997,705000,123.629997
2015-11-25,121.82,124.00,121.50,123.620003,1501300,123.620003
2015-11-24,122.75,123.199997,120.029999,121.269997,2860400,121.269997
2015-11-23,126.610001,127.220001,123.839996,124.919998,1999900,124.919998
2015-11-20,128.550003,128.869995,125.870003,126.25,2632600,126.25
2015-11-19,126.00,129.970001,124.379997,128.089996,4700000,128.089996
2015-11-18,121.260002,125.989998,121.00,125.300003,4405800,125.300003
2015-11-17,123.580002,124.010002,119.360001,120.889999,2845400,120.889999
2015-11-16,122.620003,123.379997,120.709999,122.529999,5572200,122.289996
2015-11-13,127.75,128.660004,124.830002,125.199997,3062200,124.954764
2015-11-12,128.429993,129.160004,127.75,127.940002,2743900,127.689403
2015-11-11,129.759995,130.289993,128.50,128.740005,2256200,128.487839
2015-11-10,129.679993,130.320007,128.130005,129.009995,2107700,128.757299
2015-11-09,131.759995,133.229996,129.339996,129.479996,3757300,129.22638
2015-11-06,138.080002,138.199997,131.600006,133.320007,5417600,133.05887
2015-11-05,139.00,140.509995,136.410004,137.309998,8745800,137.041045
2015-11-04,137.020004,137.300003,132.490005,134.169998,2767300,133.907196
2015-11-03,135.410004,137.50,133.570007,136.389999,2012300,136.122849
2015-11-02,136.199997,137.270004,133.419998,135.410004,2661500,135.144772
2015-10-30,136.169998,139.580002,135.699997,136.300003,7583100,136.033028
2015-10-29,125.75,127.57,124.540001,127.059998,4313800,126.811122
2015-10-28,127.980003,128.020004,124.610001,125.800003,2596700,125.553595
2015-10-27,128.839996,129.75,125.879997,127.110001,1672600,126.861027
2015-10-26,125.879997,129.259995,125.709999,128.389999,2172700,128.138518
2015-10-23,129.350006,129.350006,125.209999,125.410004,3703200,125.16436
2015-10-22,126.900002,129.740005,125.599998,127.580002,2607200,127.330107
2015-10-21,130.00,131.509995,128.139999,129.139999,1390900,128.887049
2015-10-20,130.440002,131.259995,128.119995,129.039993,1771800,128.787239
2015-10-19,127.43,131.070007,126.50,130.449997,1775500,130.194481
2015-10-16,125.629997,127.860001,125.629997,127.379997,1785700,127.130495
2015-10-15,122.489998,125.730003,121.839996,125.18,1818100,124.934807
2015-10-14,124.199997,126.120003,119.559998,121.849998,4258900,121.611327
2015-10-13,126.190002,129.149994,125.400002,128.100006,1780600,127.849093
2015-10-12,126.260002,128.679993,124.790001,127.019997,1907600,126.771199
2015-10-09,123.169998,125.699997,122.010002,125.339996,1037300,125.094489
2015-10-08,122.410004,123.080002,118.889999,122.879997,1367800,122.639309
2015-10-07,122.93,124.050003,120.599998,122.93,831700,122.689214
2015-10-06,123.949997,124.639999,120.43,122.220001,1226100,121.980606
2015-10-05,123.75,125.830002,122.790001,123.949997,1219500,123.707213
2015-10-02,118.080002,122.730003,118.010002,122.620003,1379100,122.379824
2015-10-01,118.50,119.989998,116.550003,119.919998,1305200,119.685108
2015-09-30,115.589996,117.900002,114.059998,117.68,1503200,117.449497
2015-09-29,116.669998,117.209999,113.220001,114.010002,1877800,113.786688
2015-09-28,119.970001,120.260002,115.959999,116.720001,2561900,116.491379
2015-09-25,121.980003,123.300003,119.050003,120.050003,1791000,119.814858
2015-09-24,121.529999,122.00,119.00,120.50,2194100,120.263973
2015-09-23,124.309998,125.629997,121.800003,122.139999,1658500,121.90076
2015-09-22,125.339996,125.769997,123.720001,124.879997,1272500,124.635391
2015-09-21,127.400002,128.389999,125.370003,126.330002,1077300,126.082556
2015-09-18,127.00,130.990005,126.32,126.489998,2482100,126.242238
2015-09-17,125.459999,130.75,125.309998,128.830002,3965600,128.577659
2015-09-16,118.949997,129.100006,117.449997,124.68,5111400,124.435786
2015-09-15,116.120003,119.239998,115.010002,118.830002,1463900,118.597246
2015-09-14,116.959999,117.419998,115.279999,115.75,967700,115.523277
2015-09-11,115.739998,117.18,115.410004,116.610001,990800,116.381593
2015-09-10,112.989998,117.07,112.769997,115.940002,1249400,115.712908
2015-09-09,115.099998,116.400002,113.089996,113.349998,1495500,113.127977
2015-09-08,113.150002,114.690002,112.620003,114.459999,986800,114.235803
2015-09-04,111.279999,112.410004,110.269997,111.230003,1297400,111.012134
2015-09-03,113.610001,115.339996,112.629997,112.889999,817900,112.668879
2015-09-02,112.480003,113.389999,110.879997,113.379997,919100,113.157917
2015-09-01,111.25,113.589996,109.760002,110.370003,1842400,110.153818
2015-08-31,115.339996,116.50,114.050003,114.989998,1026900,114.764764
2015-08-28,116.550003,117.639999,115.389999,116.510002,850300,116.281791
2015-08-27,116.800003,117.699997,114.779999,117.449997,1528600,117.219944
2015-08-26,111.470001,115.550003,109.75,115.239998,1959800,115.014274
2015-08-25,112.150002,113.080002,108.309998,108.419998,1854500,108.207633
2015-08-24,107.50,112.720001,104.760002,108.339996,3173200,107.888257
2015-08-21,117.00,118.669998,114.449997,114.510002,1988000,114.032536
2015-08-20,121.629997,122.629997,118.589996,118.699997,1205800,118.20506
2015-08-19,122.989998,123.989998,122.120003,123.139999,806900,122.62655
2015-08-18,123.339996,124.029999,122.50,123.32,944100,122.805799
2015-08-17,121.489998,123.290001,120.00,123.010002,789100,122.497094
2015-08-14,120.559998,122.160004,119.660004,121.650002,907100,121.142764
2015-08-13,120.220001,122.330002,119.75,120.660004,783900,120.156895
2015-08-12,119.889999,121.400002,117.889999,120.779999,1293400,120.276389
2015-08-11,120.50,121.93,119.800003,121.129997,1019500,120.624928
2015-08-10,121.339996,122.489998,120.760002,121.489998,990900,120.983428
2015-08-07,121.199997,122.889999,120.160004,121.040001,1574600,120.535307
2015-08-06,125.989998,125.989998,120.790001,121.599998,3194500,121.09297
2015-08-05,126.239998,128.470001,126.209999,126.790001,1971600,126.261332
2015-08-04,121.870003,125.980003,121.650002,124.559998,2368400,124.040627
2015-08-03,121.849998,123.75,120.739998,122.589996,3273800,122.07884
2015-07-31,116.360001,122.190002,116.00,121.440002,7887000,120.933641
2015-07-30,107.75,112.00,107.230003,107.610001,4192900,107.161305
2015-07-29,107.459999,107.57,105.82,106.870003,1213500,106.424393
2015-07-28,105.800003,107.699997,104.720001,107.169998,1338900,106.723138
2015-07-27,105.510002,105.699997,104.00,104.919998,1491700,104.482519
2015-07-24,109.00,109.00,105.330002,105.699997,2592100,105.259266
2015-07-23,111.239998,111.25,109.080002,109.519997,781700,109.063337
2015-07-22,109.459999,110.93,109.459999,110.660004,826000,110.198591
2015-07-21,109.50,110.269997,107.879997,110.089996,962600,109.63096
2015-07-20,110.139999,110.839996,109.339996,109.559998,891400,109.103171