2015-12-16,105.370003,107.089996,104.190002,106.790001,21994800,106.790001
2015-12-15,105.300003,105.800003,104.279999,104.550003,21644900,104.550003
2015-12-14,102.290001,104.739998,101.459999,104.660004,24648100,104.660004
2015-12-11,104.150002,104.339996,101.910004,102.120003,26286300,102.120003
2015-12-10,105.050003,106.400002,104.410004,105.419998,17414500,105.419998
2015-12-09,106.18,106.440002,103.550003,104.599998,23123000,104.599998
2015-12-08,104.00,106.910004,103.949997,106.489998,20365300,106.489998
2015-12-07,106.480003,106.830002,104.660004,105.610001,15403400,105.610001
2015-12-04,104.809998,107.730003,104.110001,106.18,20941200,106.18
2015-12-03,106.269997,106.849998,103.349998,104.379997,23171000,104.379997
2015-12-02,107.00,107.919998,105.790001,106.07,24295200,106.07
2015-12-01,104.830002,107.150002,104.50,107.120003,22715600,107.120003
2015-11-30,105.839996,106.099998,103.75,104.239998,20009000,104.239998
2015-11-27,105.779999,105.959999,104.860001,105.449997,5899600,105.449997
2015-11-25,106.330002,106.599998,105.099998,105.410004,15150800,105.410004
2015-11-24,106.00,106.489998,104.389999,105.739998,23577300,105.739998
2015-11-23,107.190002,107.470001,106.080002,106.949997,19897200,106.949997
2015-11-20,106.839996,107.870003,106.620003,107.32,22129600,107.32
2015-11-19,107.360001,107.730003,105.949997,106.260002,25520600,106.260002
2015-11-18,105.800003,107.879997,105.389999,107.769997,23836500,107.769997
2015-11-17,104.620003,106.199997,104.139999,105.129997,26807200,105.129997
2015-11-16,103.32,104.169998,100.470001,104.040001,49309200,104.040001
2015-11-13,107.709999,108.25,103.830002,103.949997,30278400,103.949997
2015-11-12,108.480003,109.389999,108.00,108.019997,20924700,108.019997
2015-11-11,108.269997,109.870003,107.110001,109.010002,25057100,109.010002
2015-11-10,105.959999,108.150002,105.239998,107.910004,25031700,107.910004
2015-11-09,107.00,108.25,105.860001,106.489998,26383500,106.489998
2015-11-06,108.040001,108.739998,105.910004,107.099998,35084300,107.099998
2015-11-05,108.800003,110.650002,107.949997,108.760002,63232900,108.760002
2015-11-04,103.190002,104.139999,102.480003,103.940002,43469300,103.940002
2015-11-03,103.220001,103.650002,102.400002,102.580002,21242300,102.580002
2015-11-02,101.720001,103.470001,101.18,103.309998,24003900,103.309998
2015-10-30,104.510002,104.720001,101.650002,101.970001,33487100,101.970001
2015-10-29,103.959999,105.120003,103.519997,104.879997,20316700,104.879997
2015-10-28,103.900002,104.480003,102.919998,104.199997,24081500,104.199997
2015-10-27,102.940002,104.099998,102.400002,103.699997,23795500,103.699997
2015-10-26,102.199997,103.809998,101.550003,103.769997,25961200,103.769997
2015-10-23,101.910004,102.849998,100.160004,102.190002,42809700,102.190002
2015-10-22,97.790001,99.730003,97.550003,99.669998,26392100,99.669998
2015-10-21,97.370003,98.18,96.470001,97.110001,21917800,97.110001
2015-10-20,98.730003,99.589996,96.559998,97.00,30881800,97.00
2015-10-19,97.18,98.57,96.919998,98.470001,23729900,98.470001
2015-10-16,96.18,97.589996,95.349998,97.540001,25412900,97.540001
2015-10-15,94.989998,96.300003,94.900002,95.959999,27557500,95.959999
2015-10-14,94.080002,95.199997,93.610001,94.07,19253400,94.07
2015-10-13,93.660004,95.370003,93.550003,94.120003,19480300,94.120003
2015-10-12,93.32,94.599998,92.669998,94.260002,18449600,94.260002
2015-10-09,92.900002,93.739998,92.239998,93.239998,20012900,93.239998
2015-10-08,91.889999,93.220001,90.470001,92.470001,27290500,92.470001
2015-10-07,93.110001,93.660004,91.370003,92.400002,24129300,92.400002
2015-10-06,94.080002,94.169998,92.339996,92.800003,22488300,92.800003
2015-10-05,92.940002,94.269997,92.660004,94.010002,27292500,94.010002
2015-10-02,88.900002,92.199997,88.370003,92.07,37881700,92.07
2015-10-01,90.050003,90.949997,88.360001,90.949997,29283700,90.949997
2015-09-30,88.440002,90.019997,88.010002,89.900002,36169100,89.900002
2015-09-29,89.099998,90.059998,85.720001,86.669998,42281800,86.669998
2015-09-28,92.080002,92.290001,88.18,89.209999,41199900,89.209999
2015-09-25,95.790001,95.849998,92.059998,92.769997,28961600,92.769997
2015-09-24,93.059998,94.769997,92.239998,94.410004,29106000,94.410004
2015-09-23,93.400002,94.32,92.800003,93.970001,21701400,93.970001
2015-09-22,93.769997,94.68,91.919998,92.959999,36888900,92.959999
2015-09-21,94.620003,96.489998,94.519997,95.550003,28790000,95.550003
2015-09-18,93.199997,95.190002,93.050003,94.400002,62300000,94.400002
2015-09-17,93.370003,95.510002,92.900002,94.339996,27841800,94.339996
2015-09-16,92.900002,93.599998,92.629997,93.449997,16321200,93.449997
2015-09-15,92.370003,93.25,91.790001,92.900002,18859400,92.900002
2015-09-14,92.309998,92.620003,91.599998,92.309998,20127900,92.309998
2015-09-11,91.68,92.080002,91.129997,92.050003,21185000,92.050003
2015-09-10,90.07,92.059998,89.629997,91.980003,26437400,91.980003
2015-09-09,90.779999,91.980003,90.169998,90.440002,32551100,90.440002
2015-09-08,89.690002,90.239998,88.830002,89.529999,27012500,89.529999
2015-09-04,87.199997,88.389999,86.699997,88.260002,27328700,88.260002
2015-09-03,89.760002,89.82,87.730003,88.150002,27048200,88.150002
2015-09-02,88.809998,89.889999,87.629997,89.889999,27190500,89.889999
2015-09-01,86.849998,89.389999,86.50,87.230003,36097400,87.230003
2015-08-31,90.599998,91.050003,88.889999,89.43,32850700,89.43
2015-08-28,89.879997,91.480003,89.790001,91.010002,33215900,91.010002
2015-08-27,89.099998,90.059998,87.190002,89.730003,42431400,89.730003
2015-08-26,85.949997,87.459999,83.260002,87.190002,45124300,87.190002
2015-08-25,86.949997,87.669998,83.00,83.00,52021200,83.00
2015-08-24,77.029999,82.089996,72.00,82.089996,83710700,82.089996
2015-08-21,87.519997,89.18,85.610001,86.059998,62778700,86.059998
2015-08-20,93.540001,94.769997,90.459999,90.559998,44598200,90.559998
2015-08-19,94.629997,96.099998,94.160004,95.309998,23251300,95.309998
2015-08-18,94.080002,95.849998,94.040001,95.169998,22278800,95.169998
2015-08-17,94.419998,94.459999,93.389999,93.93,18313500,93.93
2015-08-14,93.540001,94.720001,93.209999,94.419998,15929700,94.419998
2015-08-13,94.050003,94.730003,93.349998,93.43,17451800,93.43
2015-08-12,92.699997,94.440002,91.190002,94.190002,27050500,94.190002
2015-08-11,93.730003,94.760002,92.900002,93.620003,22491000,93.620003
2015-08-10,95.68,95.900002,93.629997,94.150002,21624200,94.150002
2015-08-07,95.379997,95.400002,93.610001,94.300003,23199100,94.300003
2015-08-06,97.18,98.739998,94.419998,95.120003,42271300,95.120003
2015-08-05,95.25,97.089996,95.18,96.440002,29813200,96.440002
2015-08-04,93.790001,94.730003,93.330002,94.059998,20136000,94.059998
2015-08-03,93.529999,95.080002,92.800003,94.139999,29343100,94.139999
2015-07-31,94.949997,96.330002,93.949997,94.010002,46509000,94.010002
2015-07-30,94.910004,95.809998,91.800003,95.209999,86211300,95.209999
2015-07-29,96.32,97.279999,94.739998,96.989998,64648300,96.989998
2015-07-28,94.839996,95.559998,93.309998,95.290001,35236000,95.290001
2015-07-27,96.580002,96.610001,93.830002,94.169998,38585400,94.169998
2015-07-24,97.349998,97.760002,95.879997,96.949997,33444900,96.949997
2015-07-23,96.959999,97.449997,94.809998,95.440002,29418800,95.440002
2015-07-22,96.739998,97.580002,95.919998,97.040001,28299500,97.040001
2015-07-21,98.949997,99.239998,97.139999,98.389999,39453300,98.389999
2015-07-20,95.849998,98.599998,95.360001,97.910004,54860500,97.910004