2015-12-16,31.33,31.77,31.33,31.639999,5119400,31.639999
2015-12-15,31.18,31.33,30.940001,31.129999,5134300,31.129999
2015-12-14,31.57,31.66,30.790001,30.98,4863100,30.98
2015-12-11,31.32,31.690001,31.110001,31.459999,3144900,31.459999
2015-12-10,32.07,32.07,31.52,31.549999,3463900,31.549999
2015-12-09,31.65,32.450001,31.60,32.049999,4820800,32.049999
2015-12-08,32.330002,32.50,31.700001,31.90,4760900,31.90
2015-12-07,32.740002,32.880001,32.400002,32.48,5395800,32.48
2015-12-04,32.240002,32.990002,32.09,32.82,5983600,32.82
2015-12-03,32.09,32.34,31.799999,32.049999,6833800,32.049999
2015-12-02,32.27,32.540001,31.67,31.98,6904500,31.98
2015-12-01,31.59,32.459999,31.51,32.27,9374800,32.27
2015-11-30,31.10,31.459999,30.92,31.389999,5569300,31.389999
2015-11-27,30.950001,31.290001,30.90,31.15,1532800,31.15
2015-11-25,31.129999,31.16,30.59,30.93,2950500,30.93
2015-11-24,31.00,31.27,30.84,31.16,2865100,31.16
2015-11-23,31.540001,31.74,31.139999,31.17,3412200,31.17
2015-11-20,31.33,31.52,30.879999,31.49,4956800,31.49
2015-11-19,30.68,31.26,30.68,31.209999,4304700,31.209999
2015-11-18,30.059999,30.48,29.620001,30.41,5757100,30.41
2015-11-17,30.48,30.799999,30.01,30.059999,2805300,30.059999
2015-11-16,30.540001,30.75,30.27,30.440001,2940600,30.440001
2015-11-13,30.200001,30.75,30.15,30.60,5315900,30.60
2015-11-12,30.120001,30.65,30.059999,30.16,5323900,30.16
2015-11-11,29.58,30.219999,29.48,30.209999,4753300,30.209999
2015-11-10,29.16,29.74,29.120001,29.48,2692400,29.48
2015-11-09,29.17,29.32,28.889999,29.120001,4137800,29.120001
2015-11-06,30.01,30.08,29.049999,29.290001,4014400,29.290001
2015-11-05,30.940001,30.98,30.32,30.40,3051900,30.40
2015-11-04,30.67,31.09,30.620001,30.99,4965400,30.99
2015-11-03,31.15,31.309999,30.51,31.07,4411000,30.71
2015-11-02,31.209999,31.33,30.709999,31.16,3968600,30.798957
2015-10-30,31.09,31.49,30.809999,31.200001,4703400,30.838495
2015-10-29,30.74,30.860001,30.139999,30.82,2896800,30.462897
2015-10-28,31.200001,31.360001,30.469999,30.84,2504200,30.482666
2015-10-27,31.280001,31.389999,30.889999,31.190001,2109400,30.828611
2015-10-26,31.799999,31.85,31.030001,31.290001,3580500,30.927452
2015-10-23,32.50,32.549999,31.620001,31.67,2973300,31.303048
2015-10-22,32.349998,32.779999,32.009998,32.509998,3555900,32.133314
2015-10-21,32.68,32.810001,32.189999,32.240002,2491600,31.866446
2015-10-20,32.200001,32.669998,32.080002,32.630001,5134500,32.251926
2015-10-19,32.580002,32.639999,32.07,32.220001,3009700,31.846677
2015-10-16,32.959999,33.00,32.43,32.50,3238000,32.123431
2015-10-15,32.639999,32.869999,32.459999,32.740002,4098300,32.360652
2015-10-14,32.389999,32.779999,32.240002,32.50,4124700,32.123431
2015-10-13,32.509998,32.66,32.209999,32.330002,4691700,31.955403
2015-10-12,31.700001,32.57,31.67,32.400002,4878800,32.024592
2015-10-09,31.35,31.559999,31.24,31.559999,4719500,31.194322
2015-10-08,30.99,31.440001,30.92,31.34,3548300,30.976872
2015-10-07,31.200001,31.360001,30.969999,31.030001,3225100,30.670465
2015-10-06,31.49,31.65,30.969999,31.15,2415600,30.789073
2015-10-05,31.049999,31.83,31.049999,31.60,4347700,31.23386
2015-10-02,30.709999,31.049999,30.440001,30.950001,2324300,30.591392
2015-10-01,31.360001,31.49,30.280001,30.59,2883000,30.235562
2015-09-30,30.959999,31.34,30.860001,31.309999,3293800,30.947219
2015-09-29,30.940001,31.120001,30.639999,30.83,1821800,30.472781
2015-09-28,31.02,31.280001,30.889999,30.91,2465600,30.551854
2015-09-25,30.790001,31.290001,30.469999,31.040001,3095500,30.680349
2015-09-24,30.389999,30.77,30.309999,30.719999,3214100,30.364055
2015-09-23,30.950001,31.030001,30.450001,30.469999,3491800,30.116952
2015-09-22,31.549999,31.60,30.709999,30.90,3982100,30.54197
2015-09-21,31.25,31.57,31.17,31.35,3487700,30.986757
2015-09-18,31.389999,31.879999,31.059999,31.129999,5285600,30.769304
2015-09-17,31.58,32.169998,31.450001,31.719999,3280900,31.352468
2015-09-16,31.200001,31.959999,31.10,31.58,3499600,31.214091
2015-09-15,30.93,31.34,30.65,31.190001,3405900,30.828611
2015-09-14,30.68,31.120001,30.65,30.879999,3766200,30.522201
2015-09-11,30.610001,30.76,30.459999,30.59,4114300,30.235562
2015-09-10,30.74,31.10,30.51,30.57,3680000,30.215793
2015-09-09,31.389999,31.43,30.719999,30.780001,3137900,30.423361
2015-09-08,31.02,31.219999,30.82,31.18,2997900,30.818726
2015-09-04,30.90,31.030001,30.48,30.59,2929300,30.235562
2015-09-03,30.93,31.309999,30.790001,31.25,5387500,30.887915
2015-09-02,31.280001,31.440001,30.34,30.860001,6401400,30.502434
2015-09-01,31.700001,32.139999,30.76,30.98,3378100,30.621043
2015-08-31,32.34,32.389999,31.530001,31.959999,3672700,31.589687
2015-08-28,32.400002,32.50,31.90,32.490002,3852200,32.113549
2015-08-27,32.400002,32.52,32.02,32.509998,4199600,32.133314
2015-08-26,32.150002,32.259998,31.469999,32.139999,5280700,31.767602
2015-08-25,33.450001,33.490002,31.709999,31.719999,4958100,31.352468
2015-08-24,32.720001,33.869999,32.509998,32.740002,7278000,32.360652
2015-08-21,34.27,34.529999,33.900002,33.990002,4225700,33.596169
2015-08-20,34.639999,34.98,34.34,34.380001,3124300,33.981649
2015-08-19,34.52,35.049999,34.43,34.880001,2838500,34.475856
2015-08-18,34.73,34.860001,34.43,34.650002,3120200,34.248521
2015-08-17,34.82,35.09,34.720001,34.869999,2633900,34.46597
2015-08-14,34.439999,34.790001,34.32,34.790001,3647700,34.386899
2015-08-13,34.470001,34.540001,34.200001,34.450001,2394500,34.050838
2015-08-12,34.139999,34.66,34.009998,34.610001,3557800,34.208984
2015-08-11,34.130001,34.650002,34.130001,34.189999,2166400,33.793848
2015-08-10,34.32,34.540001,34.029999,34.130001,1855100,33.734546
2015-08-07,33.93,34.599998,33.740002,34.259998,2765600,33.863037
2015-08-06,33.610001,34.00,33.279999,33.970001,2660300,33.5764
2015-08-05,33.490002,33.939999,33.470001,33.560001,2203300,33.171151
2015-08-04,34.369999,34.57,33.650002,33.709999,3115300,32.96358
2015-08-03,34.02,34.470001,33.939999,34.43,2964400,33.667639
2015-07-31,33.150002,34.119999,33.150002,33.959999,3450300,33.208045
2015-07-30,32.48,32.990002,32.450001,32.959999,2516700,32.230187
2015-07-29,32.700001,32.810001,32.32,32.610001,2382500,31.887939
2015-07-28,32.73,32.900002,32.540001,32.799999,2090400,32.07373
2015-07-27,32.240002,32.93,32.240002,32.75,1457600,32.024838
2015-07-24,32.349998,32.52,32.259998,32.290001,2119700,31.575024
2015-07-23,32.900002,32.970001,32.099998,32.32,4774800,31.604359
2015-07-22,33.369999,33.610001,33.189999,33.32,2148000,32.582217
2015-07-21,33.860001,33.950001,33.189999,33.279999,1900800,32.543101
2015-07-20,34.400002,34.419998,33.759998,33.970001,1858600,33.217826