2015-12-16,100.379997,100.550003,99.019997,100.50,1547000,100.50
2015-12-15,95.00,100.75,94.510002,99.75,2098700,99.75
2015-12-14,97.349998,97.540001,95.599998,96.309998,1126800,96.309998
2015-12-11,98.360001,98.43,96.50,97.559998,1192300,97.559998
2015-12-10,100.139999,100.519997,98.849998,99.059998,1238500,99.059998
2015-12-09,99.879997,101.889999,99.760002,100.339996,1547000,100.339996
2015-12-08,103.589996,103.949997,102.449997,103.449997,818600,103.449997
2015-12-07,104.139999,104.889999,103.309998,104.010002,1087100,104.010002
2015-12-04,103.040001,105.50,102.629997,104.610001,2612300,104.610001
2015-12-03,104.769997,104.989998,99.809998,102.419998,2634000,102.419998
2015-12-02,105.029999,105.650002,104.290001,104.82,1036000,104.82
2015-12-01,103.07,104.43,102.459999,103.989998,1300100,103.989998
2015-11-30,103.110001,103.769997,102.889999,103.00,1668700,103.00
2015-11-27,103.330002,103.559998,102.610001,103.00,463600,103.00
2015-11-25,102.790001,103.32,102.169998,102.790001,496900,102.790001
2015-11-24,102.860001,103.300003,102.360001,102.82,1008000,102.82
2015-11-23,103.589996,104.370003,102.50,102.849998,922100,102.849998
2015-11-20,104.010002,104.440002,102.790001,103.589996,880100,103.589996
2015-11-19,104.519997,104.82,102.900002,103.470001,830000,103.470001
2015-11-18,105.019997,105.50,103.389999,104.129997,1066500,104.129997
2015-11-17,101.540001,105.57,101.540001,104.019997,1445300,104.019997
2015-11-16,101.540001,105.300003,100.650002,104.93,1401400,104.93
2015-11-13,102.879997,102.879997,100.32,101.970001,2699900,101.970001
2015-11-12,107.32,108.510002,106.139999,106.309998,1138200,106.309998
2015-11-11,107.339996,108.57,106.82,107.870003,982000,107.870003
2015-11-10,109.339996,109.599998,106.800003,107.379997,1461800,107.379997
2015-11-09,109.260002,109.860001,108.68,109.50,1059000,109.50
2015-11-06,109.459999,110.160004,108.220001,109.669998,1400800,109.669998
2015-11-05,111.050003,111.720001,109.010002,109.599998,1180900,109.599998
2015-11-04,112.760002,113.800003,110.769997,111.010002,925100,111.010002
2015-11-03,110.559998,113.769997,109.800003,112.779999,1975800,112.779999
2015-11-02,109.00,110.68,108.239998,110.650002,2289200,110.650002
2015-10-30,110.43,111.160004,109.610001,110.199997,1463900,110.199997
2015-10-29,108.019997,114.25,108.00,110.080002,6291300,110.080002
2015-10-28,120.790001,121.75,118.639999,121.339996,1606100,121.339996
2015-10-27,119.830002,121.059998,119.050003,120.290001,1144200,120.290001
2015-10-26,119.50,120.540001,118.25,119.940002,792000,119.940002
2015-10-23,121.629997,122.00,119.32,119.50,855100,119.50
2015-10-22,117.989998,121.260002,117.989998,120.540001,908700,120.540001
2015-10-21,120.349998,120.550003,116.959999,117.07,963600,117.07
2015-10-20,117.489998,120.089996,117.339996,119.980003,1188900,119.980003
2015-10-19,118.519997,119.300003,116.699997,118.510002,746100,118.510002
2015-10-16,117.129997,119.00,116.129997,118.309998,1009300,118.309998
2015-10-15,117.889999,118.699997,116.419998,116.629997,1280600,116.629997
2015-10-14,120.379997,120.410004,117.160004,117.470001,1125900,117.470001
2015-10-13,119.370003,121.50,118.50,120.620003,601400,120.620003
2015-10-12,119.669998,119.809998,118.720001,119.400002,523000,119.400002
2015-10-09,119.120003,120.360001,117.830002,119.269997,733600,119.269997
2015-10-08,118.18,119.839996,115.059998,118.93,822200,118.93
2015-10-07,118.900002,119.019997,114.889999,118.610001,1348500,118.610001
2015-10-06,117.029999,119.669998,116.019997,117.959999,1749600,117.959999
2015-10-05,120.650002,123.25,120.650002,122.940002,921100,122.940002
2015-10-02,115.379997,120.010002,115.199997,119.830002,1133700,119.830002
2015-10-01,115.970001,117.449997,115.230003,116.970001,926500,116.970001
2015-09-30,115.889999,117.489998,114.489998,115.800003,832800,115.800003
2015-09-29,114.50,115.279999,113.620003,115.00,928300,115.00
2015-09-28,113.860001,115.440002,113.239998,114.080002,1042200,114.080002
2015-09-25,115.059998,115.959999,113.870003,114.769997,1219800,114.769997
2015-09-24,113.239998,116.349998,111.989998,115.870003,1162500,115.870003
2015-09-23,112.809998,114.43,112.150002,113.900002,686100,113.900002
2015-09-22,113.050003,113.599998,111.43,113.300003,1106700,113.300003
2015-09-21,115.610001,117.370003,114.699997,115.809998,739400,115.809998
2015-09-18,116.870003,118.150002,114.809998,115.18,1367200,115.18
2015-09-17,119.120003,120.209999,117.82,118.220001,538900,118.220001
2015-09-16,118.029999,119.440002,117.870003,119.120003,479800,119.120003
2015-09-15,117.589996,119.07,117.190002,118.169998,686000,118.169998
2015-09-14,118.07,118.650002,116.690002,117.089996,800200,117.089996
2015-09-11,119.239998,119.449997,117.040001,118.169998,1367500,118.169998
2015-09-10,119.739998,120.970001,118.809998,119.739998,727100,119.739998
2015-09-09,122.769997,123.220001,119.610001,119.889999,501800,119.889999
2015-09-08,120.660004,121.760002,119.800003,121.709999,481600,121.709999
2015-09-04,119.580002,120.68,118.470001,118.839996,582600,118.839996
2015-09-03,121.25,122.419998,120.790001,121.239998,738300,121.239998
2015-09-02,120.050003,121.010002,118.400002,121.00,1218200,121.00
2015-09-01,118.760002,121.089996,117.959999,118.389999,1119400,118.389999
2015-08-31,121.730003,123.279999,121.349998,121.410004,636600,121.410004
2015-08-28,122.150002,123.68,120.629997,122.970001,759100,122.970001
2015-08-27,123.400002,125.660004,120.290001,122.790001,1143200,122.790001
2015-08-26,120.610001,122.639999,118.300003,122.449997,1126600,122.449997
2015-08-25,120.419998,123.839996,117.419998,117.470001,1196900,117.470001
2015-08-24,117.379997,122.00,112.43,117.470001,1907100,117.470001
2015-08-21,125.610001,126.82,122.50,122.510002,1402500,122.510002
2015-08-20,131.529999,131.589996,126.449997,126.559998,1233500,126.559998
2015-08-19,132.990005,133.770004,132.160004,132.75,590600,132.75
2015-08-18,134.00,134.169998,132.720001,133.00,613300,133.00
2015-08-17,132.139999,134.270004,131.50,133.860001,699400,133.860001
2015-08-14,131.910004,132.830002,130.559998,132.610001,538900,132.610001
2015-08-13,132.889999,134.279999,131.589996,131.630005,550800,131.630005
2015-08-12,130.350006,133.080002,129.330002,132.710007,724000,132.710007
2015-08-11,131.610001,133.570007,130.830002,131.369995,817000,131.369995
2015-08-10,131.220001,132.449997,130.509995,132.339996,571700,132.339996
2015-08-07,129.929993,130.789993,128.399994,130.360001,701500,130.360001
2015-08-06,132.199997,132.880005,129.529999,129.850006,885400,129.850006
2015-08-05,132.179993,133.509995,131.50,132.199997,718400,132.199997
2015-08-04,130.619995,132.229996,130.600006,131.360001,815700,131.360001
2015-08-03,130.990005,132.740005,130.139999,131.199997,1184600,131.199997
2015-07-31,134.50,135.199997,133.190002,134.139999,1270800,134.139999
2015-07-30,132.25,134.570007,131.509995,134.309998,1007800,134.309998
2015-07-29,131.789993,132.729996,129.869995,132.490005,1194200,132.490005
2015-07-28,128.679993,132.199997,127.349998,131.520004,1623600,131.520004
2015-07-27,126.910004,129.240005,126.360001,127.809998,1190900,127.809998
2015-07-24,128.009995,129.050003,127.330002,127.489998,1136700,127.489998
2015-07-23,128.380005,130.25,126.099998,127.68,3245200,127.68
2015-07-22,117.309998,119.599998,116.860001,118.50,1820900,118.50
2015-07-21,116.099998,118.599998,116.099998,118.269997,835400,118.269997
2015-07-20,116.620003,117.00,115.879997,116.260002,719100,116.260002