2015-12-16,29.17,29.290001,28.73,29.24,645100,29.24
2015-12-15,28.73,29.219999,28.629999,29.02,1049300,29.02
2015-12-14,29.23,29.34,28.389999,28.530001,1144800,28.530001
2015-12-11,29.059999,29.440001,29.049999,29.17,1111000,29.17
2015-12-10,29.52,29.549999,29.040001,29.35,1255000,29.35
2015-12-09,29.440001,29.889999,29.219999,29.49,910500,29.49
2015-12-08,29.200001,29.93,29.01,29.700001,1079600,29.700001
2015-12-07,30.290001,30.440001,29.780001,29.870001,710900,29.870001
2015-12-04,29.969999,30.50,29.91,30.43,834000,30.43
2015-12-03,30.379999,30.60,28.889999,29.93,1066500,29.93
2015-12-02,30.450001,30.74,30.01,30.40,1051100,30.40
2015-12-01,30.65,30.940001,30.40,30.559999,1031500,30.559999
2015-11-30,30.290001,30.66,30.040001,30.559999,982400,30.559999
2015-11-27,30.23,30.469999,30.07,30.27,281100,30.27
2015-11-25,30.120001,30.50,30.02,30.209999,591500,30.209999
2015-11-24,29.85,30.219999,29.73,30.17,1161100,30.17
2015-11-23,29.84,29.99,29.57,29.91,797100,29.91
2015-11-20,29.93,30.15,29.76,29.889999,898100,29.889999
2015-11-19,29.66,29.940001,29.440001,29.85,1420700,29.85
2015-11-18,29.18,29.74,28.959999,29.639999,1931300,29.639999
2015-11-17,28.85,29.549999,28.41,29.10,2425500,28.99
2015-11-16,26.129999,28.85,26.129999,28.719999,4084400,28.611436
2015-11-13,26.200001,26.370001,25.870001,26.030001,1411100,25.931606
2015-11-12,26.57,26.66,26.17,26.219999,1105400,26.120886
2015-11-11,26.889999,26.91,26.67,26.780001,688600,26.67877
2015-11-10,26.700001,26.74,26.26,26.719999,703900,26.618996
2015-11-09,27.52,27.52,26.52,26.709999,1127000,26.609033
2015-11-06,27.24,27.58,27.10,27.58,1127500,27.475746
2015-11-05,27.33,27.42,27.110001,27.34,537000,27.236653
2015-11-04,27.42,27.459999,27.15,27.32,968100,27.216728
2015-11-03,27.49,27.690001,27.190001,27.40,845300,27.296426
2015-11-02,26.67,27.610001,26.60,27.52,2783400,27.415973
2015-10-30,26.530001,26.870001,26.48,26.67,2130400,26.569186
2015-10-29,25.870001,26.620001,25.809999,26.469999,2953700,26.369941
2015-10-28,25.50,26.84,25.120001,26.01,3743500,25.911681
2015-10-27,27.27,27.43,26.940001,27.00,1671800,26.897938
2015-10-26,27.74,27.74,27.389999,27.459999,2063800,27.356198
2015-10-23,27.92,27.92,27.610001,27.67,1008000,27.565406
2015-10-22,27.639999,27.809999,27.57,27.700001,1006700,27.595293
2015-10-21,27.77,27.77,27.360001,27.450001,726600,27.346238
2015-10-20,27.549999,27.799999,27.549999,27.700001,991900,27.595293
2015-10-19,27.74,27.82,27.549999,27.65,454500,27.545481
2015-10-16,28.26,28.26,27.549999,27.82,1005200,27.714838
2015-10-15,28.10,28.35,27.799999,28.27,777600,28.163138
2015-10-14,28.23,28.42,27.98,28.040001,833100,27.934008
2015-10-13,28.50,28.66,28.15,28.23,463500,28.123288
2015-10-12,28.700001,28.700001,28.41,28.540001,679600,28.432118
2015-10-09,28.809999,28.940001,28.559999,28.67,494700,28.561626
2015-10-08,28.469999,29.00,28.41,28.77,621200,28.661248
2015-10-07,28.549999,28.92,28.389999,28.57,919700,28.462003
2015-10-06,28.65,28.690001,27.959999,28.42,639100,28.312571
2015-10-05,28.379999,28.82,28.309999,28.620001,976100,28.511815
2015-10-02,27.16,28.200001,27.16,28.200001,596600,28.093403
2015-10-01,28.01,28.139999,27.48,27.559999,755700,27.455821
2015-09-30,27.620001,28.049999,27.620001,27.99,997100,27.884196
2015-09-29,27.23,27.799999,27.10,27.450001,967600,27.346238
2015-09-28,27.379999,27.469999,27.10,27.10,552000,26.997561
2015-09-25,27.629999,27.77,27.40,27.58,563800,27.475746
2015-09-24,27.459999,27.59,26.969999,27.459999,1266700,27.356198
2015-09-23,27.940001,28.09,27.52,27.76,1849800,27.655066
2015-09-22,27.83,27.99,27.75,27.809999,913000,27.704876
2015-09-21,28.50,28.719999,28.18,28.309999,757000,28.202986
2015-09-18,28.370001,28.530001,28.24,28.360001,1467700,28.252798
2015-09-17,28.780001,28.959999,28.530001,28.66,1327400,28.551663
2015-09-16,28.49,28.82,28.49,28.76,903800,28.651286
2015-09-15,28.370001,28.59,28.24,28.57,659400,28.462003
2015-09-14,28.459999,28.459999,28.15,28.209999,436000,28.103363
2015-09-11,28.469999,28.68,28.309999,28.41,688700,28.302608
2015-09-10,28.620001,28.799999,28.290001,28.58,689500,28.471966
2015-09-09,29.209999,29.23,28.59,28.66,751200,28.551663
2015-09-08,28.370001,28.99,28.200001,28.969999,920000,28.860491
2015-09-04,27.99,28.280001,27.82,27.90,1096600,27.794536
2015-09-03,28.32,28.77,28.290001,28.379999,1126500,28.272721
2015-09-02,28.299999,28.379999,28.07,28.290001,1488800,28.183063
2015-09-01,28.08,28.27,27.950001,28.02,1514300,27.914083
2015-08-31,28.33,28.799999,28.219999,28.629999,1030900,28.521776
2015-08-28,28.49,28.700001,28.309999,28.57,1223400,28.462003
2015-08-27,27.83,28.93,27.82,28.620001,2017200,28.511815
2015-08-26,27.76,27.879999,27.10,27.629999,1527100,27.525556
2015-08-25,28.059999,28.50,27.030001,27.059999,1294100,26.957711
2015-08-24,27.459999,27.98,26.34,27.50,1858400,27.396048
2015-08-21,29.299999,29.690001,28.74,28.75,953000,28.641323
2015-08-20,29.90,29.969999,29.60,29.60,786700,29.48811
2015-08-19,30.10,30.290001,30.01,30.030001,673500,29.916485
2015-08-18,30.65,30.700001,30.360001,30.370001,493100,30.145617
2015-08-17,30.49,30.66,30.23,30.57,421500,30.344138
2015-08-14,30.32,30.610001,30.299999,30.540001,505400,30.314361
2015-08-13,30.58,30.889999,30.40,30.440001,578800,30.215099
2015-08-12,31.139999,31.209999,30.389999,30.690001,903700,30.463252
2015-08-11,31.82,31.85,31.09,31.309999,686900,31.07867
2015-08-10,31.370001,32.099998,31.290001,31.99,881400,31.753646
2015-08-07,30.790001,31.10,30.790001,31.07,1096400,30.840444
2015-08-06,30.879999,31.02,30.68,30.75,812800,30.522808
2015-08-05,30.49,30.98,30.49,30.75,465600,30.522808
2015-08-04,30.709999,30.76,30.389999,30.440001,347700,30.215099
2015-08-03,30.84,30.99,30.35,30.719999,618900,30.493029
2015-07-31,30.860001,31.07,30.77,30.790001,491600,30.562514
2015-07-30,30.459999,30.85,30.41,30.83,412800,30.602217
2015-07-29,30.18,30.639999,30.120001,30.610001,524700,30.383843
2015-07-28,30.27,30.620001,29.809999,30.309999,1145500,30.086058
2015-07-27,30.60,30.60,30.16,30.25,1025400,30.026502
2015-07-24,29.610001,30.879999,29.530001,30.77,1063100,30.542661
2015-07-23,29.870001,30.200001,29.85,29.870001,796000,29.649311
2015-07-22,29.620001,29.92,29.620001,29.870001,551400,29.649311
2015-07-21,30.209999,30.209999,29.67,29.73,792800,29.510344
2015-07-20,30.309999,30.309999,30.030001,30.16,430100,29.937167