2015-12-16,41.130001,41.91,40.869999,41.860001,1544000,41.860001
2015-12-15,41.84,41.84,40.849998,41.07,1130400,41.07
2015-12-14,41.23,41.439999,40.689999,41.400002,1053800,41.400002
2015-12-11,41.490002,41.650002,41.169998,41.240002,838000,41.240002
2015-12-10,42.080002,42.52,41.860001,42.130001,759200,42.130001
2015-12-09,41.900002,42.82,41.740002,42.099998,1005000,42.099998
2015-12-08,42.669998,42.919998,41.900002,42.07,1635300,42.07
2015-12-07,44.459999,44.459999,43.439999,43.599998,1112600,43.599998
2015-12-04,44.919998,45.200001,44.459999,44.950001,636900,44.950001
2015-12-03,45.52,45.66,44.529999,44.950001,722300,44.950001
2015-12-02,46.330002,46.470001,45.18,45.389999,716700,45.389999
2015-12-01,46.349998,46.98,45.98,46.41,721500,46.41
2015-11-30,46.16,46.740002,46.009998,46.240002,991000,46.240002
2015-11-27,46.310001,46.419998,45.959999,46.169998,385200,46.169998
2015-11-25,46.57,46.889999,46.330002,46.34,773300,46.34
2015-11-24,45.630001,46.799999,45.48,46.630001,796300,46.630001
2015-11-23,45.849998,46.290001,45.59,45.759998,573800,45.759998
2015-11-20,46.009998,46.310001,45.630001,45.740002,716800,45.740002
2015-11-19,45.529999,45.889999,45.349998,45.84,670700,45.84
2015-11-18,45.18,45.68,44.860001,45.639999,1064000,45.639999
2015-11-17,45.580002,45.740002,44.459999,44.709999,1161400,44.709999
2015-11-16,44.759998,45.540001,44.68,45.48,778700,45.48
2015-11-13,44.919998,45.560001,44.580002,44.810001,989300,44.810001
2015-11-12,45.98,46.290001,44.970001,44.98,1253700,44.98
2015-11-11,46.82,47.07,46.299999,46.459999,553500,46.459999
2015-11-10,46.150002,46.75,45.939999,46.75,868200,46.75
2015-11-09,47.259998,47.490002,46.040001,46.43,1174500,46.43
2015-11-06,47.23,47.689999,46.43,47.419998,1275800,47.419998
2015-11-05,47.619999,48.259998,47.09,47.580002,1163200,47.580002
2015-11-04,48.02,48.639999,47.810001,47.91,1422900,47.91
2015-11-03,46.68,48.259998,46.25,48.040001,1845500,48.040001
2015-11-02,46.07,47.09,45.950001,46.709999,1413600,46.709999
2015-10-30,45.82,47.27,45.50,46.360001,2762800,46.360001
2015-10-29,44.369999,45.34,44.290001,45.00,2371800,45.00
2015-10-28,42.919998,44.73,42.759998,44.700001,2617900,44.700001
2015-10-27,42.91,43.450001,42.240002,42.970001,1762900,42.970001
2015-10-26,43.799999,44.240002,43.240002,43.48,1468300,43.48
2015-10-23,43.240002,43.919998,43.139999,43.77,2020700,43.77
2015-10-22,41.84,43.18,41.779999,42.98,2808700,42.98
2015-10-21,42.110001,42.41,41.52,41.700001,2474200,41.700001
2015-10-20,41.450001,42.849998,40.720001,42.009998,3037400,42.009998
2015-10-19,41.57,41.849998,41.099998,41.650002,3914900,41.650002
2015-10-16,43.00,43.290001,41.419998,41.82,2312700,41.82
2015-10-15,43.57,43.790001,42.290001,43.00,2101200,43.00
2015-10-14,43.849998,44.450001,43.549999,43.77,1897200,43.77
2015-10-13,44.91,45.509998,44.759998,44.889999,1425900,44.889999
2015-10-12,46.619999,46.77,44.98,45.41,1589800,45.41
2015-10-09,47.919998,48.32,46.400002,46.619999,2107400,46.619999
2015-10-08,45.709999,48.290001,45.450001,48.02,2421800,48.02
2015-10-07,45.009998,47.290001,44.75,45.759998,2649000,45.759998
2015-10-06,44.099998,44.689999,43.830002,44.580002,2060100,44.580002
2015-10-05,41.91,44.66,41.759998,44.080002,2310800,44.080002
2015-10-02,39.970001,41.52,39.720001,41.52,1083100,41.52
2015-10-01,41.169998,41.669998,40.200001,40.419998,1681900,40.419998
2015-09-30,40.50,41.200001,40.23,41.139999,1502700,41.139999
2015-09-29,39.880001,40.279999,39.75,40.189999,1237200,40.189999
2015-09-28,40.299999,40.299999,39.490002,39.849998,2845000,39.849998
2015-09-25,40.599998,40.790001,40.139999,40.779999,1224400,40.779999
2015-09-24,40.09,40.57,39.470001,40.349998,1470400,40.349998
2015-09-23,41.23,41.580002,40.700001,40.82,2112500,40.82
2015-09-22,40.799999,41.50,40.48,41.41,1964700,41.229999
2015-09-21,41.849998,41.990002,41.150002,41.369999,1583400,41.190172
2015-09-18,42.32,42.59,41.599998,41.810001,1969100,41.628262
2015-09-17,44.360001,44.360001,43.060001,43.150002,1056900,42.962438
2015-09-16,43.470001,44.52,43.400002,44.369999,965600,44.177132
2015-09-15,42.34,43.360001,42.27,43.259998,838000,43.071956
2015-09-14,42.540001,42.580002,42.080002,42.209999,785100,42.026521
2015-09-11,42.66,42.91,42.369999,42.700001,735300,42.514393
2015-09-10,42.759998,43.16,42.310001,42.759998,1008800,42.57413
2015-09-09,43.810001,44.110001,42.830002,42.889999,742000,42.703566
2015-09-08,43.279999,43.619999,43.02,43.490002,1363800,43.30096
2015-09-04,42.52,42.959999,42.18,42.509998,968200,42.325216
2015-09-03,42.900002,43.75,42.669998,43.360001,1050000,43.171524
2015-09-02,43.23,43.380001,42.25,43.16,1566900,42.972392
2015-09-01,45.599998,45.599998,42.580002,42.75,1809900,42.564175
2015-08-31,44.759998,45.529999,44.130001,45.130001,1384200,44.933831
2015-08-28,44.07,45.029999,44.07,44.939999,1459400,44.744654
2015-08-27,43.650002,44.900002,43.50,44.25,2108600,44.057655
2015-08-26,43.98,43.98,42.259998,43.119999,1986900,42.932565
2015-08-25,44.759998,45.41,42.59,42.610001,2286100,42.424784
2015-08-24,44.07,44.959999,40.869999,43.529999,2668600,43.340783
2015-08-21,45.610001,46.09,44.939999,44.959999,1818600,44.764568
2015-08-20,46.549999,47.009998,45.860001,45.860001,1090600,45.660657
2015-08-19,47.00,47.349998,46.27,46.84,1487500,46.636397
2015-08-18,47.52,47.57,46.98,47.25,874800,47.044614
2015-08-17,47.52,47.959999,46.810001,47.639999,1165600,47.432918
2015-08-14,47.50,47.959999,47.369999,47.720001,725200,47.512572
2015-08-13,47.959999,48.220001,47.349998,47.459999,1217300,47.253701
2015-08-12,47.18,48.240002,46.91,48.220001,1151200,48.010399
2015-08-11,47.93,48.290001,47.110001,47.48,1146900,47.273614
2015-08-10,47.299999,48.860001,47.259998,48.689999,1385700,48.478354
2015-08-07,46.709999,47.41,46.639999,46.939999,1390700,46.73596
2015-08-06,46.330002,46.98,46.130001,46.77,1039200,46.566701
2015-08-05,46.369999,46.990002,46.119999,46.540001,1269500,46.337701
2015-08-04,45.73,46.34,45.720001,45.93,1336400,45.730352
2015-08-03,46.860001,46.91,45.490002,45.599998,1280500,45.401785
2015-07-31,47.529999,49.650002,46.93,46.990002,2324200,46.785746
2015-07-30,46.599998,47.09,46.360001,47.049999,1563600,46.845483
2015-07-29,46.02,47.119999,45.759998,46.919998,2142700,46.716047
2015-07-28,46.18,46.57,45.900002,45.990002,1884500,45.790093
2015-07-27,46.16,46.23,45.68,46.09,2000900,45.889657
2015-07-24,47.490002,47.529999,46.73,46.950001,1367900,46.745919
2015-07-23,47.959999,48.040001,47.389999,47.540001,1238900,47.333355
2015-07-22,48.02,48.439999,47.889999,47.950001,930100,47.741572
2015-07-21,49.200001,49.299999,48.080002,48.209999,1104500,48.00044
2015-07-20,49.16,49.779999,49.130001,49.459999,1011700,49.245007