2015-12-16,27.59,27.98,27.309999,27.90,8841600,27.90
2015-12-15,27.469999,27.889999,27.32,27.34,8263400,27.34
2015-12-14,28.049999,28.049999,27.040001,27.25,14205700,27.25
2015-12-11,28.35,28.35,27.389999,27.459999,11035600,27.459999
2015-12-10,27.77,28.41,27.77,28.23,10748200,28.23
2015-12-09,28.57,28.58,27.82,28.139999,15657500,28.139999
2015-12-08,29.10,29.280001,28.549999,28.73,8629600,28.73
2015-12-07,29.26,29.379999,29.00,29.32,9589700,29.32
2015-12-04,29.09,29.549999,28.90,29.33,11357600,29.33
2015-12-03,29.309999,29.40,28.77,29.030001,13311600,29.030001
2015-12-02,29.559999,29.700001,29.219999,29.309999,9682200,29.309999
2015-12-01,29.280001,29.889999,29.280001,29.73,10533800,29.73
2015-11-30,29.559999,29.700001,29.25,29.51,11236900,29.51
2015-11-27,29.860001,29.860001,29.280001,29.540001,4753300,29.540001
2015-11-25,29.82,29.98,29.709999,29.90,7107300,29.90
2015-11-24,29.82,29.92,29.52,29.85,10027100,29.85
2015-11-23,30.059999,30.24,29.860001,29.98,8821900,29.98
2015-11-20,30.139999,30.16,29.860001,30.07,10926600,30.07
2015-11-19,30.129999,30.23,29.790001,29.950001,9685500,29.950001
2015-11-18,30.139999,30.34,29.75,30.299999,14999900,30.299999
2015-11-17,30.26,30.360001,29.91,30.18,7765600,30.18
2015-11-16,29.76,30.389999,29.68,30.299999,7747300,30.299999
2015-11-13,29.93,30.07,29.530001,29.690001,11233400,29.690001
2015-11-12,29.93,30.27,29.75,30.02,9302400,30.02
2015-11-11,30.18,30.450001,29.77,30.02,9428800,30.02
2015-11-10,29.530001,30.120001,29.35,30.08,9685300,30.08
2015-11-09,29.780001,29.799999,29.15,29.49,8712200,29.49
2015-11-06,29.58,29.92,29.50,29.83,9668300,29.83
2015-11-05,29.530001,29.690001,29.120001,29.59,20009100,29.59
2015-11-04,31.040001,31.18,28.040001,29.65,40725600,29.65
2015-11-03,30.92,31.40,30.91,31.280001,12296100,31.280001
2015-11-02,30.700001,31.049999,30.60,30.860001,11168500,30.860001
2015-10-30,30.40,30.77,30.200001,30.690001,15846200,30.690001
2015-10-29,30.02,30.76,29.98,30.41,13174800,30.41
2015-10-28,30.040001,30.190001,29.639999,30.129999,14513700,30.129999
2015-10-27,30.209999,30.24,29.700001,29.950001,9168600,29.950001
2015-10-26,30.02,30.24,29.860001,30.23,9115700,30.23
2015-10-23,30.129999,30.24,29.799999,30.110001,9168300,30.110001
2015-10-22,29.290001,29.879999,29.290001,29.790001,10898000,29.790001
2015-10-21,29.73,29.83,29.209999,29.24,8894000,29.24
2015-10-20,29.49,29.690001,29.40,29.57,10155600,29.57
2015-10-19,29.43,29.530001,29.209999,29.48,8975000,29.48
2015-10-16,29.379999,29.52,28.99,29.48,13555700,29.48
2015-10-15,28.790001,29.299999,28.459999,29.26,11379900,29.26
2015-10-14,28.620001,28.92,28.49,28.549999,7396600,28.549999
2015-10-13,28.379999,29.01,28.379999,28.700001,7912900,28.700001
2015-10-12,28.610001,28.719999,28.42,28.67,6431400,28.67
2015-10-09,28.639999,28.99,28.309999,28.68,9138800,28.68
2015-10-08,28.09,28.67,27.950001,28.57,12875000,28.57
2015-10-07,28.48,28.639999,27.969999,28.200001,19545700,28.200001
2015-10-06,28.030001,28.48,28.030001,28.16,13325100,28.16
2015-10-05,28.290001,28.68,28.18,28.35,13829200,28.35
2015-10-02,26.879999,28.059999,26.709999,28.040001,19137800,28.040001
2015-10-01,27.08,27.290001,26.83,27.200001,21849200,27.200001
2015-09-30,25.98,27.02,25.92,26.98,27154700,26.98
2015-09-29,25.469999,25.83,25.17,25.799999,28462300,25.799999
2015-09-28,25.700001,25.75,25.15,25.190001,14512200,25.190001
2015-09-25,26.059999,26.07,25.549999,25.73,14562500,25.73
2015-09-24,26.129999,26.290001,25.76,25.950001,18582700,25.950001
2015-09-23,26.41,26.48,26.16,26.280001,11189700,26.280001
2015-09-22,26.52,26.52,25.92,26.35,13700600,26.35
2015-09-21,26.43,26.65,26.17,26.450001,23446200,26.450001
2015-09-18,26.469999,26.75,26.219999,26.309999,94630800,26.309999
2015-09-17,26.82,27.190001,26.620001,26.780001,18252300,26.780001
2015-09-16,26.459999,26.85,26.43,26.74,13604600,26.74
2015-09-15,26.610001,26.65,26.200001,26.57,13318400,26.57
2015-09-14,26.540001,26.540001,26.09,26.32,12807000,26.32
2015-09-11,26.459999,26.49,25.99,26.450001,9959900,26.450001
2015-09-10,25.290001,26.809999,25.290001,26.51,12087500,26.51
2015-09-09,27.27,27.48,26.41,26.48,14983000,26.48
2015-09-08,26.860001,27.129999,26.700001,27.049999,12877800,27.049999
2015-09-04,26.299999,26.709999,26.16,26.469999,13647100,26.469999
2015-09-03,27.040001,27.360001,26.75,26.870001,13837600,26.72
2015-09-02,26.84,26.950001,26.370001,26.950001,12508600,26.799554
2015-09-01,26.790001,27.10,26.40,26.60,22047100,26.451507
2015-08-31,27.700001,27.790001,27.33,27.389999,16302300,27.237096
2015-08-28,27.48,28.01,27.32,27.92,12825500,27.764138
2015-08-27,27.629999,28.120001,27.129999,27.799999,28426700,27.644807
2015-08-26,27.290001,27.370001,26.60,27.34,24824500,27.187376
2015-08-25,27.26,27.51,26.73,26.73,30427800,26.580781
2015-08-24,24.82,27.610001,22.809999,26.66,27802300,26.511172
2015-08-21,28.34,28.57,27.940001,27.940001,23673000,27.784027
2015-08-20,29.629999,29.700001,28.67,28.700001,24615300,28.539784
2015-08-19,30.08,30.120001,29.90,29.959999,21481700,29.792749
2015-08-18,30.219999,30.540001,30.07,30.190001,18712300,30.021466
2015-08-17,30.01,30.59,29.860001,30.530001,10923600,30.359568
2015-08-14,30.02,30.35,29.85,30.27,18949300,30.10102
2015-08-13,30.040001,30.24,29.799999,30.120001,19337500,29.951857
2015-08-12,29.92,30.16,29.620001,30.08,23088900,29.91208
2015-08-11,30.549999,30.620001,29.870001,30.049999,27328000,29.882247
2015-08-10,30.870001,31.10,30.450001,30.66,26209900,30.488842
2015-08-07,29.610001,30.790001,29.610001,30.690001,29626900,30.518675
2015-08-06,29.85,30.15,27.559999,29.870001,94066300,29.703253
2015-08-05,33.32,33.41,31.52,31.92,52007300,31.741808
2015-08-04,34.419998,34.700001,34.169998,34.330002,10770200,34.138356
2015-08-03,34.619999,34.619999,34.189999,34.380001,11352100,34.188076
2015-07-31,34.310001,34.639999,34.130001,34.490002,21624700,34.297463
2015-07-30,34.00,34.389999,33.689999,34.040001,21781700,33.849974
2015-07-29,33.389999,34.07,33.389999,34.009998,10396500,33.820139
2015-07-28,33.25,33.689999,33.07,33.630001,10064900,33.442263
2015-07-27,33.669998,33.849998,33.07,33.169998,8701000,32.984828
2015-07-24,33.240002,33.799999,33.23,33.66,13075800,33.472095
2015-07-23,33.549999,33.650002,33.040001,33.23,8253100,33.044495
2015-07-22,33.869999,33.990002,33.509998,33.689999,5384800,33.501926
2015-07-21,33.849998,33.950001,33.48,33.509998,6896900,33.32293
2015-07-20,33.709999,33.950001,33.50,33.84,7782200,33.65109