2015-12-16,63.52,66.349998,63.400002,65.620003,7171700,65.620003
2015-12-15,58.860001,60.349998,58.119999,59.830002,4585000,59.830002
2015-12-14,55.790001,58.48,55.040001,58.41,3441900,58.41
2015-12-11,53.950001,56.599998,53.50,55.259998,3201500,55.259998
2015-12-10,54.32,55.389999,52.509998,54.349998,7504600,54.349998
2015-12-09,59.459999,61.919998,58.419998,58.849998,2960600,58.849998
2015-12-08,58.43,59.25,56.959999,59.07,2753100,59.07
2015-12-07,59.290001,59.59,58.220001,59.32,1850900,59.32
2015-12-04,59.060001,60.009998,58.490002,59.84,1537800,59.84
2015-12-03,60.00,62.049999,58.66,59.459999,2700100,59.459999
2015-12-02,58.060001,60.32,57.950001,59.669998,3719900,59.669998
2015-12-01,56.599998,58.290001,56.599998,58.18,1607900,58.18
2015-11-30,56.18,57.130001,56.099998,56.509998,1445200,56.509998
2015-11-27,56.169998,56.189999,55.389999,56.099998,678800,56.099998
2015-11-25,56.040001,57.259998,55.84,56.400002,1092300,56.400002
2015-11-24,54.59,56.369999,54.389999,56.169998,1230200,56.169998
2015-11-23,54.32,55.32,53.630001,54.880001,1401700,54.880001
2015-11-20,53.400002,54.759998,53.34,54.439999,1344400,54.439999
2015-11-19,53.400002,53.57,52.799999,53.279999,961400,53.279999
2015-11-18,53.07,54.130001,52.830002,53.939999,1489300,53.939999
2015-11-17,54.549999,54.700001,52.389999,52.75,1821500,52.75
2015-11-16,52.779999,54.290001,52.43,54.18,1390000,54.18
2015-11-13,53.720001,54.07,52.16,52.720001,2263900,52.720001
2015-11-12,54.41,55.400002,53.43,53.919998,2147000,53.919998
2015-11-11,56.02,56.299999,54.07,54.75,2317200,54.75
2015-11-10,58.52,58.599998,54.630001,55.869999,3854200,55.869999
2015-11-09,59.41,59.799999,57.610001,58.389999,1523500,58.389999
2015-11-06,58.189999,59.849998,58.049999,59.669998,1505100,59.669998
2015-11-05,58.939999,59.41,57.700001,58.330002,1641600,58.330002
2015-11-04,58.400002,58.880001,57.709999,58.66,1728600,58.66
2015-11-03,57.439999,59.549999,57.279999,58.349998,2654600,58.349998
2015-11-02,56.650002,57.82,55.82,57.779999,2937800,57.779999
2015-10-30,56.900002,58.43,54.650002,57.07,6634100,57.07
2015-10-29,51.349998,52.150002,50.25,50.990002,3001400,50.990002
2015-10-28,49.389999,50.93,48.880001,50.849998,1772100,50.849998
2015-10-27,50.189999,50.360001,48.580002,49.16,1284700,49.16
2015-10-26,50.970001,51.689999,49.810001,50.57,1251000,50.57
2015-10-23,50.310001,50.889999,49.220001,50.43,1376100,50.43
2015-10-22,50.549999,50.950001,49.099998,49.889999,1718000,49.889999
2015-10-21,51.869999,51.900002,49.84,49.939999,1475600,49.939999
2015-10-20,51.119999,52.490002,50.810001,51.77,951500,51.77
2015-10-19,51.700001,52.290001,50.880001,51.189999,980600,51.189999
2015-10-16,52.549999,52.630001,51.080002,52.049999,1154800,52.049999
2015-10-15,52.259998,52.75,51.560001,52.48,1533800,52.48
2015-10-14,50.810001,52.450001,50.50,51.950001,1383100,51.950001
2015-10-13,50.459999,51.799999,50.00,50.580002,1175400,50.580002
2015-10-12,51.209999,51.310001,50.110001,50.830002,1270600,50.830002
2015-10-09,51.119999,51.599998,50.439999,51.200001,1399400,51.200001
2015-10-08,49.849998,51.450001,49.450001,51.119999,1604100,51.119999
2015-10-07,49.860001,50.830002,48.220001,49.91,2566600,49.91
2015-10-06,46.77,49.16,46.68,48.880001,2697500,48.880001
2015-10-05,45.889999,47.23,45.669998,46.66,1604100,46.66
2015-10-02,42.240002,45.470001,41.900002,45.459999,1747300,45.459999
2015-10-01,42.560001,43.349998,41.970001,42.68,1469500,42.68
2015-09-30,41.490002,42.849998,41.48,42.75,1496200,42.75
2015-09-29,41.009998,42.330002,40.720001,41.02,1765500,41.02
2015-09-28,43.00,43.200001,40.509998,40.810001,1870700,40.810001
2015-09-25,44.209999,44.830002,42.939999,43.290001,1206100,43.290001
2015-09-24,43.099998,43.900002,42.150002,43.639999,1695100,43.639999
2015-09-23,44.619999,44.869999,43.310001,43.369999,1632000,43.369999
2015-09-22,44.279999,44.759998,43.900002,44.419998,1599700,44.419998
2015-09-21,45.57,45.919998,44.799999,45.139999,1247000,45.139999
2015-09-18,46.189999,46.419998,45.080002,45.330002,3862900,45.330002
2015-09-17,47.950001,48.049999,46.75,46.919998,1391900,46.919998
2015-09-16,46.650002,48.41,46.610001,47.759998,1792100,47.759998
2015-09-15,46.200001,46.790001,45.599998,46.580002,1649900,46.580002
2015-09-14,48.369999,48.459999,45.849998,46.200001,2583100,46.200001
2015-09-11,47.82,48.860001,47.709999,48.790001,1339300,48.790001
2015-09-10,48.360001,49.32,47.900002,48.220001,1581200,48.220001
2015-09-09,49.759998,50.459999,47.599998,47.73,1683200,47.73
2015-09-08,47.720001,49.139999,47.50,49.110001,1412600,49.110001
2015-09-04,47.48,48.00,46.610001,46.939999,1091000,46.939999
2015-09-03,48.009998,49.380001,47.900002,48.290001,1329100,48.290001
2015-09-02,48.00,48.41,46.849998,47.959999,1596300,47.959999
2015-09-01,46.93,48.790001,46.389999,47.259998,1915100,47.259998
2015-08-31,47.50,48.799999,46.82,47.84,1218700,47.84
2015-08-28,47.349998,49.220001,47.060001,47.799999,1910900,47.799999
2015-08-27,47.470001,48.049999,46.400002,47.84,2079600,47.84
2015-08-26,45.709999,46.23,44.040001,46.09,1990100,46.09
2015-08-25,45.990002,47.369999,44.310001,44.380001,2834100,44.380001
2015-08-24,40.799999,46.299999,40.25,43.610001,3818700,43.610001
2015-08-21,47.290001,48.049999,45.259998,45.27,3651700,45.27
2015-08-20,49.369999,49.599998,47.849998,47.91,2059200,47.91
2015-08-19,51.07,51.279999,48.849998,49.939999,3084100,49.939999
2015-08-18,51.669998,52.299999,50.93,51.630001,1611700,51.630001
2015-08-17,51.09,51.939999,50.650002,51.740002,1346500,51.740002
2015-08-14,51.189999,52.299999,51.139999,51.509998,1139900,51.509998
2015-08-13,51.619999,52.50,51.009998,51.110001,1469800,51.110001
2015-08-12,50.77,52.189999,49.73,51.880001,2695100,51.880001
2015-08-11,52.77,53.200001,51.310001,51.439999,2516800,51.439999
2015-08-10,52.50,53.630001,52.450001,53.48,2666400,53.48
2015-08-07,51.310001,52.700001,50.799999,52.080002,2783500,52.080002
2015-08-06,52.450001,53.48,50.099998,51.200001,4630200,51.200001
2015-08-05,50.119999,53.09,49.009998,51.919998,11124100,51.919998
2015-08-04,43.700001,44.790001,43.419998,44.50,3645800,44.50
2015-08-03,44.700001,44.799999,43.279999,43.689999,1939000,43.689999
2015-07-31,45.310001,45.400002,44.259998,44.299999,1529000,44.299999
2015-07-30,45.889999,45.93,44.580002,45.310001,1597100,45.310001
2015-07-29,43.509998,45.959999,43.130001,45.540001,2765900,45.540001
2015-07-28,42.50,43.66,41.66,43.380001,1719800,43.380001
2015-07-27,42.43,42.619999,41.560001,42.27,1888900,42.27
2015-07-24,42.919998,43.25,42.25,42.970001,1818400,42.970001
2015-07-23,42.57,43.639999,42.57,42.740002,1767800,42.740002
2015-07-22,43.099998,43.25,42.25,42.50,1742200,42.50
2015-07-21,43.110001,43.98,42.860001,43.48,1452900,43.48
2015-07-20,44.490002,44.50,43.23,43.279999,1841600,43.279999