2015-12-16,63.07,63.41,63.060001,63.25,856500,63.25
2015-12-15,63.09,63.189999,62.869999,63.110001,859800,63.110001
2015-12-14,62.740002,63.080002,62.73,63.00,875100,63.00
2015-12-11,62.509998,62.93,62.509998,62.73,695600,62.73
2015-12-10,62.75,62.880001,62.540001,62.740002,539000,62.740002
2015-12-09,63.00,63.080002,62.66,62.82,660800,62.82
2015-12-08,62.75,63.099998,62.73,63.029999,1177000,63.029999
2015-12-07,62.880001,62.919998,62.720001,62.779999,701700,62.779999
2015-12-04,62.349998,62.889999,62.349998,62.889999,759400,62.889999
2015-12-03,62.450001,62.50,62.16,62.349998,658100,62.349998
2015-12-02,62.669998,62.759998,62.439999,62.48,533500,62.48
2015-12-01,62.68,62.91,62.32,62.77,1444700,62.77
2015-11-30,62.68,62.82,62.470001,62.57,3693800,62.57
2015-11-27,62.509998,62.740002,62.43,62.599998,321800,62.599998
2015-11-25,62.77,62.799999,62.41,62.490002,526000,62.490002
2015-11-24,62.970001,63.009998,62.450001,62.73,1075500,62.73
2015-11-23,62.259998,62.759998,62.16,62.619999,1274700,62.619999
2015-11-20,62.16,62.27,62.029999,62.25,581100,62.25
2015-11-19,62.25,62.470001,62.029999,62.040001,803200,62.040001
2015-11-18,62.139999,62.34,62.040001,62.200001,619400,62.200001
2015-11-17,62.279999,62.41,62.00,62.119999,684100,62.119999
2015-11-16,62.060001,62.290001,61.939999,62.279999,540000,62.279999
2015-11-13,61.75,62.279999,61.75,62.080002,748700,62.080002
2015-11-12,62.099998,62.25,61.68,61.740002,673700,61.740002
2015-11-11,62.099998,62.290001,62.060001,62.209999,529000,62.209999
2015-11-10,62.00,62.299999,61.919998,62.220001,763300,62.220001
2015-11-09,62.099998,62.450001,62.049999,62.279999,716300,61.769998
2015-11-06,62.34,62.619999,62.150002,62.209999,592100,61.700571
2015-11-05,62.790001,62.790001,62.060001,62.639999,649800,62.12705
2015-11-04,62.610001,62.860001,62.610001,62.73,320400,62.216313
2015-11-03,62.580002,62.77,62.450001,62.75,480300,62.23615
2015-11-02,62.43,62.779999,62.279999,62.740002,390500,62.226234
2015-10-30,62.220001,62.73,62.209999,62.50,658800,61.988197
2015-10-29,61.84,62.220001,61.700001,62.189999,437900,61.680734
2015-10-28,62.049999,62.23,61.68,62.00,628300,61.492292
2015-10-27,62.110001,62.23,61.919998,62.049999,481800,61.541881
2015-10-26,62.049999,62.310001,61.880001,62.16,459900,61.650981
2015-10-23,62.00,62.130001,61.799999,62.02,637600,61.512128
2015-10-22,62.09,62.16,61.900002,62.029999,535500,61.522045
2015-10-21,62.130001,62.189999,61.900002,61.959999,351200,61.452618
2015-10-20,62.099998,62.18,61.939999,62.009998,512400,61.502208
2015-10-19,61.860001,62.25,61.779999,62.09,469400,61.581555
2015-10-16,62.119999,62.139999,61.82,61.889999,536000,61.383192
2015-10-15,61.75,62.02,61.709999,61.990002,354500,61.482375
2015-10-14,61.84,62.02,61.66,61.66,511900,61.155076
2015-10-13,61.959999,62.169998,61.720001,61.75,401300,61.244339
2015-10-12,61.669998,62.200001,61.669998,62.02,484100,61.512128
2015-10-09,61.630001,61.970001,61.560001,61.66,517500,61.155076
2015-10-08,61.310001,61.799999,61.310001,61.560001,523300,61.055896
2015-10-07,61.279999,61.68,61.029999,61.50,822400,60.996386
2015-10-06,61.43,61.529999,61.060001,61.240002,814300,60.738517
2015-10-05,61.560001,61.77,60.950001,61.419998,945900,60.917039
2015-10-02,61.00,61.330002,60.709999,61.32,767800,60.81786
2015-10-01,60.860001,61.00,60.549999,60.810001,862800,60.312038
2015-09-30,60.700001,61.049999,60.419998,61.040001,963700,60.540154
2015-09-29,60.700001,60.82,60.439999,60.529999,982500,60.034328
2015-09-28,60.880001,61.060001,60.580002,60.59,991100,60.093838
2015-09-25,61.610001,61.880001,60.779999,60.880001,845900,60.381464
2015-09-24,61.400002,61.630001,61.00,61.560001,654500,61.055896
2015-09-23,61.299999,61.75,61.150002,61.459999,723000,60.956713
2015-09-22,61.07,61.419998,61.049999,61.360001,989000,60.857533
2015-09-21,60.650002,61.450001,60.650002,61.43,841700,60.92696
2015-09-18,60.779999,61.009998,60.50,60.549999,1809500,60.054165
2015-09-17,60.849998,61.060001,60.610001,60.91,1716100,60.411217
2015-09-16,60.869999,61.009998,60.700001,60.91,950200,60.411217
2015-09-15,60.700001,60.93,60.50,60.84,958200,60.341791
2015-09-14,60.900002,61.00,60.689999,60.73,686700,60.232691
2015-09-11,60.52,61.040001,60.490002,61.00,616100,60.500481
2015-09-10,60.419998,60.880001,60.419998,60.549999,1088800,60.054165
2015-09-09,60.700001,61.049999,60.509998,60.599998,1268500,60.103755
2015-09-08,60.57,61.110001,60.560001,60.599998,1313300,60.103755
2015-09-04,60.110001,60.779999,59.98,60.349998,1065600,59.855802
2015-09-03,60.389999,60.700001,60.200001,60.459999,2126600,59.964902
2015-09-02,60.299999,60.91,60.279999,60.389999,1423700,59.895475
2015-09-01,60.709999,60.84,60.139999,60.259998,1970300,59.766539
2015-08-31,60.150002,61.200001,59.98,60.990002,2032300,60.490564
2015-08-28,60.369999,60.599998,59.810001,60.560001,1851800,60.064085
2015-08-27,60.66,61.150002,60.259998,60.639999,2437100,60.143428
2015-08-26,61.290001,61.43,59.790001,60.790001,3420000,60.292201
2015-08-25,62.049999,63.369999,60.799999,60.84,4548100,60.341791
2015-08-24,60.580002,61.75,57.599998,61.41,9487900,60.907123
2015-08-21,48.23,48.529999,47.849998,47.860001,767100,47.468083
2015-08-20,48.91,49.27,48.509998,48.549999,727700,48.152431
2015-08-19,49.080002,49.400002,48.66,49.169998,751500,48.767353
2015-08-18,49.689999,49.919998,49.189999,49.240002,470600,48.836783
2015-08-17,49.470001,50.02,49.16,49.82,461300,49.412032
2015-08-14,48.970001,49.50,48.84,49.490002,500300,49.084736
2015-08-13,49.049999,49.419998,48.610001,49.07,549200,48.668173
2015-08-12,48.189999,49.299999,48.169998,49.259998,592600,48.856616
2015-08-11,48.630001,49.009998,48.259998,48.709999,627300,47.805297
2015-08-10,48.75,49.169998,48.439999,48.639999,570600,47.736598
2015-08-07,47.970001,48.709999,47.66,48.700001,518700,47.795485
2015-08-06,48.049999,48.23,47.220001,48.009998,623900,47.118298
2015-08-05,48.00,48.349998,47.959999,48.029999,558300,47.137927
2015-08-04,48.200001,48.419998,47.689999,47.759998,571700,46.872941
2015-08-03,48.209999,48.50,47.959999,48.27,588800,47.373471
2015-07-31,48.099998,48.490002,47.93,48.080002,863400,47.187001
2015-07-30,47.439999,48.18,47.150002,47.630001,545000,46.745358
2015-07-29,47.619999,48.00,47.23,47.630001,828300,46.745358
2015-07-28,47.650002,48.029999,47.279999,47.990002,555800,47.098673
2015-07-27,47.259998,47.860001,47.259998,47.630001,580600,46.745358
2015-07-24,47.009998,47.450001,46.849998,47.279999,466100,46.401857
2015-07-23,47.950001,47.950001,46.900002,47.060001,673300,46.185945
2015-07-22,47.580002,48.310001,47.439999,48.110001,582600,47.216443
2015-07-21,47.669998,47.869999,47.380001,47.599998,477500,46.715913
2015-07-20,48.130001,48.150002,47.639999,47.84,462000,46.951457