2015-12-16,26.48,27.120001,26.48,27.02,4630800,27.02
2015-12-15,26.25,26.52,26.200001,26.370001,4518100,26.370001
2015-12-14,25.84,26.110001,25.58,26.08,4584200,26.08
2015-12-11,25.620001,26.07,25.459999,25.93,4325000,25.93
2015-12-10,26.440001,26.57,26.08,26.10,4786300,25.91
2015-12-09,26.190001,26.620001,26.049999,26.43,4588300,26.237598
2015-12-08,26.129999,26.49,26.110001,26.370001,4321900,26.178035
2015-12-07,26.34,26.379999,25.950001,26.129999,2716600,25.939781
2015-12-04,25.549999,26.459999,25.379999,26.370001,9502200,26.178035
2015-12-03,25.24,25.41,25.110001,25.33,8065000,25.145605
2015-12-02,25.950001,26.15,25.33,25.370001,5946700,25.185315
2015-12-01,25.620001,26.16,25.469999,26.110001,6123800,25.919928
2015-11-30,25.99,26.059999,25.32,25.469999,6672200,25.284586
2015-11-27,25.52,25.969999,25.469999,25.90,1786900,25.711456
2015-11-25,25.700001,25.700001,25.43,25.559999,6058700,25.37393
2015-11-24,25.709999,25.860001,25.32,25.639999,4841000,25.453348
2015-11-23,25.76,25.969999,25.73,25.90,3468700,25.711456
2015-11-20,25.530001,25.85,25.48,25.790001,6763300,25.602258
2015-11-19,25.48,25.67,25.24,25.459999,4724000,25.274658
2015-11-18,25.280001,25.450001,24.959999,25.42,3566600,25.23495
2015-11-17,25.51,25.60,25.110001,25.120001,4209000,24.937135
2015-11-16,24.75,25.43,24.52,25.42,7667200,25.23495
2015-11-13,26.42,26.459999,25.16,25.18,8709900,24.996698
2015-11-12,26.690001,26.790001,26.309999,26.370001,3299500,26.178035
2015-11-11,26.860001,26.969999,26.639999,26.74,2719800,26.545341
2015-11-10,26.68,26.969999,26.59,26.84,4843500,26.644613
2015-11-09,27.370001,27.549999,26.370001,26.629999,5687000,26.436141
2015-11-06,28.15,28.42,27.32,27.50,6539300,27.299808
2015-11-05,28.67,29.049999,28.57,28.84,4137500,28.630054
2015-11-04,28.719999,28.83,28.559999,28.68,3623100,28.471219
2015-11-03,28.57,29.08,28.42,28.700001,9076300,28.491074
2015-11-02,28.91,29.559999,28.860001,29.549999,6466600,29.334884
2015-10-30,28.969999,29.110001,28.879999,28.950001,5540500,28.739254
2015-10-29,28.799999,29.08,28.73,29.040001,3917000,28.828599
2015-10-28,28.85,28.98,28.41,28.940001,3288200,28.729326
2015-10-27,28.610001,28.940001,28.50,28.870001,4523500,28.659836
2015-10-26,28.49,28.73,28.41,28.690001,3606300,28.481146
2015-10-23,28.58,28.700001,28.26,28.49,3118600,28.282601
2015-10-22,28.01,28.65,27.99,28.60,5335300,28.391801
2015-10-21,27.889999,28.85,27.690001,27.84,6388500,27.637333
2015-10-20,27.709999,27.92,27.59,27.84,3605900,27.637333
2015-10-19,27.18,27.799999,27.18,27.790001,2551900,27.587698
2015-10-16,27.120001,27.379999,27.059999,27.24,3177200,27.041701
2015-10-15,26.91,27.09,26.77,27.059999,2769300,26.863011
2015-10-14,27.030001,27.139999,26.75,26.809999,2779900,26.614831
2015-10-13,27.07,27.280001,26.82,26.870001,4620100,26.674395
2015-10-12,27.110001,27.379999,27.049999,27.24,4761000,26.863011
2015-10-09,27.27,27.33,26.959999,27.139999,2725300,26.764394
2015-10-08,26.90,27.360001,26.83,27.309999,3747600,26.932042
2015-10-07,26.65,26.969999,26.620001,26.90,4557500,26.527716
2015-10-06,26.91,27.18,26.620001,26.65,6155200,26.281176
2015-10-05,26.559999,27.120001,26.540001,27.08,3751300,26.705225
2015-10-02,26.139999,26.459999,25.60,26.459999,4135400,26.093805
2015-10-01,26.110001,26.469999,25.98,26.43,4963000,26.064221
2015-09-30,25.780001,26.02,25.58,25.969999,5789400,25.610586
2015-09-29,24.98,25.74,24.969999,25.57,5252600,25.216123
2015-09-28,25.34,25.389999,24.790001,24.969999,4613800,24.624426
2015-09-25,25.43,26.02,25.139999,25.42,3803100,25.068199
2015-09-24,25.530001,25.700001,24.99,25.059999,4522300,24.713181
2015-09-23,25.57,25.799999,25.41,25.629999,2840200,25.275292
2015-09-22,25.790001,25.91,25.450001,25.57,3138800,25.216123
2015-09-21,25.75,26.200001,25.67,26.02,3942600,25.659896
2015-09-18,25.33,26.10,25.309999,25.719999,14160100,25.364046
2015-09-17,25.52,26.25,25.290001,25.74,4844000,25.38377
2015-09-16,25.209999,25.60,25.200001,25.49,3294500,25.13723
2015-09-15,24.92,25.35,24.76,25.219999,3151600,24.870966
2015-09-14,25.030001,25.09,24.809999,24.950001,3752000,24.604704
2015-09-11,24.370001,24.959999,24.24,24.950001,5210200,24.604704
2015-09-10,24.33,24.690001,24.23,24.370001,4020400,24.032731
2015-09-09,24.98,25.02,24.35,24.40,4500900,24.062315
2015-09-08,24.780001,24.870001,24.41,24.780001,4519200,24.437057
2015-09-04,24.780001,24.860001,24.219999,24.48,5244100,24.141208
2015-09-03,25.190001,25.379999,25.08,25.18,3538600,24.831521
2015-09-02,25.120001,25.190001,24.84,25.059999,3564800,24.713181
2015-09-01,24.77,25.190001,24.549999,24.75,5719300,24.407471
2015-08-31,25.99,26.129999,25.360001,25.379999,6234700,25.028752
2015-08-28,26.23,26.82,25.83,26.07,3792500,25.709203
2015-08-27,26.049999,26.389999,25.74,26.23,6153000,25.866988
2015-08-26,25.35,25.82,25.18,25.76,7672000,25.403494
2015-08-25,26.49,26.50,24.879999,24.92,4878700,24.575119
2015-08-24,25.32,26.34,25.25,25.75,7853800,25.393632
2015-08-21,27.50,27.790001,27.209999,27.209999,5423800,26.833425
2015-08-20,27.879999,27.940001,27.440001,27.59,3639400,27.208167
2015-08-19,27.780001,28.15,27.549999,27.879999,2813900,27.494153
2015-08-18,27.940001,28.030001,27.85,27.950001,2453400,27.563186
2015-08-17,27.84,28.059999,27.67,28.02,2070900,27.632216
2015-08-14,27.24,27.879999,27.24,27.870001,2138700,27.484293
2015-08-13,27.75,28.00,27.52,27.83,2673200,27.444845
2015-08-12,28.02,28.040001,27.67,27.93,4585900,27.543462
2015-08-11,27.540001,28.120001,27.52,28.040001,5196200,27.65194
2015-08-10,27.90,27.940001,27.389999,27.530001,2362400,27.148998
2015-08-07,27.389999,27.85,27.219999,27.75,3244700,27.365953
2015-08-06,27.09,27.459999,26.879999,27.440001,3713900,27.060243
2015-08-05,27.09,27.209999,26.870001,27.08,3908300,26.705225
2015-08-04,26.75,27.549999,26.75,26.93,4003400,26.557301
2015-08-03,27.120001,27.43,27.09,27.24,4334600,26.863011
2015-07-31,27.52,28.440001,27.059999,27.139999,5637700,26.764394
2015-07-30,26.85,27.02,26.75,26.90,3379200,26.527716
2015-07-29,26.610001,27.02,26.48,26.98,4681000,26.606609
2015-07-28,26.57,26.83,26.379999,26.65,3492200,26.281176
2015-07-27,26.33,26.59,26.32,26.50,3428900,26.133252
2015-07-24,26.17,26.379999,26.07,26.299999,3950500,25.936019
2015-07-23,26.59,26.629999,26.049999,26.23,3518500,25.866988
2015-07-22,26.48,26.82,26.48,26.639999,3071900,26.271314
2015-07-21,26.48,26.59,26.370001,26.49,2933600,26.12339
2015-07-20,26.389999,26.60,26.360001,26.50,2479200,26.133252