2015-12-16,17.98,18.59,17.940001,18.52,19473700,18.52
2015-12-15,18.17,18.26,17.77,17.870001,10973800,17.870001
2015-12-14,18.620001,18.629999,17.959999,18.07,16221100,18.07
2015-12-11,18.75,18.75,18.10,18.68,28390000,18.68
2015-12-10,17.75,17.99,17.59,17.690001,8096900,17.690001
2015-12-09,17.719999,18.07,17.68,17.75,9700900,17.75
2015-12-08,17.83,17.92,17.60,17.83,11100100,17.83
2015-12-07,17.959999,18.110001,17.790001,18.040001,9641300,18.040001
2015-12-04,17.82,18.059999,17.700001,18.030001,13797600,18.030001
2015-12-03,18.84,18.879999,17.76,17.83,19719400,17.83
2015-12-02,18.790001,19.01,18.700001,18.74,9617000,18.74
2015-12-01,18.879999,18.93,18.68,18.82,7529500,18.82
2015-11-30,18.85,18.969999,18.709999,18.73,9483200,18.73
2015-11-27,18.940001,18.98,18.76,18.76,2955900,18.76
2015-11-25,18.98,19.15,18.790001,18.969999,9375400,18.969999
2015-11-24,18.889999,19.07,18.74,18.959999,9965100,18.959999
2015-11-23,19.02,19.290001,18.98,19.059999,9167800,19.059999
2015-11-20,18.99,19.110001,18.93,18.98,9289800,18.98
2015-11-19,18.83,19.200001,18.799999,18.99,9799700,18.99
2015-11-18,18.51,18.889999,18.42,18.83,9558000,18.83
2015-11-17,18.35,18.700001,18.299999,18.450001,8907100,18.450001
2015-11-16,17.879999,18.459999,17.84,18.34,7600800,18.34
2015-11-13,18.040001,18.23,17.82,17.93,15624000,17.93
2015-11-12,18.379999,18.549999,18.120001,18.139999,7813100,18.139999
2015-11-11,18.809999,18.870001,18.51,18.51,6130200,18.51
2015-11-10,18.59,18.860001,18.549999,18.780001,10860300,18.780001
2015-11-09,18.83,18.93,18.700001,18.77,12218700,18.65
2015-11-06,18.99,19.129999,18.85,18.92,11458200,18.799041
2015-11-05,18.790001,19.200001,18.790001,19.059999,8124500,18.938145
2015-11-04,18.85,19.040001,18.73,18.870001,7904600,18.749361
2015-11-03,18.700001,18.98,18.68,18.83,11701000,18.709616
2015-11-02,18.59,18.889999,18.58,18.82,8395300,18.69968
2015-10-30,18.940001,18.940001,18.59,18.60,13584900,18.481087
2015-10-29,18.77,19.00,18.700001,18.85,18520400,18.729489
2015-10-28,18.25,18.82,18.200001,18.82,15775600,18.69968
2015-10-27,17.60,18.35,16.93,18.26,23645800,18.143261
2015-10-26,17.530001,17.549999,17.18,17.32,11936800,17.20927
2015-10-23,17.76,17.76,17.389999,17.60,15563100,17.48748
2015-10-22,16.879999,17.74,16.790001,17.60,41477700,17.48748
2015-10-21,16.83,16.969999,16.68,16.709999,9553600,16.603169
2015-10-20,16.780001,17.01,16.73,16.85,11998200,16.742275
2015-10-19,16.82,17.02,16.68,16.82,17273000,16.712466
2015-10-16,16.870001,16.940001,16.75,16.889999,15375800,16.782018
2015-10-15,17.030001,17.08,16.719999,16.85,15097900,16.742275
2015-10-14,16.90,17.120001,16.860001,17.00,15359800,16.891316
2015-10-13,17.110001,17.18,16.780001,16.879999,12346200,16.772082
2015-10-12,17.549999,17.559999,17.190001,17.26,7814500,17.149654
2015-10-09,17.969999,18.040001,17.51,17.52,9482600,17.407992
2015-10-08,17.799999,18.040001,17.76,17.969999,8112700,17.855114
2015-10-07,17.959999,18.129999,17.74,17.84,9491800,17.725946
2015-10-06,17.68,17.93,17.60,17.809999,7738400,17.696137
2015-10-05,17.24,17.709999,17.24,17.639999,8598000,17.527223
2015-10-02,16.639999,17.059999,16.360001,17.049999,10396000,16.940995
2015-10-01,17.15,17.24,16.67,16.83,9414200,16.722402
2015-09-30,16.969999,17.18,16.93,17.120001,10471300,17.010549
2015-09-29,16.32,16.73,16.23,16.700001,11541000,16.593234
2015-09-28,16.48,16.50,16.280001,16.35,13183900,16.245472
2015-09-25,16.629999,16.84,16.42,16.57,14809200,16.464064
2015-09-24,16.59,16.76,16.24,16.68,14593300,16.573362
2015-09-23,16.950001,16.969999,16.700001,16.77,8381400,16.662787
2015-09-22,17.219999,17.280001,16.85,16.98,14266200,16.871443
2015-09-21,17.690001,17.76,17.43,17.52,10460900,17.407992
2015-09-18,18.02,18.030001,17.549999,17.620001,16717900,17.507353
2015-09-17,18.290001,18.48,18.10,18.17,8404500,18.053836
2015-09-16,18.00,18.43,17.959999,18.309999,11141400,18.19294
2015-09-15,17.950001,18.059999,17.709999,18.030001,7823600,17.914731
2015-09-14,17.68,17.75,17.469999,17.620001,5972100,17.507353
2015-09-11,17.469999,17.67,17.42,17.67,5698200,17.557032
2015-09-10,17.559999,17.780001,17.469999,17.610001,9943100,17.497416
2015-09-09,18.00,18.16,17.52,17.559999,10537600,17.447735
2015-09-08,17.549999,17.82,17.50,17.790001,11553000,17.676266
2015-09-04,17.01,17.35,17.01,17.24,10529700,17.129781
2015-09-03,17.01,17.620001,17.01,17.26,10944700,17.149654
2015-09-02,17.00,17.00,16.65,16.99,8524800,16.881379
2015-09-01,16.77,16.90,16.57,16.700001,14692300,16.593234
2015-08-31,17.049999,17.27,16.969999,17.209999,9809600,17.099972
2015-08-28,16.92,17.25,16.90,17.18,11534100,17.070165
2015-08-27,16.60,17.02,16.57,16.959999,11897400,16.851571
2015-08-26,16.35,16.57,15.83,16.52,16739000,16.295152
2015-08-25,16.879999,16.879999,15.95,15.97,20076600,15.752638
2015-08-24,15.83,16.77,15.42,16.290001,22789600,16.068283
2015-08-21,17.08,17.27,16.790001,16.790001,13337700,16.561478
2015-08-20,17.60,17.629999,17.219999,17.23,8687400,16.995488
2015-08-19,17.76,17.940001,17.629999,17.74,9230400,17.498547
2015-08-18,18.07,18.110001,17.870001,17.92,5897900,17.676097
2015-08-17,17.90,18.190001,17.809999,18.16,5586500,17.91283
2015-08-14,17.719999,17.99,17.709999,17.959999,6041600,17.715552
2015-08-13,17.92,18.01,17.790001,17.809999,6663500,17.567594
2015-08-12,17.790001,18.02,17.73,17.940001,10759300,17.695825
2015-08-11,18.26,18.27,17.780001,17.889999,10749900,17.646505
2015-08-10,18.25,18.50,18.209999,18.459999,7615900,18.208746
2015-08-07,18.280001,18.32,18.059999,18.129999,6357200,17.883238
2015-08-06,18.280001,18.379999,18.120001,18.26,8624500,18.01147
2015-08-05,18.389999,18.639999,18.309999,18.370001,7553300,18.119973
2015-08-04,18.190001,18.43,18.18,18.280001,9883100,18.031198
2015-08-03,18.60,18.639999,18.110001,18.190001,14349100,17.942423
2015-07-31,18.75,18.809999,18.629999,18.68,10523100,18.425753
2015-07-30,18.549999,18.780001,18.459999,18.629999,9830200,18.376433
2015-07-29,18.26,18.65,18.049999,18.540001,15920400,18.287659
2015-07-28,18.65,18.709999,18.059999,18.370001,15400200,18.119973
2015-07-27,18.440001,18.66,18.309999,18.450001,13062400,18.198884
2015-07-24,18.719999,18.82,18.450001,18.58,11529500,18.327114
2015-07-23,18.83,19.030001,18.709999,18.780001,9955300,18.524392
2015-07-22,18.639999,18.85,18.459999,18.780001,12198900,18.524392
2015-07-21,18.82,18.92,18.58,18.75,12235900,18.4948
2015-07-20,19.10,19.10,18.90,18.91,9543500,18.652622