2015-12-16,34.349998,35.169998,34.25,35.139999,14386800,35.139999
2015-12-15,34.75,34.959999,34.299999,34.540001,13834300,34.180001
2015-12-14,34.779999,34.84,34.049999,34.389999,13793100,34.031563
2015-12-11,35.139999,35.41,34.27,34.549999,16271200,34.189895
2015-12-10,35.25,35.889999,35.18,35.630001,8827000,35.25864
2015-12-09,35.299999,35.700001,34.860001,35.450001,11692000,35.080516
2015-12-08,35.830002,35.869999,35.23,35.48,11905400,35.110202
2015-12-07,36.459999,36.52,35.990002,36.130001,11303500,35.753429
2015-12-04,35.599998,36.34,35.369999,36.25,11562600,35.872177
2015-12-03,35.830002,36.00,35.23,35.470001,10795800,35.100308
2015-12-02,36.310001,36.360001,35.619999,35.73,9715100,35.357596
2015-12-01,35.950001,36.34,35.799999,36.259998,12656400,35.882071
2015-11-30,36.599998,36.880001,36.189999,36.200001,13959400,35.822699
2015-11-27,36.360001,36.490002,36.220001,36.369999,2899300,35.990925
2015-11-25,36.150002,36.419998,36.110001,36.34,7292800,35.961239
2015-11-24,35.759998,36.330002,35.689999,36.220001,10346900,35.842491
2015-11-23,36.389999,36.869999,36.060001,36.080002,9849300,35.703951
2015-11-20,36.310001,36.419998,36.009998,36.34,10793200,35.961239
2015-11-19,36.43,36.470001,36.07,36.139999,9760800,35.763323
2015-11-18,35.400002,36.48,35.299999,36.459999,14866300,36.079987
2015-11-17,34.310001,35.59,34.310001,35.209999,11748200,34.843016
2015-11-16,34.310001,35.220001,34.290001,35.169998,14599100,34.803432
2015-11-13,34.970001,35.169998,34.189999,34.310001,12090600,33.952398
2015-11-12,35.34,35.48,35.02,35.09,10650900,34.724267
2015-11-11,35.740002,36.009998,35.52,35.549999,6751800,35.179472
2015-11-10,35.540001,35.630001,35.16,35.619999,9687200,35.248742
2015-11-09,35.98,36.119999,35.439999,35.669998,9997600,35.29822
2015-11-06,35.32,35.799999,35.259998,35.75,9376900,35.377388
2015-11-05,35.529999,35.560001,35.189999,35.439999,7679700,35.070618
2015-11-04,35.830002,35.919998,35.380001,35.419998,12716600,35.050826
2015-11-03,35.529999,35.990002,35.360001,35.779999,15144900,35.407074
2015-11-02,34.880001,35.75,34.860001,35.57,11858400,35.199264
2015-10-30,34.849998,35.200001,34.459999,34.91,10723900,34.546143
2015-10-29,35.040001,35.049999,34.110001,34.75,12087600,34.387811
2015-10-28,34.990002,35.299999,34.650002,35.220001,9668600,34.852913
2015-10-27,35.389999,35.490002,34.740002,34.970001,15536000,34.605519
2015-10-26,35.900002,35.939999,35.259998,35.669998,14010800,35.29822
2015-10-23,35.540001,36.060001,35.41,35.950001,18277800,35.575304
2015-10-22,35.639999,35.790001,34.970001,35.419998,22708100,35.050826
2015-10-21,34.959999,35.869999,34.720001,35.419998,36877400,35.050826
2015-10-20,33.18,33.889999,33.080002,33.48,11848300,33.131047
2015-10-19,33.00,33.290001,32.799999,33.240002,10084600,32.893551
2015-10-16,33.369999,33.459999,32.880001,33.150002,9332400,32.804489
2015-10-15,33.549999,33.66,33.16,33.32,10844300,32.972715
2015-10-14,33.200001,33.50,32.919998,33.330002,11974000,32.982613
2015-10-13,32.849998,33.369999,32.709999,33.130001,11789300,32.784697
2015-10-12,33.040001,33.16,32.619999,33.02,10766400,32.675843
2015-10-09,33.34,33.630001,32.790001,32.950001,14169100,32.606573
2015-10-08,32.950001,33.509998,32.860001,33.43,12909800,33.081569
2015-10-07,32.450001,33.189999,32.41,33.049999,15238600,32.705529
2015-10-06,31.809999,32.380001,31.809999,32.220001,14214900,31.884182
2015-10-05,31.90,32.16,31.52,31.76,15407500,31.428975
2015-10-02,30.200001,31.76,30.16,31.73,16596600,31.399287
2015-10-01,30.290001,30.75,29.98,30.67,18261900,30.350336
2015-09-30,29.620001,30.10,29.379999,30.02,18931900,29.707111
2015-09-29,28.66,29.290001,28.379999,29.15,17043700,28.846178
2015-09-28,29.290001,29.32,28.440001,28.559999,15648900,28.262327
2015-09-25,29.790001,29.84,29.23,29.41,13369400,29.103468
2015-09-24,29.41,29.51,28.77,29.440001,19687600,29.133156
2015-09-23,30.01,30.139999,29.59,29.719999,11277100,29.410236
2015-09-22,29.42,30.059999,29.41,30.030001,17190200,29.717007
2015-09-21,30.67,30.959999,30.379999,30.620001,14325600,30.300858
2015-09-18,30.98,31.120001,30.469999,30.51,31085700,30.192003
2015-09-17,31.25,31.809999,31.129999,31.309999,16644600,30.983665
2015-09-16,31.08,31.57,30.92,31.200001,17076600,30.874812
2015-09-15,30.77,31.549999,30.77,30.99,22400700,30.667
2015-09-14,30.110001,30.77,30.059999,30.719999,20148900,30.399814
2015-09-11,30.01,30.200001,29.58,30.15,15344700,29.835755
2015-09-10,29.190001,30.469999,29.190001,30.00,18672000,29.687319
2015-09-09,30.200001,30.40,29.52,29.620001,16053600,28.955033
2015-09-08,29.50,29.940001,29.50,29.879999,19298900,29.209194
2015-09-04,28.780001,29.040001,28.57,28.879999,13435300,28.231644
2015-09-03,29.379999,29.709999,29.02,29.110001,11504200,28.456482
2015-09-02,29.01,29.219999,28.620001,29.209999,10776300,28.554235
2015-09-01,29.18,29.370001,28.40,28.639999,16687400,27.997032
2015-08-31,29.09,29.690001,29.02,29.440001,16283900,28.779073
2015-08-28,28.60,29.139999,28.530001,29.00,15167300,28.348951
2015-08-27,28.52,28.82,28.02,28.58,28498900,27.93838
2015-08-26,27.620001,28.200001,26.90,28.10,27717300,27.469156
2015-08-25,29.200001,29.200001,27.280001,27.280001,19966200,26.667565
2015-08-24,27.299999,28.18,24.620001,27.799999,35740400,27.17589
2015-08-21,30.459999,30.530001,29.57,29.60,27542200,28.935481
2015-08-20,31.459999,31.459999,30.83,30.84,13352500,30.147643
2015-08-19,31.610001,32.049999,31.370001,31.629999,13919100,30.919907
2015-08-18,31.41,31.77,31.34,31.709999,9279800,30.998111
2015-08-17,31.469999,31.68,31.17,31.610001,12057900,30.900357
2015-08-14,31.139999,31.549999,31.059999,31.49,12222400,30.78305
2015-08-13,30.870001,31.25,30.809999,31.059999,20432400,30.362703
2015-08-12,30.43,31.00,29.790001,30.870001,23093600,30.17697
2015-08-11,31.290001,31.309999,30.59,30.83,24340300,30.137867
2015-08-10,31.950001,32.25,31.860001,31.940001,11676400,31.222948
2015-08-07,32.09,32.139999,31.60,31.74,12960000,31.027438
2015-08-06,31.59,31.93,31.139999,31.860001,19567900,31.144745
2015-08-05,31.77,31.77,31.200001,31.60,14403600,30.890581
2015-08-04,31.66,31.77,31.389999,31.52,15105900,30.812377
2015-08-03,31.790001,31.889999,31.309999,31.68,14800600,30.968785
2015-07-31,32.080002,32.130001,31.43,31.51,12399300,30.802602
2015-07-30,31.889999,32.049999,31.75,31.91,10123300,31.193621
2015-07-29,31.48,32.060001,31.43,31.950001,20632700,31.232724
2015-07-28,31.49,31.639999,31.219999,31.32,23184400,30.616867
2015-07-27,30.950001,31.32,30.60,31.049999,23336100,30.352928
2015-07-24,31.90,31.940001,30.82,31.059999,22967600,30.362703
2015-07-23,32.66,32.700001,31.40,31.50,38967600,30.792826
2015-07-22,30.33,30.52,29.889999,30.299999,20867800,29.619765
2015-07-21,30.51,30.559999,30.32,30.389999,23472100,29.707745
2015-07-20,30.85,30.85,30.42,30.50,15643900,29.815276