2015-12-16,89.110001,89.330002,89.00,89.220001,4896100,89.220001
2015-12-15,89.169998,89.449997,88.959999,89.110001,4304900,89.110001
2015-12-14,89.00,89.489998,88.82,89.269997,6140700,89.269997
2015-12-11,89.300003,89.480003,88.889999,88.959999,6007400,88.959999
2015-12-10,89.510002,89.879997,89.400002,89.449997,6308900,89.449997
2015-12-09,89.309998,89.839996,89.300003,89.50,6941500,89.50
2015-12-08,89.139999,90.029999,89.00,89.650002,12074100,89.650002
2015-12-07,90.029999,90.169998,88.849998,88.889999,41359700,88.889999
2015-12-04,54.220001,54.290001,51.52,51.700001,3771600,51.700001
2015-12-03,52.459999,54.50,51.560001,54.299999,4965300,54.299999
2015-12-02,52.759998,53.950001,52.130001,52.459999,3019000,52.459999
2015-12-01,53.310001,53.41,51.220001,52.98,5285200,52.98
2015-11-30,51.099998,53.689999,50.650002,52.400002,5812600,52.400002
2015-11-27,52.889999,53.049999,50.509998,50.84,2465500,50.84
2015-11-25,49.419998,53.450001,49.32,52.759998,6836000,52.759998
2015-11-24,45.68,48.970001,45.560001,48.849998,4101700,48.849998
2015-11-23,47.689999,47.970001,45.549999,45.720001,4734200,45.720001
2015-11-20,48.529999,49.00,46.400002,47.439999,5592400,47.439999
2015-11-19,47.77,51.720001,46.360001,47.880001,20093900,47.880001
2015-11-18,40.310001,41.349998,39.799999,40.50,7375500,40.50
2015-11-17,43.849998,44.240002,40.029999,40.130001,6025500,40.130001
2015-11-16,43.380001,44.52,42.759998,44.490002,3955200,44.490002
2015-11-13,45.139999,45.299999,43.290001,43.509998,3409100,43.509998
2015-11-12,46.00,46.759998,45.32,45.41,2622600,45.41
2015-11-11,48.52,48.849998,46.060001,46.240002,5065500,46.240002
2015-11-10,52.16,52.419998,49.549999,50.040001,3029000,50.040001
2015-11-09,52.599998,53.240002,51.93,52.380001,2141800,52.380001
2015-11-06,52.07,52.689999,51.32,52.68,1487000,52.68
2015-11-05,51.560001,52.939999,51.27,52.580002,1430300,52.580002
2015-11-04,54.860001,55.040001,50.810001,50.869999,3081600,50.869999
2015-11-03,51.599998,54.959999,51.599998,54.84,4431000,54.84
2015-11-02,50.540001,51.830002,50.25,51.610001,2416400,51.610001
2015-10-30,51.740002,52.16,50.59,50.75,2486700,50.75
2015-10-29,52.57,53.049999,51.049999,51.720001,2013800,51.720001
2015-10-28,51.77,54.009998,51.68,52.91,2293600,52.91
2015-10-27,53.02,53.619999,51.099998,51.580002,2111300,51.580002
2015-10-26,55.040001,55.330002,53.060001,53.240002,1409800,53.240002
2015-10-23,54.299999,55.869999,53.889999,55.009998,2495000,55.009998
2015-10-22,54.630001,55.220001,53.459999,54.060001,1796200,54.060001
2015-10-21,52.959999,55.34,52.959999,54.610001,2188600,54.610001
2015-10-20,53.049999,54.07,52.68,52.939999,1667900,52.939999
2015-10-19,50.84,53.209999,50.00,53.099998,3056500,53.099998
2015-10-16,53.189999,53.209999,50.549999,50.799999,3062300,50.799999
2015-10-15,54.299999,54.689999,52.279999,52.77,2250400,52.77
2015-10-14,55.34,55.34,53.779999,54.169998,2255400,54.169998
2015-10-13,54.98,56.799999,54.439999,54.970001,2504800,54.970001
2015-10-12,57.52,57.98,54.799999,55.029999,2105900,55.029999
2015-10-09,57.720001,58.200001,57.119999,57.549999,1974000,57.549999
2015-10-08,55.990002,58.209999,55.779999,57.860001,2598100,57.860001
2015-10-07,55.639999,57.580002,55.509998,56.18,2416100,56.18
2015-10-06,54.580002,55.709999,54.439999,55.23,2280800,55.23
2015-10-05,54.220001,55.139999,54.110001,54.650002,2125800,54.650002
2015-10-02,50.459999,53.779999,49.509998,53.650002,2579200,53.650002
2015-10-01,52.060001,52.619999,50.419998,52.049999,2999700,52.049999
2015-09-30,54.139999,54.720001,51.709999,52.139999,2068600,52.139999
2015-09-29,53.619999,54.700001,52.740002,53.709999,2529900,53.709999
2015-09-28,55.419998,55.75,52.900002,53.189999,1401400,53.189999
2015-09-25,54.66,55.93,54.549999,55.52,1336400,55.52
2015-09-24,54.84,55.48,54.23,55.169998,1676300,54.881998
2015-09-23,56.700001,56.810001,54.759998,55.07,1642300,54.782521
2015-09-22,56.279999,56.990002,55.57,56.700001,1874900,56.404013
2015-09-21,56.82,57.77,56.689999,57.00,1403200,56.702447
2015-09-18,56.639999,57.080002,55.27,56.740002,3837200,56.443806
2015-09-17,60.259998,60.279999,57.02,57.189999,3253000,56.891453
2015-09-16,58.349998,60.299999,58.110001,60.150002,2630800,59.836004
2015-09-15,59.509998,59.689999,57.57,58.130001,2605000,57.826549
2015-09-14,60.77,60.98,58.799999,59.349998,4000700,59.040178
2015-09-11,60.98,61.209999,60.040001,60.900002,3758200,60.582089
2015-09-10,58.50,61.200001,57.41,60.889999,4426100,60.572139
2015-09-09,58.889999,59.860001,58.009998,58.59,3241800,58.284147
2015-09-08,58.380001,59.080002,56.939999,58.540001,3144900,58.234408
2015-09-04,56.560001,58.790001,56.540001,58.380001,2716300,58.075244
2015-09-03,57.48,58.240002,56.27,57.43,2944200,57.130202
2015-09-02,55.77,56.619999,55.130001,56.560001,2441100,56.264745
2015-09-01,55.330002,56.50,54.689999,55.099998,2754100,54.812364
2015-08-31,53.59,57.25,53.509998,56.599998,3299800,56.304533
2015-08-28,53.50,54.459999,53.50,54.110001,1371900,53.827534
2015-08-27,53.00,54.610001,52.619999,53.990002,2554100,53.708161
2015-08-26,52.709999,52.73,50.689999,52.560001,3385000,52.285626
2015-08-25,52.049999,52.529999,51.32,51.959999,4052600,51.688756
2015-08-24,46.619999,51.740002,45.25,51.299999,5901500,51.032201
2015-08-21,49.849998,50.779999,49.810001,50.139999,3096200,49.878257
2015-08-20,48.889999,51.049999,48.799999,50.400002,2796000,50.136902
2015-08-19,50.23,50.400002,49.009998,49.459999,2685500,49.201806
2015-08-18,51.07,51.25,50.150002,50.240002,1698300,49.977737
2015-08-17,50.50,51.00,50.200001,50.939999,1612900,50.67408
2015-08-14,50.040001,50.900002,49.93,50.599998,2110200,50.335855
2015-08-13,52.59,52.650002,49.130001,50.279999,5514700,50.017525
2015-08-12,52.75,53.279999,52.189999,52.889999,2188800,52.613901
2015-08-11,54.580002,54.580002,52.130001,52.959999,3191000,52.683535
2015-08-10,54.049999,55.349998,53.68,54.610001,3304000,54.324924
2015-08-07,53.209999,54.330002,52.959999,53.43,5161900,53.151083
2015-08-06,53.919998,55.77,52.400002,52.669998,18050100,52.395048
2015-08-05,76.959999,77.389999,74.790001,74.980003,4338700,74.58859
2015-08-04,75.620003,77.040001,75.489998,76.589996,1792700,76.190179
2015-08-03,75.440002,76.720001,75.050003,75.470001,2206500,75.07603
2015-07-31,74.32,75.25,73.730003,75.040001,1659600,74.648275
2015-07-30,74.449997,74.720001,72.910004,74.209999,1318200,73.822605
2015-07-29,74.459999,76.489998,73.760002,74.760002,2632700,74.369737
2015-07-28,71.690002,72.18,70.519997,71.800003,1107200,71.42519
2015-07-27,69.50,72.349998,68.779999,71.360001,1935200,70.987485
2015-07-24,71.050003,71.160004,69.260002,69.410004,1154100,69.047667
2015-07-23,72.190002,72.190002,71.019997,71.32,1034400,70.947693
2015-07-22,70.949997,72.360001,70.550003,71.919998,1929600,71.544559
2015-07-21,70.300003,71.629997,70.139999,70.989998,1124800,70.619413
2015-07-20,69.699997,71.699997,69.349998,71.040001,1619400,70.669155