2015-12-16,30.82,31.00,30.120001,30.559999,2176100,30.559999
2015-12-15,30.74,31.15,30.40,30.540001,2538300,30.540001
2015-12-14,30.00,30.66,29.719999,30.27,2911800,30.27
2015-12-11,30.219999,31.35,29.940001,30.00,6564800,30.00
2015-12-10,32.549999,32.900002,31.469999,32.009998,4056900,32.009998
2015-12-09,33.110001,34.029999,32.400002,32.439999,2553100,32.439999
2015-12-08,32.599998,33.889999,32.27,33.740002,2802800,33.740002
2015-12-07,33.200001,33.389999,32.50,33.07,2948100,33.07
2015-12-04,32.77,33.349998,32.240002,33.299999,3528300,33.299999
2015-12-03,33.849998,33.849998,32.189999,32.779999,3718000,32.779999
2015-12-02,34.700001,34.84,33.860001,33.869999,2867700,33.869999
2015-12-01,35.049999,35.169998,34.25,34.700001,2181300,34.700001
2015-11-30,35.560001,35.830002,34.900002,35.029999,3223100,34.669999
2015-11-27,36.880001,36.950001,35.799999,36.009998,1192500,35.639927
2015-11-25,37.790001,38.029999,36.599998,36.639999,2057900,36.263453
2015-11-24,35.990002,38.23,35.93,37.91,5363000,37.520402
2015-11-23,33.139999,37.689999,33.00,37.610001,16933800,37.223486
2015-11-20,39.099998,39.77,38.57,39.259998,2794200,38.856527
2015-11-19,37.650002,38.959999,37.50,38.459999,2054700,38.064749
2015-11-18,37.57,38.060001,37.23,37.810001,2284200,37.421431
2015-11-17,38.299999,38.299999,36.900002,37.16,2598800,36.77811
2015-11-16,37.00,38.189999,36.950001,38.09,2570000,37.698553
2015-11-13,39.939999,40.099998,37.07,37.18,9515200,36.797905
2015-11-12,44.459999,44.799999,43.869999,44.529999,1886500,44.072368
2015-11-11,46.080002,46.299999,44.43,44.580002,1881300,44.121857
2015-11-10,45.439999,46.209999,45.25,45.939999,1518200,45.467877
2015-11-09,46.77,46.82,45.43,45.50,1523300,45.0324
2015-11-06,46.75,47.48,46.349998,46.82,1919200,46.338835
2015-11-05,46.950001,47.16,46.299999,46.939999,986900,46.4576
2015-11-04,46.73,47.110001,46.619999,46.849998,1308900,46.368525
2015-11-03,46.299999,46.799999,46.07,46.75,1428300,46.269554
2015-11-02,46.029999,46.490002,45.57,46.18,955300,45.705412
2015-10-30,45.919998,46.549999,45.57,46.07,1219800,45.596542
2015-10-29,45.639999,46.18,45.369999,45.709999,746100,45.240241
2015-10-28,44.459999,45.689999,44.290001,45.549999,908000,45.081886
2015-10-27,44.720001,44.91,43.549999,44.25,1146000,43.795247
2015-10-26,45.369999,45.529999,44.349998,44.669998,1464100,44.210928
2015-10-23,47.619999,47.619999,45.09,45.349998,2302100,44.88394
2015-10-22,46.18,47.27,45.59,46.98,1565500,46.49719
2015-10-21,45.279999,46.209999,45.130001,46.040001,1157900,45.566852
2015-10-20,44.779999,45.619999,44.73,45.099998,1536200,44.63651
2015-10-19,44.459999,44.939999,44.009998,44.720001,761600,44.260418
2015-10-16,44.279999,44.490002,43.59,44.459999,898500,44.003088
2015-10-15,43.259998,43.970001,42.849998,43.93,880500,43.478535
2015-10-14,43.459999,43.720001,42.73,43.049999,756900,42.607578
2015-10-13,43.709999,44.16,43.400002,43.52,810500,43.072749
2015-10-12,44.279999,44.639999,43.84,43.939999,747900,43.488431
2015-10-09,43.720001,44.459999,43.459999,44.41,956200,43.953602
2015-10-08,43.040001,44.34,43.040001,43.98,1134100,43.528021
2015-10-07,43.43,43.810001,42.619999,43.439999,1225400,42.99357
2015-10-06,42.439999,43.48,42.41,43.34,1879500,42.894599
2015-10-05,41.599998,42.639999,41.529999,42.48,1917900,42.043436
2015-10-02,40.279999,41.549999,40.009998,41.50,1491600,41.073508
2015-10-01,41.299999,41.630001,39.810001,40.52,1958400,40.10358
2015-09-30,41.009998,41.32,40.610001,41.209999,1716600,40.786487
2015-09-29,40.200001,40.91,39.66,40.43,2108000,40.014505
2015-09-28,40.84,41.07,39.939999,40.299999,1713200,39.88584
2015-09-25,41.310001,41.860001,40.450001,41.00,1665700,40.578647
2015-09-24,40.740002,41.490002,40.610001,41.200001,1364200,40.776592
2015-09-23,41.220001,41.580002,40.650002,41.080002,785200,40.657826
2015-09-22,41.259998,41.759998,41.009998,41.349998,1000700,40.925048
2015-09-21,42.720001,42.830002,41.439999,41.720001,1655000,41.291248
2015-09-18,43.150002,43.580002,42.23,42.27,2062600,41.835595
2015-09-17,43.990002,44.43,42.869999,43.610001,1699100,43.161824
2015-09-16,42.950001,44.150002,42.900002,43.98,1539800,43.528021
2015-09-15,43.259998,43.32,42.759998,43.00,1124600,42.558093
2015-09-14,42.84,43.200001,42.259998,43.169998,1409700,42.726344
2015-09-11,42.23,42.869999,41.68,42.779999,1515400,42.340352
2015-09-10,41.66,42.889999,41.50,42.349998,1433300,41.914771
2015-09-09,42.029999,42.240002,41.650002,41.790001,1468700,41.360529
2015-09-08,41.970001,41.970001,40.759998,41.790001,2177000,41.360529
2015-09-04,41.200001,41.560001,40.709999,41.25,1531900,40.826077
2015-09-03,42.00,42.779999,41.540001,41.709999,2093200,40.92505
2015-09-02,41.68,42.080002,41.119999,41.810001,2536900,41.02317
2015-09-01,41.529999,42.150002,40.720001,41.18,2338600,40.405025
2015-08-31,42.27,42.610001,41.549999,42.48,2465300,41.680559
2015-08-28,44.66,44.939999,41.540001,42.490002,8430500,41.690373
2015-08-27,46.209999,47.00,45.439999,46.200001,2919900,45.330553
2015-08-26,44.68,45.529999,44.029999,45.360001,3783600,44.506361
2015-08-25,44.080002,44.68,43.27,43.889999,4730100,43.064024
2015-08-24,41.860001,44.150002,38.66,42.959999,2312700,42.151526
2015-08-21,44.77,46.110001,44.639999,44.830002,2025200,43.986336
2015-08-20,45.66,46.00,45.189999,45.23,1508000,44.378807
2015-08-19,46.830002,47.169998,45.740002,46.450001,1754000,45.575848
2015-08-18,47.040001,47.709999,46.900002,46.990002,1619000,46.105687
2015-08-17,47.439999,47.470001,46.459999,46.950001,1085600,46.066439
2015-08-14,46.549999,47.830002,46.549999,47.439999,2436900,46.547215
2015-08-13,45.650002,46.869999,45.59,46.099998,1101600,45.232433
2015-08-12,45.330002,45.889999,44.630001,45.619999,1276100,44.761466
2015-08-11,45.43,45.799999,45.00,45.720001,1247200,44.859587
2015-08-10,45.880001,46.040001,45.34,45.810001,1216200,44.947893
2015-08-07,45.34,45.41,44.650002,45.169998,947100,44.319934
2015-08-06,46.220001,46.32,44.919998,45.349998,1111700,44.496547
2015-08-05,45.68,46.630001,45.639999,46.389999,1241900,45.516976
2015-08-04,44.709999,45.650002,44.509998,45.57,1803100,44.712408
2015-08-03,45.98,46.18,44.84,44.950001,1205300,44.104077
2015-07-31,46.259998,46.470001,45.630001,45.849998,1095800,44.987138
2015-07-30,45.75,46.450001,45.43,46.16,933600,45.291305
2015-07-29,45.439999,45.889999,45.189999,45.869999,1001200,45.006762
2015-07-28,45.50,45.740002,44.73,45.279999,1232400,44.427865
2015-07-27,45.400002,45.82,44.900002,45.32,1573800,44.467113
2015-07-24,47.00,47.080002,45.330002,45.490002,2030700,44.633916
2015-07-23,47.23,47.619999,46.59,46.939999,962300,46.056625
2015-07-22,46.77,47.52,46.400002,47.200001,1626700,46.311734
2015-07-21,46.720001,46.959999,46.23,46.939999,1276500,46.056625
2015-07-20,46.50,46.950001,46.150002,46.830002,1318300,45.948698