2015-12-16,3.86,4.03,3.83,3.99,7426700,3.99
2015-12-15,3.74,3.87,3.73,3.80,4892800,3.80
2015-12-14,3.82,3.87,3.64,3.66,7468900,3.66
2015-12-11,3.98,3.98,3.79,3.81,7091400,3.81
2015-12-10,4.00,4.12,3.95,4.04,5676500,4.04
2015-12-09,4.17,4.30,3.95,3.98,12031100,3.98
2015-12-08,4.44,4.48,4.16,4.18,10295500,4.18
2015-12-07,4.60,4.61,4.38,4.50,7486300,4.50
2015-12-04,4.73,4.74,4.55,4.59,6255800,4.59
2015-12-03,4.78,4.88,4.66,4.71,8246100,4.71
2015-12-02,4.94,5.00,4.71,4.71,7813000,4.71
2015-12-01,5.06,5.08,4.93,4.96,5378200,4.96
2015-11-30,4.98,5.08,4.92,5.05,4494600,5.05
2015-11-27,5.09,5.11,4.90,4.97,2593600,4.97
2015-11-25,5.08,5.16,5.05,5.10,3867900,5.10
2015-11-24,5.00,5.15,4.96,5.10,7311900,5.10
2015-11-23,5.05,5.11,5.00,5.03,9996000,5.03
2015-11-20,4.78,5.08,4.78,5.06,8784000,5.06
2015-11-19,4.71,4.84,4.64,4.78,6991100,4.78
2015-11-18,4.67,4.84,4.64,4.72,10858900,4.72
2015-11-17,4.82,4.82,4.63,4.63,85663900,4.63
2015-11-16,4.62,4.85,4.58,4.84,7316700,4.84
2015-11-13,4.60,4.75,4.57,4.68,7486900,4.68
2015-11-12,4.69,4.75,4.59,4.61,7115300,4.61
2015-11-11,4.78,4.80,4.65,4.74,4810700,4.74
2015-11-10,4.75,4.82,4.64,4.76,7254900,4.76
2015-11-09,4.74,4.86,4.72,4.75,6704300,4.75
2015-11-06,4.50,4.80,4.46,4.73,12265100,4.73
2015-11-05,4.51,4.61,4.42,4.42,9792900,4.42
2015-11-04,4.72,4.85,4.44,4.53,16929300,4.53
2015-11-03,4.84,4.95,4.83,4.85,7278000,4.85
2015-11-02,4.65,4.88,4.65,4.87,6624800,4.87
2015-10-30,5.05,5.07,4.55,4.68,15042900,4.68
2015-10-29,5.26,5.36,5.19,5.22,5504800,5.22
2015-10-28,4.79,5.29,4.78,5.27,9410500,5.27
2015-10-27,4.82,4.87,4.60,4.78,6882100,4.78
2015-10-26,4.95,4.98,4.82,4.88,4153100,4.88
2015-10-23,4.90,4.98,4.75,4.95,8041800,4.95
2015-10-22,4.98,5.09,4.81,4.83,6950000,4.83
2015-10-21,5.10,5.12,4.91,4.94,4027800,4.94
2015-10-20,5.01,5.13,4.93,5.07,7202500,5.07
2015-10-19,4.88,5.12,4.88,5.01,5090200,5.01
2015-10-16,5.28,5.32,4.77,5.06,13532900,5.06
2015-10-15,5.22,5.54,5.21,5.49,4736900,5.49
2015-10-14,5.23,5.29,5.12,5.19,3947000,5.19
2015-10-13,5.25,5.38,5.19,5.22,3929200,5.22
2015-10-12,5.42,5.43,5.20,5.29,4795400,5.29
2015-10-09,5.63,5.75,5.36,5.41,5444800,5.41
2015-10-08,5.47,5.65,5.38,5.64,6899500,5.64
2015-10-07,5.23,5.52,5.21,5.50,9277000,5.50
2015-10-06,4.88,5.18,4.86,5.18,8119500,5.18
2015-10-05,4.76,4.94,4.75,4.88,7095100,4.88
2015-10-02,4.54,4.72,4.46,4.71,6873900,4.71
2015-10-01,4.66,4.93,4.61,4.67,9811300,4.67
2015-09-30,4.66,4.74,4.58,4.62,5762500,4.62
2015-09-29,4.52,4.59,4.38,4.57,5116200,4.57
2015-09-28,4.88,4.91,4.49,4.51,6528300,4.51
2015-09-25,4.83,4.96,4.77,4.95,10176500,4.95
2015-09-24,4.56,4.75,4.43,4.75,10461700,4.75
2015-09-23,4.75,4.80,4.56,4.62,6404300,4.62
2015-09-22,4.79,4.84,4.69,4.73,7232600,4.73
2015-09-21,4.87,4.93,4.83,4.89,8287500,4.89
2015-09-18,4.96,4.97,4.75,4.82,12857200,4.82
2015-09-17,5.19,5.21,5.01,5.03,6513700,5.03
2015-09-16,5.08,5.22,5.06,5.21,3927900,5.21
2015-09-15,5.05,5.11,5.03,5.08,4014500,5.08
2015-09-14,5.09,5.13,4.99,5.01,3705800,5.01
2015-09-11,5.04,5.11,5.01,5.10,4130900,5.10
2015-09-10,5.05,5.15,5.01,5.09,5231400,5.09
2015-09-09,5.17,5.29,5.01,5.03,6738200,5.03
2015-09-08,5.10,5.13,4.96,5.11,6969800,5.11
2015-09-04,5.05,5.11,5.00,5.02,4626800,5.02
2015-09-03,5.13,5.31,5.03,5.14,6470100,5.14
2015-09-02,4.95,5.07,4.74,5.05,9455000,5.05
2015-09-01,5.05,5.16,4.78,4.85,11727500,4.85
2015-08-31,5.11,5.27,5.01,5.18,6866700,5.18
2015-08-28,5.00,5.25,5.00,5.17,8338000,5.17
2015-08-27,4.82,5.15,4.80,5.05,14020200,5.05
2015-08-26,4.54,4.68,4.42,4.65,8945200,4.65
2015-08-25,4.69,4.72,4.36,4.36,9144500,4.36
2015-08-24,4.34,4.66,4.23,4.38,11856700,4.38
2015-08-21,4.74,4.77,4.59,4.59,8553700,4.59
2015-08-20,4.96,5.01,4.73,4.77,7659000,4.77
2015-08-19,5.01,5.03,4.90,4.94,5969400,4.94
2015-08-18,5.25,5.26,4.97,5.03,5730200,5.03
2015-08-17,5.23,5.34,5.21,5.25,3508500,5.25
2015-08-14,5.22,5.30,5.21,5.29,3509900,5.29
2015-08-13,5.24,5.33,5.19,5.22,5633400,5.22
2015-08-12,5.15,5.28,5.07,5.27,6596200,5.27
2015-08-11,5.34,5.44,5.18,5.24,6691000,5.24
2015-08-10,4.95,5.50,4.90,5.47,21454100,5.47
2015-08-07,5.21,5.21,4.81,4.82,18929100,4.82
2015-08-06,5.68,5.68,5.08,5.22,25983200,5.22
2015-08-05,6.32,6.59,5.52,5.65,37530000,5.65
2015-08-04,6.97,7.05,6.88,7.02,7474100,7.02
2015-08-03,7.01,7.11,6.93,6.97,5159600,6.97
2015-07-31,7.07,7.14,6.98,7.01,4513600,7.01
2015-07-30,7.20,7.21,7.01,7.07,5342000,7.07
2015-07-29,7.16,7.31,7.09,7.21,2993900,7.21
2015-07-28,7.15,7.21,6.96,7.16,4652100,7.16
2015-07-27,7.17,7.18,7.02,7.05,5038100,7.05
2015-07-24,7.41,7.47,7.21,7.24,4029500,7.24
2015-07-23,7.46,7.51,7.36,7.43,6019100,7.43
2015-07-22,7.75,7.75,7.30,7.41,5845400,7.41
2015-07-21,7.59,7.75,7.58,7.64,2466400,7.64
2015-07-20,7.80,7.84,7.54,7.58,3536100,7.58