2015-12-16,750.00,760.590027,739.434998,758.090027,1980000,758.090027
2015-12-15,753.00,758.080017,743.01001,743.400024,2654600,743.400024
2015-12-14,741.789978,748.72998,724.169983,747.77002,2412500,747.77002
2015-12-11,741.159973,745.710022,736.75,738.869995,2217500,738.869995
2015-12-10,752.849976,755.849976,743.830017,749.460022,1984900,749.460022
2015-12-09,759.169983,764.22998,737.000977,751.609985,2695300,751.609985
2015-12-08,757.890015,764.799988,754.200012,762.369995,1827400,762.369995
2015-12-07,767.77002,768.72998,755.090027,763.25,1807300,763.25
2015-12-04,753.099976,768.48999,750.00,766.809998,2741500,766.809998
2015-12-03,766.01001,768.994995,745.630005,752.539978,2588900,752.539978
2015-12-02,768.900024,775.955017,758.960022,762.380005,2195700,762.380005
2015-12-01,747.109985,768.950012,746.700012,767.039978,2129900,767.039978
2015-11-30,748.809998,754.929993,741.27002,742.599976,2035300,742.599976
2015-11-27,748.460022,753.409973,747.48999,750.26001,838500,750.26001
2015-11-25,748.140015,752.00,746.059998,748.150024,1122100,748.150024
2015-11-24,752.00,755.278992,737.630005,748.280029,2333100,748.280029
2015-11-23,757.450012,762.708008,751.820007,755.97998,1414500,755.97998
2015-11-20,746.530029,757.919983,743.00,756.599976,2212300,756.599976
2015-11-19,738.73999,742.00,737.429993,738.409973,1327100,738.409973
2015-11-18,727.580017,741.409973,727.00,740.00,1684300,740.00
2015-11-17,729.289978,731.844971,723.026978,725.299988,1510900,725.299988
2015-11-16,715.599976,729.48999,711.330017,728.960022,1905900,728.960022
2015-11-13,729.169983,731.150024,716.72998,717.00,2075500,717.00
2015-11-12,731.00,737.799988,728.64502,731.22998,1837200,731.22998
2015-11-11,732.460022,741.00,730.22998,735.400024,1366400,735.400024
2015-11-10,724.400024,730.590027,718.50,728.320007,1608000,728.320007
2015-11-09,730.200012,734.710022,719.429993,724.890015,2069800,724.890015
2015-11-06,731.50,735.409973,727.01001,733.76001,1511600,733.76001
2015-11-05,729.469971,739.47998,729.469971,731.25,1861600,731.25
2015-11-04,722.00,733.099976,721.900024,728.109985,1706700,728.109985
2015-11-03,718.859985,724.650024,714.719971,722.159973,1565400,722.159973
2015-11-02,711.059998,721.619995,705.849976,721.109985,1886300,721.109985
2015-10-30,715.72998,718.00,710.049988,710.809998,1908800,710.809998
2015-10-29,710.50,718.26001,710.01001,716.919983,1456000,716.919983
2015-10-28,707.330017,712.97998,703.080017,712.950012,2178900,712.950012
2015-10-27,707.380005,713.619995,704.549988,708.48999,2245800,708.48999
2015-10-26,701.549988,719.150024,701.26001,712.780029,2716600,712.780029
2015-10-23,727.50,730.00,701.50,702.00,6653900,702.00
2015-10-22,646.700012,657.799988,644.01001,651.789978,4071000,651.789978
2015-10-21,654.150024,655.869995,641.72998,642.609985,1791100,642.609985
2015-10-20,664.039978,664.719971,644.195007,650.280029,2498200,650.280029
2015-10-19,661.179993,666.820007,659.580017,666.099976,1477300,666.099976
2015-10-16,664.109985,664.969971,657.200012,662.200012,1611100,662.200012
2015-10-15,654.659973,663.130005,654.460022,661.73999,1885700,661.73999
2015-10-14,653.210022,659.390015,648.849976,651.159973,1415500,651.159973
2015-10-13,643.150024,657.812012,643.150024,652.299988,1807700,652.299988
2015-10-12,642.090027,648.50,639.01001,646.669983,1275200,646.669983
2015-10-09,640.00,645.98999,635.317993,643.609985,1648700,643.609985
2015-10-08,641.359985,644.450012,625.559998,639.159973,2182100,639.159973
2015-10-07,649.23999,650.609009,632.150024,642.359985,2092700,642.359985
2015-10-06,638.840027,649.25,636.530029,645.440002,2236800,645.440002
2015-10-05,632.00,643.01001,627.00,641.469971,1803600,641.469971
2015-10-02,607.200012,627.340027,603.130005,626.909973,2684800,626.909973
2015-10-01,608.369995,612.090027,599.849976,611.289978,1867600,611.289978
2015-09-30,603.280029,608.76001,600.72998,608.419983,2413400,608.419983
2015-09-29,597.280029,605.00,590.219971,594.969971,2309500,594.969971
2015-09-28,610.340027,614.60498,589.380005,594.890015,3127700,594.890015
2015-09-25,629.77002,629.77002,611.00,611.969971,2174000,611.969971
2015-09-24,616.640015,627.320007,612.400024,625.799988,2240100,625.799988
2015-09-23,622.049988,628.929993,620.00,622.359985,1470900,622.359985
2015-09-22,627.00,627.549988,615.429993,622.690002,2562900,622.690002
2015-09-21,634.400024,636.48999,625.940002,635.440002,1788500,635.440002
2015-09-18,636.789978,640.00,627.02002,629.25,5133400,629.25
2015-09-17,637.789978,650.900024,635.02002,642.900024,2274700,642.900024
2015-09-16,635.469971,637.950012,632.320007,635.97998,1286500,635.97998
2015-09-15,626.700012,638.700012,623.780029,635.140015,2084400,635.140015
2015-09-14,625.700012,625.859985,619.429993,623.23999,1702300,623.23999
2015-09-11,619.75,625.780029,617.419983,625.77002,1373500,625.77002
2015-09-10,613.099976,624.159973,611.429993,621.349976,1905300,621.349976
2015-09-09,621.219971,626.52002,609.599976,612.719971,1702100,612.719971
2015-09-08,612.48999,616.309998,604.119995,614.659973,2279500,614.659973
2015-09-04,600.00,603.469971,595.25,600.700012,2089000,600.700012
2015-09-03,617.00,619.710022,602.820984,606.25,1759600,606.25
2015-09-02,605.590027,614.340027,599.710022,614.340027,2575600,614.340027
2015-09-01,602.359985,612.859985,594.099976,597.789978,3702100,597.789978
2015-08-31,627.539978,635.799988,617.679993,618.25,2176700,618.25
2015-08-28,632.820007,636.880005,624.559998,630.380005,1978700,630.380005
2015-08-27,639.400024,643.590027,622.00,637.609985,3491300,637.609985
2015-08-26,610.349976,631.710022,599.049988,628.619995,4235900,628.619995
2015-08-25,614.909973,617.450012,581.109985,582.059998,3538000,582.059998
2015-08-24,573.00,599.330017,565.049988,589.609985,5770300,589.609985
2015-08-21,639.780029,640.049988,612.330017,612.47998,4265200,612.47998
2015-08-20,655.460022,662.98999,642.900024,646.830017,2855300,646.830017
2015-08-19,656.599976,667.00,654.190002,660.900024,2134100,660.900024
2015-08-18,661.900024,664.00,653.460022,656.130005,1456100,656.130005
2015-08-17,656.799988,661.380005,651.23999,660.869995,1051700,660.869995
2015-08-14,655.01001,659.85498,652.659973,657.119995,1072100,657.119995
2015-08-13,659.322021,664.50,651.661011,656.450012,1810700,656.450012
2015-08-12,663.080017,665.00,652.289978,659.559998,2936700,659.559998
2015-08-11,669.200012,674.900024,654.27002,660.780029,5029200,660.780029
2015-08-10,639.47998,643.440002,631.249023,633.72998,1809200,633.72998
2015-08-07,640.22998,642.679993,629.710022,635.299988,1403900,635.299988
2015-08-06,645.00,645.379028,632.25,642.679993,1572600,642.679993
2015-08-05,634.330017,647.859985,633.159973,643.780029,2334300,643.780029
2015-08-04,628.419983,634.809998,627.159973,629.25,1490900,629.25
2015-08-03,625.340027,633.05603,625.340027,631.210022,1304500,631.210022
2015-07-31,631.380005,632.909973,625.50,625.609985,1706100,625.609985
2015-07-30,630.00,635.219971,622.049988,632.590027,1474200,632.590027
2015-07-29,628.799988,633.359985,622.650024,631.929993,1575100,631.929993
2015-07-28,632.830017,632.830017,623.309998,628.00,1727300,628.00
2015-07-27,621.00,634.299988,620.50,627.26001,2675400,627.26001
2015-07-24,647.00,648.169983,622.52002,623.559998,3625700,623.559998
2015-07-23,661.27002,663.630005,641.00,644.280029,3029100,644.280029
2015-07-22,660.890015,678.640015,659.00,662.099976,3929300,662.099976
2015-07-21,655.210022,673.00,654.299988,662.299988,3377200,662.299988
2015-07-20,659.23999,668.880005,653.01001,663.02002,5860900,663.02002