2015-12-16,36.84,37.060001,35.650002,35.860001,21244300,35.860001
2015-12-15,37.080002,39.669998,35.50,37.099998,24575700,37.099998
2015-12-14,36.830002,37.450001,36.029999,36.549999,20039400,36.549999
2015-12-11,37.740002,37.889999,36.889999,36.959999,13019000,36.959999
2015-12-10,38.009998,38.779999,37.68,38.150002,15298500,38.150002
2015-12-09,36.599998,38.310001,36.48,38.299999,21179000,38.299999
2015-12-08,35.709999,37.369999,35.580002,36.27,16871100,36.27
2015-12-07,36.990002,37.099998,35.889999,36.57,18434900,36.57
2015-12-04,37.509998,38.040001,36.91,37.900002,13030400,37.900002
2015-12-03,39.240002,39.380001,37.610001,38.009998,14444100,38.009998
2015-12-02,39.880001,40.52,38.900002,38.950001,13468900,38.950001
2015-12-01,39.50,40.419998,39.400002,40.400002,9062000,40.400002
2015-11-30,39.240002,40.150002,39.080002,39.849998,11273700,39.669998
2015-11-27,38.93,39.349998,38.759998,39.130001,3766800,38.953252
2015-11-25,39.330002,40.00,39.009998,39.310001,5823400,39.13244
2015-11-24,38.630001,40.240002,38.549999,39.740002,11009900,39.560498
2015-11-23,37.709999,38.450001,37.580002,38.349998,6498600,38.176773
2015-11-20,38.150002,38.32,37.549999,38.00,9753800,37.828356
2015-11-19,38.549999,39.07,37.849998,38.040001,8808600,37.868176
2015-11-18,38.400002,39.25,38.299999,38.880001,13758200,38.704382
2015-11-17,38.43,38.57,38.02,38.110001,11371700,37.937859
2015-11-16,37.43,38.59,37.169998,38.490002,9486500,38.316144
2015-11-13,37.299999,38.049999,36.77,37.389999,9423100,37.22111
2015-11-12,37.450001,38.330002,37.18,37.490002,8940600,37.320661
2015-11-11,38.84,38.84,37.439999,38.099998,10686300,37.927902
2015-11-10,39.02,39.490002,38.650002,38.91,8684300,38.734245
2015-11-09,39.040001,39.459999,38.599998,39.099998,8446100,38.923385
2015-11-06,37.900002,39.389999,37.77,39.349998,12261000,39.172256
2015-11-05,38.82,39.52,38.169998,38.41,15071000,38.236503
2015-11-04,40.00,40.139999,38.68,39.209999,14661600,39.032889
2015-11-03,39.470001,40.310001,39.299999,40.049999,14462900,39.869095
2015-11-02,38.209999,39.439999,38.18,39.290001,9822700,39.11253
2015-10-30,38.330002,38.740002,37.700001,38.380001,9626200,38.20664
2015-10-29,38.119999,38.689999,37.68,38.189999,8423400,38.017496
2015-10-28,37.790001,38.91,37.27,38.27,13206100,38.097136
2015-10-27,37.77,38.599998,37.459999,37.48,11611700,37.310704
2015-10-26,39.060001,39.209999,38.439999,38.549999,9832900,38.37587
2015-10-23,39.310001,40.00,38.900002,39.209999,16021100,39.032889
2015-10-22,38.919998,39.98,38.830002,39.709999,17261400,39.530631
2015-10-21,37.93,39.200001,37.400002,38.400002,13313300,38.22655
2015-10-20,37.400002,37.919998,37.189999,37.68,11762400,37.509801
2015-10-19,37.310001,37.779999,36.830002,37.360001,12286800,37.191247
2015-10-16,39.029999,39.099998,37.119999,37.810001,18733700,37.639215
2015-10-15,38.619999,39.279999,38.00,39.259998,8811400,39.082663
2015-10-14,38.560001,38.919998,38.080002,38.720001,6361800,38.545105
2015-10-13,38.610001,39.459999,38.259998,38.470001,6576600,38.296234
2015-10-12,39.720001,39.810001,38.450001,38.869999,7424800,38.694425
2015-10-09,40.580002,40.790001,39.32,39.650002,11644700,39.470904
2015-10-08,39.48,40.540001,38.720001,40.41,11382000,40.22747
2015-10-07,39.720001,41.279999,39.240002,39.860001,16782100,39.679955
2015-10-06,38.009998,39.560001,37.639999,39.040001,13680100,38.863659
2015-10-05,37.200001,38.110001,36.950001,37.709999,13060600,37.539665
2015-10-02,34.66,36.84,34.41,36.799999,13385500,36.633775
2015-10-01,35.869999,36.189999,34.450001,34.91,14620300,34.752313
2015-09-30,35.009998,35.959999,34.610001,35.349998,13868900,35.190324
2015-09-29,35.049999,35.689999,34.360001,34.68,12185100,34.523352
2015-09-28,36.200001,36.23,34.720001,34.93,13185700,34.772223
2015-09-25,37.32,37.380001,36.360001,36.700001,10576500,36.534228
2015-09-24,36.93,37.439999,36.400002,37.00,12938200,36.832873
2015-09-23,37.689999,37.799999,37.099998,37.299999,7907000,37.131517
2015-09-22,36.720001,38.02,36.59,37.459999,11490900,37.290794
2015-09-21,37.75,38.009998,37.189999,37.450001,11498500,37.280841
2015-09-18,37.91,38.040001,37.150002,37.380001,14347600,37.211157
2015-09-17,38.580002,39.52,38.130001,38.700001,12144700,38.525194
2015-09-16,37.419998,39.099998,37.150002,38.650002,12643300,38.475421
2015-09-15,37.119999,37.299999,36.610001,37.009998,11837700,36.842826
2015-09-14,37.119999,37.360001,36.610001,36.880001,8653000,36.713416
2015-09-11,37.580002,37.580002,36.529999,37.200001,12276700,37.03197
2015-09-10,37.139999,37.889999,36.240002,37.580002,12533500,37.410254
2015-09-09,38.330002,39.02,37.049999,37.150002,11131200,36.982196
2015-09-08,37.299999,38.040001,36.889999,37.950001,14942700,37.778582
2015-09-04,37.389999,37.790001,36.759998,36.849998,10000500,36.683549
2015-09-03,38.459999,39.130001,37.560001,38.080002,15369000,37.907996
2015-09-02,38.75,38.860001,37.279999,38.169998,11072100,37.997586
2015-09-01,38.099998,38.73,37.549999,37.950001,15096900,37.778582
2015-08-31,37.779999,39.799999,37.360001,39.349998,14148100,39.172256
2015-08-28,37.57,39.150002,37.560001,38.59,14974800,38.236505
2015-08-27,35.68,38.16,35.470001,38.040001,21762400,37.691544
2015-08-26,34.18,35.240002,33.630001,34.43,19270000,34.114612
2015-08-25,35.290001,35.290001,33.470001,33.470001,14726600,33.163407
2015-08-24,33.00,35.700001,30.93,33.560001,24757800,33.252582
2015-08-21,37.23,37.77,35.34,35.689999,28078600,35.363068
2015-08-20,39.130001,39.689999,37.66,37.700001,17242900,37.354658
2015-08-19,40.369999,40.849998,39.029999,39.299999,15540700,38.94
2015-08-18,41.130001,41.73,40.810001,41.009998,9655800,40.634335
2015-08-17,41.630001,41.869999,40.889999,41.290001,9184900,40.911773
2015-08-14,41.709999,42.639999,41.689999,41.990002,9011700,41.605361
2015-08-13,42.34,42.439999,41.59,41.759998,11117600,41.377465
2015-08-12,41.830002,43.02,40.810001,42.709999,17473600,42.318764
2015-08-11,40.57,42.00,40.439999,41.950001,12541500,41.565727
2015-08-10,39.860001,41.700001,39.82,41.619999,10614100,41.238748
2015-08-07,40.580002,41.080002,39.580002,39.759998,7808000,39.395786
2015-08-06,40.57,41.00,39.799999,40.849998,11875600,40.475801
2015-08-05,40.040001,40.98,39.860001,40.610001,14681700,40.238002
2015-08-04,40.349998,40.799999,39.369999,39.599998,14913000,39.237251
2015-08-03,41.299999,41.34,39.91,40.119999,19219500,39.752488
2015-07-31,42.07,42.400002,41.689999,41.790001,8715400,41.407193
2015-07-30,43.279999,43.709999,42.169998,42.290001,10686100,41.902613
2015-07-29,41.50,43.389999,41.50,43.290001,16896100,42.893452
2015-07-28,41.310001,42.00,40.25,41.919998,16038500,41.535999
2015-07-27,40.919998,41.330002,40.240002,40.98,12239400,40.604611
2015-07-24,42.419998,42.610001,41.240002,41.720001,11780200,41.337834
2015-07-23,42.189999,42.970001,41.689999,42.330002,16688700,41.942247
2015-07-22,41.849998,42.889999,39.32,41.540001,47543000,41.159483
2015-07-21,40.779999,42.59,40.740002,41.860001,22068200,41.476551
2015-07-20,40.439999,41.599998,40.439999,40.720001,19223300,40.346995