2015-12-16,93.220001,95.379997,91.75,95.080002,823000,95.080002
2015-12-15,91.800003,94.260002,91.199997,91.959999,854400,91.959999
2015-12-14,91.389999,92.120003,88.339996,90.019997,1000800,90.019997
2015-12-11,93.309998,93.660004,91.160004,91.389999,835000,91.389999
2015-12-10,95.489998,96.589996,94.449997,95.089996,628900,95.089996
2015-12-09,96.400002,97.690002,93.809998,95.480003,846700,95.480003
2015-12-08,95.169998,97.260002,94.32,96.870003,919700,96.870003
2015-12-07,99.18,100.040001,96.889999,97.980003,945000,97.980003
2015-12-04,100.949997,102.529999,99.720001,99.75,904500,99.75
2015-12-03,102.440002,103.519997,100.00,100.599998,456100,100.599998
2015-12-02,104.360001,105.660004,101.919998,102.230003,524100,102.230003
2015-12-01,103.709999,104.480003,102.110001,103.82,392300,103.82
2015-11-30,102.709999,103.779999,102.019997,103.160004,413300,103.160004
2015-11-27,104.550003,104.690002,102.720001,102.879997,164500,102.879997
2015-11-25,103.32,106.379997,103.019997,104.230003,383900,104.230003
2015-11-24,100.68,104.150002,100.589996,103.57,385500,103.57
2015-11-23,101.099998,102.849998,100.709999,101.879997,321000,101.879997
2015-11-20,101.260002,101.940002,100.650002,100.879997,815000,100.879997
2015-11-19,101.540001,102.160004,100.25,100.839996,516700,100.839996
2015-11-18,100.00,102.190002,99.57,101.639999,637800,101.639999
2015-11-17,101.360001,101.790001,99.160004,99.50,566800,99.50
2015-11-16,98.559998,101.120003,98.330002,101.120003,497000,101.120003
2015-11-13,100.389999,101.169998,98.650002,98.849998,706500,98.849998
2015-11-12,102.540001,102.879997,99.07,99.419998,855400,99.419998
2015-11-11,105.949997,106.040001,103.300003,103.489998,544800,103.489998
2015-11-10,107.150002,107.589996,102.949997,105.309998,943800,105.309998
2015-11-09,109.57,109.959999,107.269997,107.540001,645400,107.540001
2015-11-06,109.639999,110.900002,109.639999,109.900002,756800,109.900002
2015-11-05,109.650002,110.730003,109.18,110.379997,506600,110.379997
2015-11-04,111.099998,111.839996,109.160004,110.18,521400,109.829999
2015-11-03,110.230003,111.800003,109.529999,111.029999,639700,110.677298
2015-11-02,109.940002,111.610001,109.440002,110.529999,877100,110.178886
2015-10-30,109.360001,110.769997,107.489998,109.959999,971900,109.610697
2015-10-29,107.739998,112.68,99.220001,108.769997,2692600,108.424475
2015-10-28,106.019997,107.949997,104.989998,106.669998,1161100,106.331147
2015-10-27,107.360001,107.360001,105.629997,105.760002,783400,105.424042
2015-10-26,108.300003,108.620003,107.25,107.739998,647200,107.397748
2015-10-23,106.709999,108.580002,105.139999,108.199997,814100,107.856286
2015-10-22,104.370003,105.529999,103.330002,104.989998,774300,104.656484
2015-10-21,104.540001,104.900002,103.029999,103.309998,496100,102.98182
2015-10-20,104.980003,105.440002,102.860001,103.760002,711100,103.430395
2015-10-19,105.940002,106.580002,104.879997,105.00,641100,104.666454
2015-10-16,105.720001,106.709999,103.779999,106.160004,305500,105.822773
2015-10-15,103.620003,105.309998,102.019997,105.190002,472900,104.855853
2015-10-14,105.309998,106.970001,103.209999,103.489998,626500,103.161248
2015-10-13,106.029999,107.82,105.110001,105.220001,486700,104.885756
2015-10-12,106.610001,107.00,105.379997,106.510002,516000,106.171659
2015-10-09,107.82,107.940002,106.169998,106.93,489800,106.590323
2015-10-08,104.709999,107.980003,104.540001,107.230003,998600,106.889373
2015-10-07,103.220001,105.779999,102.139999,105.330002,1016800,104.995407
2015-10-06,104.669998,106.150002,103.110001,104.25,609300,103.918836
2015-10-05,101.07,104.989998,101.07,104.610001,923400,104.277693
2015-10-02,97.040001,100.360001,96.400002,100.309998,823500,99.99135
2015-10-01,96.529999,99.00,95.830002,98.809998,1102500,98.496115
2015-09-30,93.370003,96.230003,93.370003,95.989998,903600,95.685073
2015-09-29,91.669998,92.160004,89.760002,91.989998,911100,91.69778
2015-09-28,93.610001,94.230003,91.379997,91.50,732600,91.209338
2015-09-25,96.790001,97.150002,93.959999,94.57,476900,94.269586
2015-09-24,94.040001,96.169998,92.00,95.75,1137700,95.445838
2015-09-23,96.900002,97.599998,94.839996,95.230003,591600,94.927493
2015-09-22,98.419998,99.019997,96.019997,96.800003,854100,96.492505
2015-09-21,100.830002,102.519997,100.050003,100.660004,555400,100.340244
2015-09-18,101.00,102.260002,100.050003,100.809998,936500,100.489762
2015-09-17,102.190002,104.940002,101.089996,102.580002,654400,102.254143
2015-09-16,100.019997,102.849998,99.940002,102.18,613500,101.855412
2015-09-15,97.309998,101.419998,97.029999,100.550003,747300,100.230593
2015-09-14,97.669998,98.160004,96.370003,96.919998,465900,96.612119
2015-09-11,96.440002,98.150002,96.110001,97.889999,628900,97.579039
2015-09-10,97.68,98.830002,96.580002,97.089996,743900,96.781577
2015-09-09,101.779999,103.050003,97.239998,97.580002,650700,97.270026
2015-09-08,98.279999,100.959999,97.620003,100.839996,725900,100.519665
2015-09-04,95.669998,97.419998,94.970001,95.940002,668600,95.635237
2015-09-03,97.199997,98.489998,96.690002,97.690002,1005800,97.379677
2015-09-02,96.199997,97.32,94.480003,96.910004,783500,96.602156
2015-09-01,95.660004,96.010002,93.300003,94.949997,1576600,94.648376
2015-08-31,98.559998,100.300003,97.559998,97.739998,683000,97.429514
2015-08-28,99.449997,99.93,98.349998,99.550003,830100,99.23377
2015-08-27,98.900002,101.260002,97.849998,99.849998,1027700,99.532812
2015-08-26,95.989998,97.480003,93.410004,97.300003,1052900,96.990917
2015-08-25,94.709999,98.639999,93.190002,93.330002,1473000,93.033527
2015-08-24,87.440002,95.110001,84.410004,91.769997,1622200,91.478477
2015-08-21,97.900002,98.849998,93.980003,94.769997,1951800,94.468947
2015-08-20,103.32,104.120003,99.769997,99.800003,1318900,99.482975
2015-08-19,106.440002,107.150002,103.589996,104.889999,657000,104.556803
2015-08-18,108.360001,109.839996,106.529999,107.360001,501000,107.018958
2015-08-17,107.010002,108.120003,106.040001,107.940002,558900,107.597117
2015-08-14,108.419998,108.940002,106.879997,107.82,656800,107.477495
2015-08-13,111.050003,111.050003,107.900002,108.00,772800,107.656924
2015-08-12,110.32,111.00,108.529999,110.459999,906200,110.109109
2015-08-11,116.860001,117.059998,111.709999,111.959999,1693100,111.255455
2015-08-10,116.349998,118.68,115.650002,118.25,1126600,117.505874
2015-08-07,110.790001,116.589996,109.800003,116.089996,1494200,115.359463
2015-08-06,118.459999,119.190002,109.139999,111.00,2543300,110.301497
2015-08-05,110.970001,118.199997,110.940002,118.010002,2056800,117.267386
2015-08-04,114.870003,117.580002,110.050003,110.419998,1469200,109.725145
2015-08-03,108.309998,110.360001,106.050003,109.910004,1294900,109.21836
2015-07-31,109.75,109.779999,107.540001,107.660004,742800,106.982519
2015-07-30,109.089996,109.589996,108.239998,109.059998,476200,108.373703
2015-07-29,107.550003,109.900002,107.529999,109.629997,558000,108.940115
2015-07-28,105.199997,107.82,104.769997,107.519997,860100,106.843393
2015-07-27,107.360001,107.989998,103.220001,104.160004,1335800,103.504544
2015-07-24,110.690002,111.610001,107.790001,108.50,794600,107.817229
2015-07-23,109.739998,112.529999,109.18,111.199997,1036900,110.500235
2015-07-22,109.080002,110.150002,108.199997,108.870003,700700,108.184903
2015-07-21,106.589996,109.720001,106.010002,109.25,1261700,108.562509
2015-07-20,107.800003,107.860001,105.199997,106.040001,1066300,105.37271