2015-12-16,11.30,11.39,11.06,11.33,12645000,11.33
2015-12-15,11.01,11.29,10.97,11.23,11043900,11.23
2015-12-14,10.88,10.96,10.68,10.84,13299700,10.84
2015-12-11,10.96,11.07,10.76,10.82,10551000,10.82
2015-12-10,10.94,11.22,10.91,11.09,12855200,11.09
2015-12-09,11.21,11.33,10.98,11.06,11626000,11.06
2015-12-08,11.47,11.51,11.20,11.23,14810800,11.23
2015-12-07,11.69,11.75,11.52,11.56,12338500,11.56
2015-12-04,11.51,11.78,11.43,11.75,15292700,11.75
2015-12-03,11.70,11.80,11.39,11.43,10687200,11.43
2015-12-02,11.85,11.87,11.66,11.67,7828300,11.67
2015-12-01,11.75,11.85,11.66,11.80,7446800,11.80
2015-11-30,11.76,11.79,11.62,11.69,8299700,11.69
2015-11-27,11.66,11.76,11.60,11.76,4223600,11.76
2015-11-25,11.70,11.75,11.61,11.66,4402800,11.66
2015-11-24,11.57,11.70,11.54,11.66,6624000,11.66
2015-11-23,11.68,11.76,11.61,11.65,5793500,11.65
2015-11-20,11.77,11.79,11.60,11.67,7611100,11.67
2015-11-19,11.73,11.75,11.62,11.73,6810300,11.73
2015-11-18,11.52,11.72,11.47,11.71,9609400,11.71
2015-11-17,11.47,11.60,11.37,11.47,8573900,11.47
2015-11-16,11.19,11.42,11.17,11.42,7790500,11.42
2015-11-13,11.38,11.41,11.20,11.22,8240200,11.22
2015-11-12,11.49,11.55,11.32,11.32,8441900,11.32
2015-11-11,11.68,11.69,11.52,11.55,6584300,11.55
2015-11-10,11.54,11.65,11.47,11.61,4780400,11.61
2015-11-09,11.69,11.73,11.48,11.57,7652900,11.57
2015-11-06,11.52,11.75,11.50,11.65,11338600,11.65
2015-11-05,11.21,11.42,11.21,11.33,8479900,11.33
2015-11-04,11.16,11.26,11.12,11.20,5944800,11.20
2015-11-03,11.06,11.24,11.05,11.13,7410600,11.13
2015-11-02,11.04,11.16,11.00,11.11,8979600,11.11
2015-10-30,11.31,11.32,10.92,10.97,10364500,10.97
2015-10-29,11.32,11.44,11.25,11.30,10117000,11.30
2015-10-28,10.96,11.35,10.91,11.35,10597100,11.35
2015-10-27,10.91,11.03,10.84,10.90,10118400,10.90
2015-10-26,11.09,11.13,10.87,10.97,9644400,10.97
2015-10-23,10.97,11.14,10.92,11.13,12389600,11.13
2015-10-22,10.50,11.04,10.48,10.87,14853100,10.87
2015-10-21,10.84,10.93,10.57,10.62,12486100,10.62
2015-10-20,10.74,10.86,10.67,10.82,7953900,10.82
2015-10-19,10.65,10.77,10.65,10.70,6545100,10.70
2015-10-16,10.77,10.80,10.65,10.70,8520500,10.70
2015-10-15,10.62,10.74,10.54,10.72,10919000,10.72
2015-10-14,10.66,10.78,10.48,10.53,9011800,10.53
2015-10-13,10.83,10.87,10.73,10.74,5441100,10.74
2015-10-12,10.79,10.87,10.73,10.86,3605200,10.86
2015-10-09,10.87,10.99,10.75,10.79,4400600,10.79
2015-10-08,10.84,10.96,10.80,10.92,7009100,10.92
2015-10-07,10.86,10.96,10.76,10.90,7448100,10.90
2015-10-06,10.73,10.82,10.69,10.77,6130100,10.77
2015-10-05,10.64,10.81,10.64,10.78,6747900,10.78
2015-10-02,10.42,10.58,10.21,10.58,11686800,10.58
2015-10-01,10.62,10.70,10.53,10.69,10751800,10.69
2015-09-30,10.50,10.61,10.40,10.60,10269700,10.60
2015-09-29,10.28,10.45,10.21,10.44,14830800,10.44
2015-09-28,10.47,10.49,10.26,10.29,7364600,10.29
2015-09-25,10.45,10.55,10.41,10.49,7981600,10.49
2015-09-24,10.27,10.34,10.16,10.32,7808300,10.32
2015-09-23,10.32,10.46,10.28,10.36,8464100,10.36
2015-09-22,10.34,10.42,10.25,10.33,6864600,10.33
2015-09-21,10.42,10.56,10.40,10.52,9817400,10.52
2015-09-18,10.55,10.59,10.34,10.36,14841100,10.36
2015-09-17,11.02,11.05,10.65,10.69,15629200,10.69
2015-09-16,10.90,11.04,10.82,11.04,9061900,11.04
2015-09-15,10.83,10.96,10.81,10.94,5694500,10.94
2015-09-14,10.79,10.90,10.74,10.86,6779800,10.80
2015-09-11,10.74,10.81,10.67,10.81,6583200,10.750277
2015-09-10,10.70,10.89,10.64,10.82,7077900,10.760221
2015-09-09,10.99,10.99,10.67,10.71,8412900,10.650829
2015-09-08,10.78,10.85,10.65,10.84,6747100,10.780111
2015-09-04,10.60,10.65,10.45,10.55,6631000,10.491713
2015-09-03,10.61,10.82,10.58,10.71,6348700,10.650829
2015-09-02,10.60,10.66,10.42,10.59,7884100,10.531492
2015-09-01,10.70,10.73,10.41,10.45,9841500,10.392265
2015-08-31,10.84,10.95,10.77,10.91,6308500,10.849723
2015-08-28,10.85,10.95,10.77,10.91,9609000,10.849723
2015-08-27,10.69,10.87,10.62,10.86,13179800,10.80
2015-08-26,10.45,10.59,10.25,10.58,12418600,10.521547
2015-08-25,10.73,10.76,10.21,10.21,14236900,10.153591
2015-08-24,10.44,10.79,10.00,10.44,17275200,10.38232
2015-08-21,11.20,11.25,11.00,11.00,12415200,10.939226
2015-08-20,11.51,11.54,11.32,11.32,7810400,11.257458
2015-08-19,11.83,11.84,11.64,11.64,10887600,11.575691
2015-08-18,11.76,11.86,11.76,11.84,7234900,11.774586
2015-08-17,11.69,11.88,11.61,11.79,8604000,11.724862
2015-08-14,11.66,11.82,11.61,11.80,6390400,11.734807
2015-08-13,11.49,11.65,11.45,11.62,7866800,11.555801
2015-08-12,11.60,11.67,11.33,11.51,9865000,11.446409
2015-08-11,11.80,11.84,11.59,11.64,10487300,11.575691
2015-08-10,11.62,11.83,11.62,11.83,7147900,11.764641
2015-08-07,11.71,11.79,11.53,11.60,9609600,11.535912
2015-08-06,11.82,11.84,11.68,11.73,5621100,11.665193
2015-08-05,11.70,11.84,11.68,11.77,8733600,11.704973
2015-08-04,11.73,11.83,11.66,11.67,7781700,11.605525
2015-08-03,11.70,11.71,11.58,11.70,8219700,11.635359
2015-07-31,11.78,11.78,11.65,11.67,8886500,11.605525
2015-07-30,11.68,11.77,11.65,11.77,8228800,11.704973
2015-07-29,11.70,11.77,11.63,11.73,9866300,11.665193
2015-07-28,11.70,11.73,11.59,11.69,7266800,11.625414
2015-07-27,11.70,11.73,11.58,11.60,7186500,11.535912
2015-07-24,11.79,11.84,11.69,11.76,9155000,11.695028
2015-07-23,11.78,11.90,11.65,11.73,12861200,11.665193
2015-07-22,11.61,11.69,11.55,11.60,13232300,11.535912
2015-07-21,11.67,11.72,11.54,11.58,7876900,11.516022
2015-07-20,11.55,11.65,11.53,11.62,8143200,11.555801