2015-12-16,29.25,29.549999,28.91,29.50,2885600,29.50
2015-12-15,29.780001,29.780001,29.120001,29.139999,2369400,29.139999
2015-12-14,29.50,29.73,29.139999,29.379999,2736700,29.379999
2015-12-11,30.049999,30.129999,29.40,29.50,2476700,29.50
2015-12-10,30.59,30.84,30.370001,30.43,1578600,30.43
2015-12-09,30.719999,31.18,30.360001,30.620001,2171600,30.620001
2015-12-08,30.610001,31.200001,30.48,30.950001,1542000,30.950001
2015-12-07,30.969999,31.030001,29.83,30.85,2915300,30.85
2015-12-04,30.540001,31.18,30.530001,31.15,1906100,31.15
2015-12-03,30.940001,31.120001,30.030001,30.17,2154600,30.17
2015-12-02,31.16,31.59,30.74,30.85,1790100,30.85
2015-12-01,30.93,31.209999,30.780001,31.16,1984900,31.16
2015-11-30,31.17,31.280001,30.59,30.67,1960100,30.67
2015-11-27,31.57,31.610001,31.01,31.25,573800,31.25
2015-11-25,31.629999,31.700001,31.23,31.530001,1294800,31.530001
2015-11-24,31.370001,31.66,31.15,31.48,2028300,31.48
2015-11-23,31.459999,32.099998,31.23,31.610001,2357700,31.610001
2015-11-20,30.950001,31.60,30.950001,31.370001,1977900,31.370001
2015-11-19,30.99,31.309999,30.67,30.75,2425000,30.75
2015-11-18,30.24,31.040001,30.190001,31.01,2377600,31.01
2015-11-17,30.74,30.74,29.83,30.219999,2743000,30.219999
2015-11-16,29.809999,30.700001,29.809999,30.690001,2653500,30.690001
2015-11-13,30.959999,31.02,29.719999,29.90,3468000,29.90
2015-11-12,31.309999,31.809999,31.120001,31.389999,2272400,31.289999
2015-11-11,32.040001,32.119999,31.26,31.48,2133000,31.379712
2015-11-10,31.93,32.16,31.49,31.99,2193600,31.888088
2015-11-09,32.57,32.709999,31.59,31.93,2640500,31.828279
2015-11-06,32.849998,33.150002,32.200001,32.799999,2963200,32.695507
2015-11-05,32.990002,33.240002,32.470001,32.84,2527500,32.73538
2015-11-04,33.189999,33.240002,32.369999,32.720001,3330400,32.615764
2015-11-03,32.540001,33.209999,32.360001,33.049999,4318400,32.94471
2015-11-02,31.889999,32.790001,31.559999,32.709999,5078800,32.605793
2015-10-30,31.65,32.009998,30.74,31.940001,5826000,31.838248
2015-10-29,30.610001,31.809999,29.40,31.65,13731200,31.549171
2015-10-28,27.02,27.76,27.00,27.60,4760300,27.512074
2015-10-27,26.60,27.120001,26.33,27.049999,5337300,26.963825
2015-10-26,26.459999,27.129999,25.92,26.969999,7717100,26.88408
2015-10-23,28.309999,28.42,26.950001,27.059999,6974400,26.973793
2015-10-22,28.15,28.379999,27.709999,28.209999,3652000,28.120129
2015-10-21,28.129999,28.82,27.879999,28.01,6485400,27.920767
2015-10-20,27.530001,27.809999,26.59,27.77,12215500,27.681532
2015-10-19,28.799999,28.85,27.450001,27.530001,8788000,27.442297
2015-10-16,28.98,29.110001,28.68,28.799999,3322400,28.70825
2015-10-15,28.91,28.98,28.50,28.700001,2522800,28.60857
2015-10-14,29.200001,29.450001,28.67,28.790001,3099300,28.698283
2015-10-13,29.57,29.889999,29.18,29.200001,1516700,29.106977
2015-10-12,29.450001,29.719999,29.389999,29.67,1256900,29.575479
2015-10-09,29.440001,29.66,29.120001,29.440001,1835900,29.346212
2015-10-08,28.92,29.549999,28.83,29.440001,2084600,29.346212
2015-10-07,29.15,29.40,28.780001,28.950001,2679400,28.857773
2015-10-06,29.66,29.66,28.92,29.030001,2208000,28.937518
2015-10-05,29.280001,29.709999,29.129999,29.620001,3233800,29.525639
2015-10-02,28.33,29.030001,27.93,29.030001,2615300,28.937518
2015-10-01,28.940001,29.01,28.34,28.73,2766200,28.638473
2015-09-30,28.459999,28.98,28.370001,28.940001,3482000,28.847805
2015-09-29,28.48,28.75,27.83,28.030001,3160800,27.940704
2015-09-28,29.219999,29.469999,28.459999,28.48,3082900,28.389269
2015-09-25,29.879999,30.049999,29.18,29.35,2232500,29.256499
2015-09-24,29.23,29.690001,28.83,29.540001,3339100,29.445894
2015-09-23,29.92,30.00,29.309999,29.459999,1945900,29.366147
2015-09-22,29.790001,30.00,29.52,29.92,2786100,29.824682
2015-09-21,30.16,30.43,29.780001,30.129999,3990600,30.034013
2015-09-18,30.51,30.74,29.950001,30.01,4854400,29.914396
2015-09-17,31.00,31.23,30.67,30.889999,6368400,30.791592
2015-09-16,29.93,30.35,29.709999,30.26,3331500,30.163599
2015-09-15,29.809999,30.00,29.52,29.91,2647400,29.814714
2015-09-14,29.91,30.049999,29.58,29.75,1711700,29.655224
2015-09-11,29.68,29.98,29.450001,29.969999,2155100,29.874522
2015-09-10,29.610001,29.959999,29.57,29.76,1936500,29.665192
2015-09-09,30.48,30.57,29.690001,29.77,3968300,29.675161
2015-09-08,30.219999,30.379999,29.889999,30.15,2684600,30.053949
2015-09-04,29.57,29.889999,29.34,29.57,2839700,29.475797
2015-09-03,30.07,30.440001,29.639999,29.889999,3398400,29.794777
2015-09-02,29.77,29.98,29.25,29.969999,3578800,29.874522
2015-09-01,29.48,30.07,29.17,29.379999,3368700,29.286402
2015-08-31,30.110001,30.50,29.969999,30.110001,3025500,30.014078
2015-08-28,29.879999,30.459999,29.809999,30.26,2599100,30.163599
2015-08-27,29.60,30.33,29.32,30.01,3832000,29.914396
2015-08-26,28.870001,29.23,28.190001,29.190001,4066800,29.097009
2015-08-25,28.77,29.25,28.200001,28.24,6147800,28.150034
2015-08-24,27.549999,29.059999,26.32,28.01,6373200,27.920767
2015-08-21,29.809999,30.01,29.030001,29.059999,4493900,28.967422
2015-08-20,30.309999,30.690001,30.129999,30.15,3462100,30.053949
2015-08-19,30.290001,31.139999,30.17,30.90,4446000,30.80156
2015-08-18,30.59,30.690001,30.24,30.379999,3593700,30.283216
2015-08-17,30.07,30.780001,29.940001,30.50,3872500,30.402835
2015-08-14,29.969999,30.52,29.74,30.32,6003600,30.223408
2015-08-13,29.690001,30.120001,29.40,29.889999,4851400,29.695096
2015-08-12,28.530001,29.59,28.469999,29.57,7171700,29.377183
2015-08-11,28.98,29.00,28.67,28.809999,6146400,28.622138
2015-08-10,28.780001,29.42,28.75,29.32,3848600,29.128813
2015-08-07,28.700001,28.940001,28.41,28.629999,4554500,28.443312
2015-08-06,28.870001,29.00,28.299999,28.790001,6253600,28.60227
2015-08-05,29.33,29.35,28.77,28.91,7974300,28.721487
2015-08-04,29.07,29.719999,28.93,29.129999,7281500,28.940052
2015-08-03,30.790001,30.860001,28.709999,29.059999,12643500,28.870508
2015-07-31,34.139999,34.139999,29.469999,31.030001,18955200,30.827664
2015-07-30,33.27,34.16,33.27,34.139999,3485500,33.917383
2015-07-29,33.240002,33.799999,33.110001,33.740002,2404500,33.519994
2015-07-28,32.919998,33.209999,32.419998,33.16,2451000,32.943774
2015-07-27,33.580002,33.580002,32.639999,32.779999,3077600,32.566251
2015-07-24,34.209999,34.209999,33.560001,33.740002,1559500,33.519994
2015-07-23,34.439999,34.669998,33.93,34.00,2021200,33.778297
2015-07-22,34.27,34.41,34.09,34.330002,2140300,34.106147
2015-07-21,34.509998,34.66,34.209999,34.380001,1684700,34.15582
2015-07-20,34.060001,34.59,34.049999,34.470001,2444700,34.245233