2015-12-16,66.489998,67.489998,64.279999,65.459999,4866100,65.459999
2015-12-15,65.970001,67.050003,65.43,65.660004,2793600,65.660004
2015-12-14,66.43,66.93,63.32,65.459999,4915400,65.459999
2015-12-11,67.629997,68.139999,65.889999,66.300003,2967200,66.300003
2015-12-10,67.440002,69.089996,67.379997,68.43,2812500,68.43
2015-12-09,66.970001,68.980003,66.779999,67.379997,3794300,67.379997
2015-12-08,66.129997,67.629997,65.389999,67.25,2940100,67.25
2015-12-07,67.279999,67.309998,65.830002,66.419998,3501100,66.419998
2015-12-04,67.720001,68.43,67.010002,67.25,4038700,67.25
2015-12-03,70.019997,70.559998,66.82,67.379997,4258000,67.379997
2015-12-02,71.010002,72.300003,69.75,70.010002,4656500,70.010002
2015-12-01,68.769997,71.629997,68.330002,71.160004,4122900,71.160004
2015-11-30,69.510002,69.709999,68.019997,68.059998,3623300,68.059998
2015-11-27,69.199997,69.970001,68.910004,69.449997,955900,69.449997
2015-11-25,68.989998,69.599998,68.599998,68.959999,3313500,68.959999
2015-11-24,67.089996,69.110001,66.790001,68.989998,2723700,68.989998
2015-11-23,66.43,68.199997,66.029999,67.360001,3264700,67.360001
2015-11-20,66.029999,67.779999,65.739998,67.419998,4827100,67.419998
2015-11-19,68.970001,69.089996,65.089996,65.389999,8715600,65.389999
2015-11-18,69.300003,70.720001,69.029999,70.209999,3915900,70.209999
2015-11-17,67.129997,69.580002,66.739998,69.25,4199800,69.25
2015-11-16,66.309998,67.309998,65.949997,67.199997,3976700,67.199997
2015-11-13,65.160004,67.139999,64.669998,66.449997,3767100,66.449997
2015-11-12,67.480003,67.790001,65.019997,65.110001,6039200,65.110001
2015-11-11,70.32,70.32,67.519997,67.660004,3384100,67.660004
2015-11-10,69.839996,70.599998,69.410004,70.080002,3636600,70.080002
2015-11-09,69.589996,70.089996,68.790001,69.980003,3626800,69.980003
2015-11-06,68.459999,70.459999,68.459999,69.970001,4766300,69.970001
2015-11-05,68.669998,68.980003,67.269997,68.589996,5229900,68.589996
2015-11-04,68.980003,69.489998,68.150002,68.669998,3094100,68.669998
2015-11-03,69.349998,69.790001,68.160004,68.800003,3473800,68.800003
2015-11-02,68.959999,70.050003,68.790001,69.75,3384900,69.75
2015-10-30,68.389999,69.860001,68.010002,68.790001,6279300,68.790001
2015-10-29,69.00,69.650002,67.669998,67.699997,4608200,67.699997
2015-10-28,68.739998,69.639999,67.050003,68.980003,7227900,68.980003
2015-10-27,69.639999,70.940002,68.360001,68.800003,7370800,68.800003
2015-10-26,68.540001,70.540001,68.389999,69.080002,5958000,69.080002
2015-10-23,67.00,69.669998,66.400002,68.980003,6580500,68.980003
2015-10-22,65.790001,69.010002,64.040001,66.080002,14727000,66.080002
2015-10-21,72.910004,72.959999,69.779999,71.199997,4185200,71.199997
2015-10-20,73.489998,74.150002,71.849998,72.419998,4297800,72.419998
2015-10-19,72.919998,73.93,72.129997,73.510002,3914500,73.510002
2015-10-16,72.510002,74.57,72.099998,72.949997,5777300,72.949997
2015-10-15,69.50,72.580002,68.129997,72.209999,15350400,72.209999
2015-10-14,76.110001,77.139999,75.389999,76.019997,3887200,76.019997
2015-10-13,77.32,78.480003,75.699997,75.860001,4023300,75.860001
2015-10-12,77.529999,78.370003,76.779999,77.790001,2242000,77.790001
2015-10-09,76.660004,78.300003,75.949997,77.910004,2972700,77.910004
2015-10-08,76.949997,77.339996,74.769997,76.660004,3380300,76.660004
2015-10-07,77.32,77.849998,75.449997,77.550003,4021800,77.550003
2015-10-06,78.949997,79.309998,76.059998,77.199997,3837500,77.199997
2015-10-05,78.669998,81.389999,77.910004,78.849998,4077000,78.849998
2015-10-02,75.779999,77.910004,74.760002,77.889999,3898400,77.889999
2015-10-01,77.32,78.330002,75.550003,77.089996,3605500,77.089996
2015-09-30,75.00,77.980003,74.50,77.360001,5821000,77.360001
2015-09-29,74.050003,74.75,71.339996,74.080002,7131900,74.080002
2015-09-28,78.959999,78.959999,72.790001,74.029999,8229300,74.029999
2015-09-25,82.580002,82.989998,79.260002,79.449997,3997800,79.449997
2015-09-24,83.419998,83.68,81.669998,81.900002,2766600,81.900002
2015-09-23,82.709999,84.639999,82.139999,84.160004,3223700,84.160004
2015-09-22,81.580002,83.00,81.019997,82.699997,3075900,82.699997
2015-09-21,83.349998,84.040001,81.209999,82.239998,3445000,82.239998
2015-09-18,84.959999,86.040001,82.470001,82.480003,9059000,82.480003
2015-09-17,85.519997,87.050003,84.389999,86.019997,3211200,86.019997
2015-09-16,85.589996,85.720001,84.089996,85.199997,3077300,85.199997
2015-09-15,85.110001,86.199997,84.459999,85.839996,1854300,85.839996
2015-09-14,85.059998,86.089996,84.639999,84.980003,2719900,84.980003
2015-09-11,85.010002,85.949997,84.400002,84.690002,3278800,84.690002
2015-09-10,85.800003,86.449997,84.849998,85.279999,2983300,85.279999
2015-09-09,88.440002,88.459999,85.760002,85.970001,1919000,85.970001
2015-09-08,87.040001,87.900002,86.410004,87.419998,1986900,87.419998
2015-09-04,85.260002,86.25,84.449997,85.410004,1721100,85.410004
2015-09-03,86.169998,88.18,85.739998,86.400002,2372200,86.400002
2015-09-02,85.25,85.50,83.739998,85.470001,2589900,85.470001
2015-09-01,84.889999,85.769997,83.599998,84.32,2491000,84.32
2015-08-31,89.00,89.610001,86.129997,86.620003,2650400,86.620003
2015-08-28,88.480003,89.230003,87.940002,88.82,2195200,88.82
2015-08-27,87.480003,89.839996,86.760002,88.839996,3115500,88.839996
2015-08-26,84.699997,87.089996,83.830002,86.949997,4152900,86.949997
2015-08-25,85.900002,86.610001,83.080002,83.110001,4093200,83.110001
2015-08-24,81.540001,85.970001,43.91,84.309998,5482700,84.309998
2015-08-21,86.209999,87.00,84.099998,86.25,6136800,86.25
2015-08-20,89.25,89.25,87.010002,87.050003,2861500,87.050003
2015-08-19,90.260002,90.540001,89.269997,89.82,2711400,89.82
2015-08-18,91.349998,91.580002,90.32,90.480003,1913700,90.480003
2015-08-17,90.809998,91.519997,89.760002,91.32,2850700,91.32
2015-08-14,91.220001,91.860001,90.900002,91.400002,1875800,91.400002
2015-08-13,91.110001,91.889999,90.459999,90.849998,1247100,90.849998
2015-08-12,89.459999,91.300003,88.300003,90.879997,1923400,90.879997
2015-08-11,90.690002,91.269997,89.080002,90.459999,2277000,90.459999
2015-08-10,91.879997,92.989998,91.080002,91.43,1637100,91.43
2015-08-07,91.800003,92.379997,90.650002,91.459999,1988100,91.459999
2015-08-06,90.779999,93.050003,90.730003,91.379997,2616000,91.379997
2015-08-05,93.730003,94.150002,87.279999,92.260002,6346800,92.260002
2015-08-04,93.699997,94.410004,93.209999,94.040001,1749300,94.040001
2015-08-03,92.879997,94.169998,92.440002,92.879997,1616400,92.879997
2015-07-31,93.650002,94.309998,92.779999,93.010002,1800400,93.010002
2015-07-30,93.300003,93.589996,92.089996,92.959999,1614300,92.959999
2015-07-29,92.50,94.160004,92.129997,93.559998,2167900,93.559998
2015-07-28,92.199997,92.660004,90.93,92.290001,2124300,92.290001
2015-07-27,92.599998,92.620003,91.379997,92.029999,1525800,92.029999
2015-07-24,92.970001,93.389999,92.209999,92.830002,1765900,92.830002
2015-07-23,93.440002,94.440002,93.019997,93.32,1451300,93.32
2015-07-22,92.07,93.760002,91.93,93.269997,2073200,93.269997
2015-07-21,93.010002,93.339996,91.639999,92.279999,1897200,92.279999
2015-07-20,93.68,93.889999,92.82,93.169998,1907500,93.169998