2015-12-16,36.400002,37.200001,36.259998,37.150002,4927000,37.150002
2015-12-15,36.09,36.470001,36.049999,36.25,4331800,36.25
2015-12-14,35.459999,35.93,35.290001,35.880001,4417400,35.880001
2015-12-11,34.950001,35.650002,34.939999,35.59,3698700,35.59
2015-12-10,35.98,36.060001,35.18,35.200001,3502700,35.200001
2015-12-09,36.02,36.490002,35.66,35.950001,3083500,35.950001
2015-12-08,36.02,36.619999,36.00,36.279999,3377400,36.279999
2015-12-07,35.700001,36.200001,35.509998,36.139999,3702700,36.139999
2015-12-04,35.34,35.98,35.200001,35.779999,4119600,35.779999
2015-12-03,35.459999,35.580002,34.959999,35.09,6646100,35.09
2015-12-02,35.959999,36.32,35.459999,35.529999,4190800,35.529999
2015-12-01,35.779999,36.299999,35.689999,36.130001,3909500,36.130001
2015-11-30,35.82,36.220001,35.400002,35.529999,6662700,35.529999
2015-11-27,35.389999,35.959999,35.389999,35.740002,1235000,35.740002
2015-11-25,35.310001,35.59,35.240002,35.450001,2277800,35.450001
2015-11-24,35.16,35.360001,34.900002,35.310001,2644700,35.310001
2015-11-23,34.98,35.509998,34.98,35.349998,3163400,35.349998
2015-11-20,34.759998,35.080002,34.630001,34.959999,2729300,34.959999
2015-11-19,34.310001,34.860001,34.119999,34.639999,3132200,34.639999
2015-11-18,33.580002,34.110001,33.32,34.110001,3279300,34.110001
2015-11-17,33.349998,33.540001,33.200001,33.41,2824400,33.41
2015-11-16,32.759998,33.48,32.759998,33.470001,2819700,33.470001
2015-11-13,33.220001,33.630001,32.709999,32.75,2735100,32.75
2015-11-12,33.060001,33.369999,32.939999,33.130001,3647600,33.130001
2015-11-11,33.330002,33.43,32.959999,33.080002,2870700,33.080002
2015-11-10,33.07,33.540001,32.919998,33.16,3815100,33.16
2015-11-09,33.860001,33.970001,32.869999,33.060001,4735500,33.060001
2015-11-06,35.290001,35.349998,33.700001,33.970001,6527900,33.970001
2015-11-05,35.540001,35.84,35.27,35.810001,4326800,35.810001
2015-11-04,36.700001,36.75,36.00,36.119999,4571100,35.555
2015-11-03,37.549999,37.57,36.560001,36.73,4431200,36.155458
2015-11-02,37.169998,37.75,36.93,37.709999,4485200,37.120129
2015-10-30,38.169998,38.34,37.139999,37.200001,5187000,36.618108
2015-10-29,37.919998,38.279999,37.619999,38.240002,3348300,37.641841
2015-10-28,38.560001,38.73,37.68,38.07,3582700,37.474498
2015-10-27,38.50,38.689999,38.200001,38.529999,2652800,37.927302
2015-10-26,38.639999,38.689999,38.09,38.560001,2668900,37.956835
2015-10-23,39.630001,39.630001,38.43,38.639999,3795000,38.035581
2015-10-22,39.450001,39.830002,39.150002,39.77,3254000,39.147907
2015-10-21,39.369999,39.549999,39.189999,39.400002,2150700,38.783695
2015-10-20,39.16,39.380001,38.939999,39.189999,2801500,38.576977
2015-10-19,38.98,39.330002,38.970001,39.310001,3173100,38.695103
2015-10-16,38.610001,39.029999,38.549999,38.990002,3268300,38.380109
2015-10-15,38.220001,38.59,38.099998,38.529999,2792600,37.927302
2015-10-14,38.810001,38.91,38.119999,38.27,2206200,37.67137
2015-10-13,39.00,39.209999,38.709999,38.889999,1911900,38.281671
2015-10-12,39.23,39.50,39.110001,39.209999,2570600,38.596665
2015-10-09,39.279999,39.32,39.009998,39.110001,2479500,38.498231
2015-10-08,38.84,39.34,38.630001,39.299999,2925600,38.685257
2015-10-07,38.509998,38.860001,38.419998,38.849998,2372500,38.242296
2015-10-06,38.419998,38.68,38.290001,38.549999,1916300,37.946989
2015-10-05,37.860001,38.48,37.68,38.450001,2236900,37.848555
2015-10-02,36.98,37.549999,36.900002,37.549999,2519000,36.962631
2015-10-01,37.41,37.580002,36.950001,37.290001,2470900,36.7067
2015-09-30,37.57,37.77,37.07,37.25,2810800,36.667325
2015-09-29,36.830002,37.41,36.700001,37.310001,2673200,36.726388
2015-09-28,38.110001,38.27,36.450001,36.82,5349900,36.244051
2015-09-25,38.630001,38.68,38.200001,38.400002,2858600,37.799338
2015-09-24,38.299999,38.849998,38.299999,38.41,2748500,37.80918
2015-09-23,38.32,38.740002,38.25,38.560001,2260300,37.956835
2015-09-22,38.209999,38.650002,38.189999,38.299999,2994200,37.7009
2015-09-21,38.150002,38.869999,38.110001,38.650002,3348400,38.045427
2015-09-18,37.849998,39.540001,37.799999,38.599998,5464200,37.996206
2015-09-17,37.610001,39.07,37.48,38.380001,3568800,37.77965
2015-09-16,36.970001,37.740002,36.91,37.68,2584100,37.090599
2015-09-15,36.490002,37.060001,36.279999,37.009998,2219500,36.431077
2015-09-14,36.200001,36.439999,36.150002,36.43,2774700,35.860152
2015-09-11,35.849998,36.330002,35.700001,36.09,3102500,35.52547
2015-09-10,35.959999,36.279999,35.68,35.849998,2298400,35.289223
2015-09-09,36.720001,36.91,35.939999,36.029999,2620700,35.466407
2015-09-08,36.009998,36.610001,35.919998,36.540001,3266200,35.968432
2015-09-04,36.279999,36.380001,35.369999,35.68,3418700,35.121884
2015-09-03,36.919998,36.959999,36.41,36.580002,2347900,36.007807
2015-09-02,37.009998,37.02,36.380001,36.73,2270700,36.155458
2015-09-01,36.669998,36.98,36.310001,36.630001,4036500,36.057024
2015-08-31,37.630001,37.66,37.049999,37.060001,4844400,36.480298
2015-08-28,37.939999,37.959999,37.43,37.700001,3590100,37.110287
2015-08-27,37.810001,38.290001,37.279999,37.939999,5865700,37.34653
2015-08-26,37.299999,37.580002,36.759998,37.509998,5949400,36.923256
2015-08-25,38.950001,38.98,36.759998,36.799999,6149000,36.224363
2015-08-24,38.32,39.080002,37.529999,38.389999,8624800,37.789492
2015-08-21,40.360001,40.740002,39.93,39.93,5000600,39.305404
2015-08-20,40.52,40.759998,40.25,40.509998,3497400,39.876329
2015-08-19,40.380001,40.900002,40.169998,40.700001,4633100,40.06336
2015-08-18,40.529999,40.689999,40.389999,40.650002,3754100,40.014143
2015-08-17,40.110001,40.73,39.98,40.720001,3856300,40.083047
2015-08-14,39.66,40.200001,39.389999,40.169998,3654900,39.541648
2015-08-13,39.509998,39.82,38.919998,39.700001,4487400,39.079002
2015-08-12,37.950001,39.619999,37.900002,39.59,11076300,38.970722
2015-08-11,37.799999,38.220001,37.799999,38.040001,7798700,37.444968
2015-08-10,38.209999,38.330002,37.68,37.830002,2776400,37.238254
2015-08-07,37.900002,38.279999,37.630001,38.029999,3133500,37.435123
2015-08-06,37.959999,38.150002,37.279999,37.950001,3117400,37.356376
2015-08-05,38.93,38.959999,38.389999,38.580002,3247500,37.420359
2015-08-04,38.860001,39.299999,38.57,38.860001,2714400,37.691941
2015-08-03,38.59,38.98,38.549999,38.860001,2116100,37.691941
2015-07-31,38.560001,38.990002,38.50,38.639999,4792200,37.478553
2015-07-30,38.669998,38.810001,38.009998,38.25,2517400,37.100276
2015-07-29,38.580002,38.91,38.310001,38.759998,2443000,37.594945
2015-07-28,38.41,38.720001,38.25,38.639999,3909500,37.478553
2015-07-27,38.119999,38.59,38.119999,38.32,2870200,37.168172
2015-07-24,37.560001,38.259998,37.560001,38.02,2427200,36.87719
2015-07-23,37.950001,37.950001,37.470001,37.73,2498000,36.595906
2015-07-22,37.540001,38.02,37.540001,37.959999,2634300,36.818992
2015-07-21,37.669998,37.84,37.509998,37.540001,2429100,36.411618
2015-07-20,37.459999,37.759998,37.27,37.73,1861200,36.595906