2015-12-16,132.169998,133.279999,130.360001,132.899994,4586300,132.899994
2015-12-15,132.619995,133.490005,131.190002,131.289993,4911600,131.289993
2015-12-14,131.089996,132.130005,130.710007,132.009995,5911900,132.009995
2015-12-11,132.539993,132.539993,130.309998,130.440002,5277600,130.440002
2015-12-10,131.960007,133.589996,131.800003,132.539993,4185600,132.539993
2015-12-09,133.210007,134.779999,131.509995,131.899994,5055600,131.899994
2015-12-08,132.710007,134.559998,132.410004,133.839996,4731400,133.839996
2015-12-07,134.00,134.789993,133.190002,133.929993,5444300,133.929993
2015-12-04,131.550003,134.830002,131.350006,134.529999,5387100,134.529999
2015-12-03,133.520004,134.119995,130.800003,130.929993,6688000,130.929993
2015-12-02,134.559998,134.649994,133.570007,133.809998,5022700,133.809998
2015-12-01,133.520004,134.630005,133.259995,134.429993,5267600,134.429993
2015-11-30,135.199997,135.320007,133.009995,133.880005,8057900,133.290005
2015-11-27,134.809998,135.470001,134.529999,134.740005,3337700,134.146216
2015-11-25,133.690002,135.240005,133.550003,134.649994,5300900,134.056601
2015-11-24,131.929993,133.929993,131.740005,133.600006,6672700,133.01124
2015-11-23,130.210007,132.639999,130.210007,132.50,6329700,131.916082
2015-11-20,127.360001,130.210007,127.089996,130.210007,8191900,129.63618
2015-11-19,126.529999,127.620003,125.949997,126.860001,4662200,126.300938
2015-11-18,126.440002,126.730003,124.660004,126.540001,6502000,125.982348
2015-11-17,124.860001,126.339996,123.099998,126.18,10517100,125.623934
2015-11-16,120.050003,121.029999,118.610001,120.839996,7785700,120.307463
2015-11-13,123.099998,123.25,119.900002,120.00,8728800,119.471169
2015-11-12,124.18,124.970001,123.059998,123.809998,4285700,123.264376
2015-11-11,125.43,125.43,124.519997,124.709999,3240200,124.160411
2015-11-10,124.489998,125.410004,124.040001,125.260002,3872900,124.70799
2015-11-09,125.800003,126.120003,123.709999,124.50,4988800,123.951337
2015-11-06,125.269997,126.110001,124.82,125.980003,3752000,125.424818
2015-11-05,125.459999,126.010002,124.949997,125.720001,3059400,125.165962
2015-11-04,125.480003,125.870003,124.620003,125.379997,4101200,124.827457
2015-11-03,124.230003,126.040001,123.809998,125.660004,4313700,125.106229
2015-11-02,124.239998,124.639999,123.379997,124.410004,3715600,123.861738
2015-10-30,123.269997,124.75,123.269997,123.639999,4991500,123.095127
2015-10-29,123.419998,124.07,122.75,123.629997,4635300,123.085169
2015-10-28,124.379997,124.589996,122.220001,123.82,6821500,123.274334
2015-10-27,124.510002,125.089996,123.82,124.470001,3674800,123.921471
2015-10-26,124.550003,125.660004,124.019997,125.010002,4550200,124.459092
2015-10-23,125.010002,125.75,122.970001,124.610001,5281600,124.060853
2015-10-22,123.900002,124.480003,122.879997,124.360001,5855300,123.811955
2015-10-21,123.290001,124.019997,122.75,123.300003,3491800,122.756629
2015-10-20,122.889999,123.169998,122.349998,122.849998,3318400,122.308607
2015-10-19,122.610001,123.199997,122.199997,123.099998,3097700,122.557506
2015-10-16,121.629997,122.82,121.629997,122.739998,4052900,122.199091
2015-10-15,120.620003,122.029999,120.400002,121.809998,3448900,121.27319
2015-10-14,121.330002,121.879997,119.559998,120.269997,5200400,119.739975
2015-10-13,121.769997,122.290001,121.139999,121.610001,2971400,121.074074
2015-10-12,121.489998,122.449997,121.00,121.900002,2861900,121.362797
2015-10-09,121.269997,121.50,120.470001,121.330002,3893500,120.795309
2015-10-08,119.309998,121.230003,119.150002,121.059998,4958200,120.526495
2015-10-07,119.199997,119.839996,118.489998,119.650002,4680100,119.122712
2015-10-06,119.099998,119.199997,117.970001,118.68,5275400,118.156986
2015-10-05,118.75,119.290001,117.910004,119.199997,4528700,118.674691
2015-10-02,115.559998,117.900002,114.709999,117.809998,4359800,117.290817
2015-10-01,116.230003,117.129997,114.739998,117.029999,5215200,116.514256
2015-09-30,114.370003,115.629997,114.00,115.489998,5395600,114.981042
2015-09-29,114.209999,114.93,111.800003,112.910004,7908800,112.412417
2015-09-28,116.529999,117.379997,113.849998,114.099998,5994600,113.597168
2015-09-25,117.230003,118.169998,116.040001,116.739998,5478900,116.225533
2015-09-24,115.339996,116.650002,114.839996,116.339996,5172300,115.827294
2015-09-23,115.849998,116.550003,115.660004,116.169998,4084900,115.658045
2015-09-22,115.400002,116.389999,114.889999,115.800003,4631600,115.289681
2015-09-21,115.959999,117.110001,115.269997,116.580002,5201100,116.066242
2015-09-18,116.510002,117.199997,114.980003,115.120003,11366700,114.612677
2015-09-17,118.330002,119.82,117.269997,117.910004,6607100,117.390383
2015-09-16,116.080002,118.029999,115.970001,117.82,5285100,117.300775
2015-09-15,114.779999,116.629997,113.900002,116.18,4994000,115.668003
2015-09-14,115.50,115.68,114.419998,114.730003,4248700,114.224396
2015-09-11,113.970001,115.459999,113.699997,115.440002,4472800,114.931267
2015-09-10,114.00,115.410004,113.690002,114.489998,5259100,113.985449
2015-09-09,117.110001,117.470001,113.699997,113.970001,5316400,113.467744
2015-09-08,115.690002,116.639999,114.730003,116.43,5775800,115.916902
2015-09-04,114.68,115.690002,113.489998,114.419998,5752000,113.915757
2015-09-03,117.029999,118.080002,116.18,116.599998,5302900,116.086151
2015-09-02,114.830002,116.480003,114.32,116.480003,6487400,115.966684
2015-09-01,113.989998,114.75,112.559998,113.07,7392900,112.571708
2015-08-31,117.010002,117.489998,115.93,116.459999,5444500,115.359367
2015-08-28,117.43,118.459999,116.919998,117.519997,5016000,116.409346
2015-08-27,117.50,118.089996,115.330002,117.660004,7579100,116.54803
2015-08-26,114.059998,116.029999,112.080002,115.93,9313200,114.834377
2015-08-25,117.00,117.00,110.889999,110.970001,10221100,109.921253
2015-08-24,110.050003,115.879997,92.169998,112.540001,13983100,111.476415
2015-08-21,119.540001,120.360001,116.150002,116.160004,10190700,115.062206
2015-08-20,121.980003,122.529999,120.540001,120.540001,5555500,119.400809
2015-08-19,122.669998,123.790001,122.129997,122.760002,6490300,121.59983
2015-08-18,121.830002,123.800003,121.150002,122.800003,11021900,121.639453
2015-08-17,119.099998,120.75,118.730003,119.699997,7255600,118.568744
2015-08-14,119.300003,119.889999,118.459999,119.75,5135500,118.618275
2015-08-13,118.00,120.139999,117.790001,119.019997,6255500,117.89517
2015-08-12,117.129997,117.879997,115.699997,117.690002,4575800,116.577746
2015-08-11,117.019997,118.139999,116.760002,117.690002,4080000,116.577746
2015-08-10,117.529999,118.339996,117.360001,117.599998,3408900,116.488592
2015-08-07,116.699997,117.160004,115.779999,116.93,3986100,115.824926
2015-08-06,118.389999,118.50,116.07,116.559998,4768900,115.45842
2015-08-05,118.379997,118.529999,117.099998,118.00,4299100,116.884813
2015-08-04,116.629997,117.82,116.25,117.529999,3008200,116.419254
2015-08-03,117.620003,117.699997,116.160004,116.889999,3645000,115.785303
2015-07-31,116.980003,118.129997,116.370003,117.029999,4301200,115.923979
2015-07-30,115.940002,116.739998,115.349998,116.459999,3291100,115.359367
2015-07-29,115.160004,116.760002,115.110001,116.370003,5104000,115.270221
2015-07-28,113.760002,115.029999,113.18,114.839996,4176800,113.754674
2015-07-27,113.370003,113.889999,112.709999,113.07,4468200,112.001405
2015-07-24,114.739998,115.230003,113.43,113.589996,4427800,112.516488
2015-07-23,115.209999,116.110001,114.43,114.589996,4308900,113.507037
2015-07-22,113.959999,115.080002,113.800003,114.900002,5485200,113.814112
2015-07-21,113.410004,113.970001,112.68,113.860001,4660600,112.78394
2015-07-20,112.25,114.110001,112.169998,113.410004,6107500,112.338196