2015-12-16,51.369999,52.52,50.400002,50.919998,4398700,50.919998
2015-12-15,51.119999,51.939999,50.790001,51.73,4095000,51.73
2015-12-14,49.849998,50.720001,48.889999,50.119999,4079200,49.87
2015-12-11,51.73,51.75,49.50,50.43,4142200,50.178455
2015-12-10,51.619999,53.110001,51.099998,52.48,3718700,52.218229
2015-12-09,52.400002,54.119999,51.43,51.970001,3336000,51.710774
2015-12-08,51.43,53.080002,50.619999,51.950001,3666000,51.690873
2015-12-07,53.009998,53.470001,51.830002,53.00,4956800,52.735635
2015-12-04,54.360001,55.23,53.150002,54.900002,4964600,54.62616
2015-12-03,57.150002,57.990002,55.360001,55.560001,5252200,55.282867
2015-12-02,58.889999,59.060001,56.290001,56.740002,3292700,56.456982
2015-12-01,59.32,59.639999,58.439999,59.549999,2215700,59.252963
2015-11-30,59.32,59.950001,58.650002,59.00,2273300,58.705707
2015-11-27,60.139999,60.509998,58.470001,59.09,995600,58.795258
2015-11-25,60.669998,61.529999,59.939999,60.880001,2001500,60.576331
2015-11-24,59.23,61.68,59.150002,61.360001,2771500,61.053936
2015-11-23,58.939999,59.549999,58.349998,58.75,2097100,58.456954
2015-11-20,60.040001,60.689999,58.740002,58.939999,3401500,58.646005
2015-11-19,60.779999,61.169998,59.32,60.099998,2059200,59.800219
2015-11-18,60.52,61.709999,59.57,61.169998,2329100,60.864881
2015-11-17,60.759998,61.130001,59.209999,60.09,2501100,59.79027
2015-11-16,60.00,61.849998,59.470001,61.84,2414600,61.531541
2015-11-13,59.439999,60.560001,58.529999,59.759998,2179400,59.461915
2015-11-12,60.009998,60.959999,59.450001,59.720001,2747300,59.422117
2015-11-11,62.75,63.209999,60.950001,61.16,3459900,60.854933
2015-11-10,61.599998,62.91,61.299999,62.790001,2415400,62.476803
2015-11-09,62.650002,64.00,61.57,61.98,3114100,61.670842
2015-11-06,61.68,62.860001,61.369999,62.759998,3044000,62.446951
2015-11-05,60.529999,64.080002,60.209999,62.189999,7542400,61.879794
2015-11-04,60.150002,61.549999,58.939999,60.419998,3905900,60.118622
2015-11-03,58.299999,60.709999,58.099998,60.150002,2945500,59.849972
2015-11-02,55.740002,57.849998,55.689999,57.619999,2984000,57.33259
2015-10-30,56.52,57.00,54.68,56.209999,3721600,55.929623
2015-10-29,57.049999,58.610001,56.07,56.139999,4218700,55.859972
2015-10-28,53.299999,57.540001,53.049999,57.07,7166700,56.785334
2015-10-27,57.779999,57.869999,55.740002,56.93,4287200,56.646033
2015-10-26,60.580002,60.639999,58.599998,58.709999,2256600,58.417153
2015-10-23,60.709999,61.799999,60.009998,60.869999,2159900,60.566378
2015-10-22,59.75,61.18,59.59,61.130001,2721100,60.825084
2015-10-21,60.049999,60.369999,58.970001,59.080002,1738500,58.78531
2015-10-20,59.360001,60.639999,59.130001,60.349998,3065200,60.048972
2015-10-19,60.23,60.490002,59.23,59.82,2408000,59.521617
2015-10-16,61.740002,62.32,60.209999,61.029999,2151900,60.72558
2015-10-15,60.150002,61.549999,59.599998,61.419998,1665700,61.113634
2015-10-14,59.970001,60.59,59.50,60.209999,1993500,59.909671
2015-10-13,59.529999,60.849998,58.919998,60.279999,3316100,59.979321
2015-10-12,61.91,62.130001,59.59,60.130001,2552000,59.830072
2015-10-09,62.509998,63.209999,61.029999,61.91,3059100,61.601192
2015-10-08,59.950001,63.16,59.84,62.57,5269400,62.2579
2015-10-07,60.23,61.310001,57.950001,59.98,4463900,59.680818
2015-10-06,55.91,59.189999,55.700001,58.779999,4388400,58.486803
2015-10-05,53.950001,56.290001,53.950001,55.880001,4755800,55.601271
2015-10-02,49.639999,53.919998,49.639999,53.689999,3119200,53.422192
2015-10-01,50.810001,51.560001,50.02,50.75,3373900,50.496858
2015-09-30,48.639999,50.150002,48.450001,50.060001,3316600,49.810301
2015-09-29,48.470001,48.889999,47.84,48.279999,2216800,48.039177
2015-09-28,49.41,49.889999,48.23,48.259998,2614700,48.019277
2015-09-25,50.529999,50.810001,49.709999,50.27,2769800,50.019253
2015-09-24,49.860001,50.400002,49.310001,50.049999,3662400,49.800349
2015-09-23,51.459999,51.73,49.91,50.07,1853100,49.82025
2015-09-22,51.360001,52.650002,50.709999,51.150002,2705300,50.894865
2015-09-21,52.959999,53.150002,52.07,52.299999,4019900,52.039126
2015-09-18,53.599998,53.98,52.07,52.43,3553600,52.168479
2015-09-17,54.490002,56.040001,53.810001,54.599998,2818600,54.327653
2015-09-16,53.490002,54.84,53.32,54.689999,2531700,54.16845
2015-09-15,52.299999,53.580002,52.169998,52.790001,2975400,52.286572
2015-09-14,52.360001,52.400002,51.09,51.98,3609000,51.484295
2015-09-11,53.080002,53.169998,51.41,52.50,3932700,51.999337
2015-09-10,55.139999,55.599998,53.639999,54.099998,3943400,53.584077
2015-09-09,56.990002,58.240002,54.799999,54.919998,2710400,54.396257
2015-09-08,56.91,57.099998,55.189999,56.529999,2957200,55.990904
2015-09-04,56.41,57.00,55.849998,56.349998,2173300,55.81262
2015-09-03,58.00,59.279999,56.630001,57.400002,3289500,56.85261
2015-09-02,57.82,57.860001,55.349998,57.509998,3555000,56.961557
2015-09-01,57.27,58.610001,56.529999,57.07,3903200,56.525755
2015-08-31,56.110001,59.799999,55.330002,59.450001,4186300,58.883059
2015-08-28,55.509998,58.599998,54.50,57.459999,3963100,56.912035
2015-08-27,52.57,56.060001,52.360001,55.759998,5105000,55.228246
2015-08-26,51.23,51.580002,49.860001,51.220001,4019300,50.731544
2015-08-25,53.009998,53.84,49.900002,49.939999,3798500,49.463749
2015-08-24,51.779999,54.00,50.380001,50.98,5732100,50.493832
2015-08-21,55.310001,56.16,54.810001,54.990002,3426800,54.465593
2015-08-20,56.529999,57.240002,55.700001,55.740002,2640300,55.20844
2015-08-19,58.75,59.18,56.310001,56.73,2471700,56.188997
2015-08-18,59.509998,59.799999,58.439999,59.209999,1773600,58.645346
2015-08-17,58.619999,59.619999,58.380001,58.779999,1776300,58.219447
2015-08-14,58.73,60.00,58.700001,59.080002,2663200,58.516589
2015-08-13,59.110001,59.549999,58.450001,58.790001,3258400,58.229353
2015-08-12,57.419998,59.490002,57.07,59.419998,4753900,58.853343
2015-08-11,57.220001,57.990002,56.599998,57.889999,2393600,57.337935
2015-08-10,56.119999,58.50,56.09,58.439999,2678300,57.882689
2015-08-07,56.599998,57.740002,55.689999,55.919998,3174800,55.38672
2015-08-06,55.580002,56.900002,54.650002,56.810001,3819200,56.268236
2015-08-05,58.459999,58.950001,55.919998,55.919998,3877900,55.38672
2015-08-04,58.07,58.990002,57.310001,57.549999,2991200,57.001177
2015-08-03,58.209999,58.889999,57.32,57.700001,3295800,57.149748
2015-07-31,59.720001,60.299999,58.810001,59.009998,3033100,58.447253
2015-07-30,60.040001,60.779999,59.68,60.330002,2984100,59.754668
2015-07-29,59.950001,61.880001,59.200001,60.040001,6091700,59.467433
2015-07-28,57.98,59.880001,57.580002,59.650002,3838200,59.081153
2015-07-27,57.650002,58.549999,57.18,57.68,3321700,57.129938
2015-07-24,59.389999,59.389999,57.700001,58.490002,4584500,57.932215
2015-07-23,58.959999,59.490002,58.349998,59.279999,2333100,58.714678
2015-07-22,59.34,59.75,58.610001,59.00,2144800,58.43735
2015-07-21,59.799999,60.560001,59.00,59.18,2470500,58.615633
2015-07-20,60.970001,61.110001,59.509998,59.599998,2486000,59.031626