2015-12-16,44.52,44.889999,43.630001,44.580002,2857900,44.580002
2015-12-15,43.66,44.209999,43.41,44.00,3053800,44.00
2015-12-14,43.959999,44.110001,42.849998,43.220001,3859400,43.220001
2015-12-11,44.299999,44.700001,43.630001,43.869999,2521600,43.869999
2015-12-10,45.110001,45.459999,44.889999,45.00,2277600,45.00
2015-12-09,45.549999,45.990002,44.900002,45.139999,2281100,45.139999
2015-12-08,45.950001,46.25,45.75,45.84,2003600,45.84
2015-12-07,46.720001,46.970001,46.18,46.380001,2069400,46.380001
2015-12-04,45.509998,46.869999,45.43,46.709999,2873900,46.709999
2015-12-03,46.119999,46.220001,45.18,45.27,2503000,45.27
2015-12-02,46.259998,46.389999,45.860001,45.959999,2316500,45.959999
2015-12-01,45.919998,46.290001,45.68,46.200001,2103200,46.200001
2015-11-30,45.57,45.889999,45.150002,45.639999,2689700,45.639999
2015-11-27,45.459999,45.720001,45.200001,45.549999,1025300,45.549999
2015-11-25,45.700001,45.82,45.41,45.52,1873800,45.310001
2015-11-24,45.549999,45.91,45.48,45.700001,1778500,45.489171
2015-11-23,45.849998,46.209999,45.720001,45.849998,2082400,45.638477
2015-11-20,46.209999,46.43,45.790001,45.98,3511100,45.767878
2015-11-19,45.900002,46.169998,45.779999,46.02,2010200,45.807695
2015-11-18,45.220001,45.970001,45.130001,45.900002,3080300,45.688249
2015-11-17,46.02,46.200001,45.48,45.540001,2522800,45.329909
2015-11-16,45.060001,45.91,45.02,45.880001,2015700,45.668341
2015-11-13,45.580002,45.849998,45.080002,45.139999,3442200,44.931753
2015-11-12,46.389999,46.639999,45.73,45.73,3217200,45.519032
2015-11-11,47.459999,47.599998,46.73,46.740002,2211000,46.524374
2015-11-10,46.779999,47.380001,46.779999,47.34,2125200,47.121605
2015-11-09,47.580002,47.66,46.689999,46.880001,2292900,46.663728
2015-11-06,47.599998,47.790001,47.209999,47.599998,3028500,47.380404
2015-11-05,46.540001,46.959999,46.540001,46.900002,1579600,46.683636
2015-11-04,46.470001,46.619999,46.279999,46.59,3063900,46.375065
2015-11-03,46.580002,46.919998,46.41,46.50,3446600,46.28548
2015-11-02,46.419998,46.939999,46.349998,46.759998,3632300,46.544279
2015-10-30,47.029999,47.200001,46.25,46.259998,4526000,46.046585
2015-10-29,46.369999,47.18,46.279999,47.119999,4254000,46.902618
2015-10-28,44.990002,46.439999,44.889999,46.419998,4907000,46.205847
2015-10-27,46.00,46.23,44.52,45.34,12959200,45.130831
2015-10-26,49.16,49.25,48.549999,48.810001,2853100,48.584824
2015-10-23,49.099998,49.41,48.919998,49.240002,3355600,49.012841
2015-10-22,48.700001,49.209999,48.68,48.779999,2778900,48.55496
2015-10-21,48.279999,49.07,48.119999,48.41,2793400,48.186668
2015-10-20,47.59,48.43,47.459999,48.080002,4070300,47.858192
2015-10-19,47.00,47.509998,46.830002,47.490002,2713200,47.270914
2015-10-16,47.23,47.279999,46.799999,47.139999,1910300,46.922527
2015-10-15,46.32,46.959999,46.16,46.950001,2095700,46.733404
2015-10-14,46.419998,46.610001,45.830002,45.880001,1846100,45.668341
2015-10-13,46.599998,46.939999,46.450001,46.52,1382600,46.305388
2015-10-12,46.860001,46.959999,46.669998,46.860001,1521200,46.643819
2015-10-09,47.18,47.509998,46.759998,46.880001,2113500,46.663728
2015-10-08,46.669998,47.119999,46.549999,47.110001,1965200,46.892666
2015-10-07,46.75,47.09,46.220001,46.900002,2260900,46.683636
2015-10-06,46.52,46.91,46.299999,46.540001,2462600,46.325296
2015-10-05,46.240002,46.810001,46.119999,46.669998,2430300,46.454694
2015-10-02,44.82,45.91,44.689999,45.91,2770600,45.698201
2015-10-01,45.75,46.080002,45.380001,45.990002,2630300,45.777834
2015-09-30,45.619999,45.830002,45.060001,45.779999,4380400,45.5688
2015-09-29,44.689999,45.099998,44.209999,45.049999,3438000,44.842168
2015-09-28,45.119999,45.169998,44.240002,44.470001,2788800,44.264846
2015-09-25,45.639999,45.810001,45.060001,45.380001,2843000,45.170648
2015-09-24,43.91,45.18,43.860001,45.099998,4516400,44.891937
2015-09-23,44.23,44.630001,44.099998,44.450001,2209800,44.244938
2015-09-22,44.130001,44.32,43.810001,44.119999,2473200,43.916458
2015-09-21,44.689999,45.150002,44.290001,44.669998,4301800,44.46392
2015-09-18,44.860001,45.07,44.23,44.32,7420700,44.115536
2015-09-17,46.560001,46.700001,45.700001,45.810001,2601900,45.598664
2015-09-16,46.16,46.650002,46.009998,46.509998,3038200,46.295432
2015-09-15,45.830002,46.349998,45.529999,46.220001,2666600,46.006773
2015-09-14,45.93,45.93,45.439999,45.560001,1762000,45.349818
2015-09-11,45.48,45.950001,45.23,45.950001,2423900,45.738018
2015-09-10,45.080002,46.110001,45.07,45.810001,2794700,45.598664
2015-09-09,46.380001,46.509998,45.169998,45.299999,2443300,45.091015
2015-09-08,45.630001,45.939999,45.150002,45.900002,2429700,45.688249
2015-09-04,45.139999,45.310001,44.419998,44.720001,3607000,44.513693
2015-09-03,45.669998,46.27,45.59,45.799999,2504100,45.588708
2015-09-02,45.509998,45.740002,44.93,45.580002,3075200,45.369726
2015-09-01,44.889999,45.419998,44.43,44.75,4582900,44.543553
2015-08-31,46.00,46.18,45.799999,45.950001,3632300,45.738018
2015-08-28,46.43,46.610001,45.689999,46.220001,3426800,46.006773
2015-08-27,46.720001,47.09,46.029999,47.009998,3393500,46.584092
2015-08-26,46.07,46.419998,44.84,46.23,4626400,45.81116
2015-08-25,45.939999,46.240002,44.689999,44.689999,5163800,44.285111
2015-08-24,43.290001,45.380001,42.040001,44.48,5950800,44.077015
2015-08-21,47.77,48.119999,46.709999,46.740002,5536100,46.316542
2015-08-20,48.639999,48.740002,48.369999,48.439999,3639200,48.001137
2015-08-19,49.189999,49.540001,48.810001,49.200001,3128900,48.754253
2015-08-18,49.16,49.630001,49.02,49.529999,3208600,49.081262
2015-08-17,48.919998,49.169998,48.66,49.16,2912700,48.714615
2015-08-14,48.779999,49.459999,48.59,49.380001,3176800,48.932623
2015-08-13,47.509998,50.950001,47.419998,48.82,14600000,48.377695
2015-08-12,47.549999,47.700001,46.650002,47.48,3825700,47.049835
2015-08-11,47.66,48.130001,47.549999,47.84,2773800,47.406574
2015-08-10,48.25,48.529999,48.16,48.380001,2023200,47.941683
2015-08-07,47.50,47.950001,47.349998,47.93,1953100,47.495759
2015-08-06,47.650002,47.869999,47.48,47.689999,2796400,47.257932
2015-08-05,48.07,48.32,47.400002,47.470001,3647400,47.039927
2015-08-04,48.290001,48.32,47.560001,47.77,3901600,47.337209
2015-08-03,47.84,48.240002,47.610001,48.23,3072600,47.79304
2015-07-31,48.00,48.07,47.419998,47.549999,3613900,47.119201
2015-07-30,47.41,48.040001,47.279999,48.00,2873100,47.565125
2015-07-29,47.009998,47.84,47.00,47.669998,4102500,47.238112
2015-07-28,46.540001,47.939999,46.110001,46.849998,6951600,46.425542
2015-07-27,46.049999,46.169998,45.279999,45.66,5386100,45.246325
2015-07-24,46.360001,46.689999,46.240002,46.470001,2748000,46.048987
2015-07-23,46.490002,46.59,46.119999,46.32,3447400,45.900345
2015-07-22,46.720001,46.849998,46.220001,46.41,4606500,45.98953
2015-07-21,46.560001,47.23,46.450001,46.720001,4703900,46.296722
2015-07-20,46.990002,47.00,46.27,46.299999,3847700,45.880526