2015-12-16,46.099998,46.950001,46.080002,46.830002,2266900,46.830002
2015-12-15,45.970001,46.580002,45.93,45.950001,1643600,45.950001
2015-12-14,45.73,46.09,45.139999,45.529999,1952900,45.529999
2015-12-11,45.759998,45.970001,45.290001,45.630001,2390500,45.630001
2015-12-10,46.25,46.43,45.939999,46.32,1778000,46.32
2015-12-09,46.919998,47.860001,45.959999,46.139999,1950700,46.139999
2015-12-08,46.889999,47.459999,46.889999,47.18,1657700,46.87
2015-12-07,47.25,47.860001,47.009998,47.459999,2372400,47.148159
2015-12-04,47.02,47.939999,46.779999,47.66,3639800,47.346846
2015-12-03,47.82,47.84,46.75,47.00,4252700,46.691183
2015-12-02,48.900002,48.990002,47.50,47.650002,2327000,47.336913
2015-12-01,49.00,49.529999,48.599998,48.919998,1956000,48.598566
2015-11-30,48.77,48.98,48.349998,48.919998,2594300,48.598566
2015-11-27,49.650002,49.759998,48.540001,48.73,1314800,48.409815
2015-11-25,49.560001,49.900002,49.240002,49.73,2294900,49.403245
2015-11-24,49.209999,49.77,48.68,49.540001,2523200,49.214494
2015-11-23,49.790001,50.150002,49.209999,49.720001,3194600,49.393312
2015-11-20,50.080002,50.619999,49.740002,50.290001,4379900,49.959567
2015-11-19,49.630001,50.080002,48.900002,49.810001,2362200,49.482721
2015-11-18,48.450001,49.810001,48.439999,49.77,2461600,49.442983
2015-11-17,48.200001,48.689999,47.959999,48.349998,2381200,48.032311
2015-11-16,47.490002,48.200001,47.110001,48.130001,2716000,47.813759
2015-11-13,48.200001,48.310001,47.32,47.540001,2530600,47.227636
2015-11-12,48.900002,49.119999,48.189999,48.330002,2160700,48.012446
2015-11-11,49.720001,50.150002,49.220001,49.310001,1754600,48.986006
2015-11-10,48.799999,49.639999,48.799999,49.619999,1833000,49.293967
2015-11-09,49.18,49.34,48.73,49.029999,2000500,48.707843
2015-11-06,49.209999,49.700001,48.59,49.16,2537600,48.83699
2015-11-05,49.009998,49.630001,48.889999,49.509998,1961100,49.184689
2015-11-04,49.860001,49.950001,48.720001,48.869999,4136800,48.548895
2015-11-03,48.959999,50.009998,48.959999,49.889999,2478700,49.562193
2015-11-02,49.450001,49.720001,48.98,49.099998,2898000,48.777383
2015-10-30,49.950001,49.950001,48.810001,49.450001,3781400,49.125086
2015-10-29,47.419998,49.990002,47.389999,49.959999,9364700,49.631733
2015-10-28,47.68,48.099998,46.799999,47.73,3858800,47.416386
2015-10-27,47.759998,48.169998,47.490002,47.689999,2895500,47.376648
2015-10-26,48.200001,48.389999,47.869999,47.98,3168300,47.664743
2015-10-23,48.50,48.509998,47.389999,48.200001,6521400,47.883299
2015-10-22,47.279999,48.189999,47.00,48.110001,6748700,47.79389
2015-10-21,47.799999,48.290001,46.470001,47.029999,10864200,46.720985
2015-10-20,51.290001,51.990002,46.52,48.25,31739400,47.93297
2015-10-19,55.290001,57.099998,55.209999,56.049999,4406700,55.681718
2015-10-16,55.150002,55.490002,54.950001,55.41,1915800,55.045924
2015-10-15,54.75,55.080002,53.529999,54.970001,4080600,54.608817
2015-10-14,55.00,55.68,54.25,54.389999,2665100,54.032626
2015-10-13,54.34,55.970001,54.02,55.00,3163000,54.638618
2015-10-12,54.52,54.740002,53.77,54.66,3280600,54.300852
2015-10-09,55.080002,55.59,54.849998,55.09,2470000,54.728027
2015-10-08,54.23,55.349998,54.200001,55.080002,2527600,54.718094
2015-10-07,54.869999,55.310001,53.919998,54.549999,4504400,54.191574
2015-10-06,55.75,56.23,54.59,54.82,2811500,54.459801
2015-10-05,55.23,56.400002,55.200001,55.849998,2500000,55.483032
2015-10-02,53.369999,54.990002,53.07,54.950001,2134800,54.588948
2015-10-01,54.849998,54.950001,53.130001,54.09,2672500,53.734598
2015-09-30,54.310001,55.470001,54.18,54.900002,3069900,54.539277
2015-09-29,52.790001,53.580002,52.419998,53.220001,2663300,52.870315
2015-09-28,53.52,53.740002,52.450001,52.75,2376200,52.403402
2015-09-25,53.889999,54.139999,53.580002,53.880001,1910800,53.525978
2015-09-24,52.310001,53.68,52.23,53.439999,2312600,53.088867
2015-09-23,53.599998,53.860001,52.950001,53.09,2026000,52.741168
2015-09-22,53.810001,53.939999,53.23,53.599998,2769700,53.247816
2015-09-21,54.529999,55.50,54.50,54.82,2001400,54.459801
2015-09-18,55.009998,55.080002,54.16,54.419998,4488700,54.062427
2015-09-17,55.970001,56.560001,55.560001,55.700001,1885300,55.33402
2015-09-16,54.919998,56.16,54.889999,55.959999,2080600,55.59231
2015-09-15,54.349998,55.16,54.259998,54.990002,1801700,54.628686
2015-09-14,54.82,55.360001,54.34,54.48,2423500,54.122034
2015-09-11,54.41,54.919998,54.349998,54.779999,2236900,54.420063
2015-09-10,55.259998,55.259998,54.00,54.799999,3386700,54.131969
2015-09-09,56.27,56.68,55.310001,55.43,1919700,54.75429
2015-09-08,55.59,56.00,54.580002,55.759998,2913100,55.080265
2015-09-04,54.790001,55.220001,54.419998,54.779999,2857800,54.112212
2015-09-03,56.119999,56.610001,55.639999,55.790001,2102500,55.109902
2015-09-02,55.310001,55.790001,54.990002,55.790001,2226800,55.109902
2015-09-01,54.790001,55.43,54.27,54.650002,2150300,53.983799
2015-08-31,56.150002,56.580002,55.860001,56.049999,1983700,55.366731
2015-08-28,56.52,56.740002,56.169998,56.639999,1767600,55.949538
2015-08-27,55.669998,56.610001,55.41,56.580002,1980100,55.890272
2015-08-26,54.68,55.00,53.669998,54.889999,2359200,54.220872
2015-08-25,55.549999,55.869999,53.200001,53.209999,3148400,52.561351
2015-08-24,52.50,56.029999,50.639999,54.290001,5348300,53.628187
2015-08-21,58.00,58.349998,56.139999,56.290001,3846200,55.603807
2015-08-20,59.130001,59.59,58.529999,58.540001,3177500,57.826378
2015-08-19,59.32,60.330002,59.200001,59.84,2050800,59.11053
2015-08-18,59.82,59.98,59.459999,59.790001,1666200,59.06114
2015-08-17,59.169998,59.98,58.880001,59.880001,1782500,59.150043
2015-08-14,58.790001,59.59,58.529999,59.23,1457400,58.507966
2015-08-13,58.360001,59.349998,58.209999,58.900002,1351600,58.18199
2015-08-12,59.080002,59.189999,58.060001,58.66,2003300,57.944914
2015-08-11,59.669998,60.02,59.369999,59.720001,2349300,58.991994
2015-08-10,58.93,60.669998,58.91,60.41,3062700,59.673581
2015-08-07,58.450001,59.389999,58.27,58.75,1917400,58.033817
2015-08-06,58.099998,58.720001,57.959999,58.450001,1912400,57.737475
2015-08-05,58.220001,58.639999,58.00,58.110001,1548300,57.40162
2015-08-04,57.66,58.50,57.52,57.950001,1018600,57.24357
2015-08-03,58.50,58.619999,57.799999,58.00,1379400,57.29296
2015-07-31,58.77,58.82,58.110001,58.299999,1631200,57.589302
2015-07-30,58.25,58.869999,58.25,58.59,1513200,57.875768
2015-07-29,58.330002,58.779999,58.130001,58.650002,1738500,57.935038
2015-07-28,58.220001,58.50,57.77,58.18,1861800,57.470766
2015-07-27,57.380001,58.02,57.25,57.799999,2113300,57.095397
2015-07-24,58.73,58.73,57.470001,57.57,2608900,56.868202
2015-07-23,58.810001,59.290001,58.029999,58.25,2205300,57.539913
2015-07-22,57.459999,59.330002,57.459999,58.610001,4753300,57.895525
2015-07-21,57.490002,58.049999,56.43,57.669998,6184400,56.966981
2015-07-20,55.029999,55.349998,54.66,54.939999,2759600,54.270261