2015-12-16,54.290001,55.619999,53.029999,54.360001,3085800,54.360001
2015-12-15,52.82,54.98,52.779999,54.77,2177800,54.77
2015-12-14,51.189999,52.759998,50.900002,51.959999,2552500,51.959999
2015-12-11,51.889999,52.389999,51.07,51.369999,2605300,51.369999
2015-12-10,51.700001,53.060001,51.450001,52.619999,1851900,52.619999
2015-12-09,50.82,53.060001,50.57,51.73,2703600,51.73
2015-12-08,49.84,51.900002,49.709999,50.169998,2803700,50.169998
2015-12-07,51.939999,52.18,49.970001,50.790001,2797000,50.790001
2015-12-04,54.779999,55.299999,53.150002,53.380001,2454700,53.380001
2015-12-03,55.779999,56.130001,54.84,55.610001,2613600,55.610001
2015-12-02,57.709999,58.07,54.860001,55.099998,2359500,55.099998
2015-12-01,57.849998,58.68,57.25,58.509998,1664600,58.509998
2015-11-30,58.77,58.900002,57.18,58.25,2153300,58.25
2015-11-27,58.27,58.27,56.959999,57.360001,631700,57.360001
2015-11-25,58.540001,59.25,56.66,58.490002,1399800,58.490002
2015-11-24,56.439999,58.689999,56.369999,58.50,2093300,58.50
2015-11-23,54.509998,56.049999,54.209999,55.610001,1491300,55.610001
2015-11-20,54.610001,55.450001,53.779999,54.73,1776700,54.73
2015-11-19,55.459999,56.360001,53.990002,54.740002,1501700,54.740002
2015-11-18,55.130001,57.169998,54.23,56.279999,1852600,56.279999
2015-11-17,54.639999,55.75,53.34,54.48,1561400,54.48
2015-11-16,53.52,55.139999,53.18,55.119999,1986800,55.119999
2015-11-13,53.130001,54.889999,52.369999,54.189999,2645600,54.189999
2015-11-12,53.830002,56.330002,52.84,53.439999,3864900,53.439999
2015-11-11,58.439999,58.450001,55.18,55.419998,2876400,55.419998
2015-11-10,57.48,58.740002,56.950001,58.529999,2246300,58.529999
2015-11-09,59.029999,59.630001,57.740002,58.490002,1790800,57.802003
2015-11-06,58.23,59.900002,58.099998,58.950001,1994000,58.256591
2015-11-05,60.049999,61.00,58.470001,58.970001,2100900,58.276356
2015-11-04,61.00,61.50,59.799999,60.27,2319400,59.561064
2015-11-03,58.880001,61.700001,58.689999,61.00,3454200,60.282477
2015-11-02,55.919998,58.470001,55.650002,58.349998,1812300,57.663646
2015-10-30,55.630001,56.619999,54.16,56.27,1806000,55.608115
2015-10-29,55.580002,57.290001,54.860001,55.259998,1985300,54.609993
2015-10-28,55.060001,57.380001,53.970001,55.959999,2358300,55.30176
2015-10-27,54.50,55.509998,53.630001,54.52,2099200,53.878699
2015-10-26,56.779999,56.860001,54.52,54.860001,1878600,54.2147
2015-10-23,56.09,57.869999,55.529999,56.939999,1625800,56.270232
2015-10-22,56.52,57.619999,55.900002,56.709999,1525700,56.042938
2015-10-21,56.169998,56.57,55.389999,55.48,1627400,54.827406
2015-10-20,55.66,57.27,55.32,56.610001,2156500,55.944115
2015-10-19,55.360001,56.73,54.68,55.810001,2261500,55.153526
2015-10-16,58.66,58.799999,55.189999,56.220001,2831500,55.558703
2015-10-15,57.389999,58.630001,56.540001,58.560001,1918000,57.871179
2015-10-14,57.41,57.779999,56.470001,57.599998,2236000,56.922468
2015-10-13,58.209999,58.919998,57.080002,57.41,1981500,56.734704
2015-10-12,60.25,60.50,57.900002,58.50,2943300,57.811883
2015-10-09,59.740002,60.529999,58.34,60.259998,2788600,59.551179
2015-10-08,57.25,60.189999,55.75,59.580002,3698200,58.879181
2015-10-07,57.130001,58.639999,55.150002,57.009998,4063600,56.339408
2015-10-06,52.299999,56.220001,51.66,56.169998,5430600,55.509289
2015-10-05,50.150002,52.209999,49.73,51.810001,2951400,51.200577
2015-10-02,46.360001,49.380001,46.32,49.279999,2733400,48.700334
2015-10-01,48.209999,49.00,46.50,46.860001,3042500,46.308801
2015-09-30,48.189999,49.049999,46.720001,47.259998,4180100,46.704094
2015-09-29,47.360001,48.73,46.650002,47.84,3445000,47.277274
2015-09-28,46.27,46.860001,46.16,46.50,3208400,45.953035
2015-09-25,47.709999,48.150002,46.740002,47.09,2444400,46.536096
2015-09-24,46.82,48.00,46.610001,47.380001,3361600,46.822685
2015-09-23,47.880001,48.93,46.560001,47.130001,2490800,46.575626
2015-09-22,47.060001,48.860001,47.02,47.439999,2585000,46.881977
2015-09-21,49.540001,50.00,47.959999,48.07,3486200,47.504568
2015-09-18,50.50,51.220001,48.849998,49.27,4189200,48.690453
2015-09-17,52.470001,54.049999,51.459999,52.59,3663400,51.971401
2015-09-16,50.560001,53.07,50.360001,52.849998,3361900,52.228341
2015-09-15,49.380001,50.389999,49.080002,49.889999,2151800,49.303159
2015-09-14,49.310001,49.349998,47.59,49.009998,3326700,48.433509
2015-09-11,49.919998,50.52,48.349998,49.349998,3687400,48.76951
2015-09-10,50.700001,51.48,49.540001,51.290001,3220600,50.686693
2015-09-09,52.84,53.790001,50.32,50.66,2889800,50.064103
2015-09-08,52.459999,53.490002,51.34,52.950001,2911100,52.327167
2015-09-04,54.029999,54.060001,51.959999,52.25,2902400,51.6354
2015-09-03,54.639999,56.830002,54.049999,54.700001,3076600,54.056582
2015-09-02,56.419998,56.529999,53.00,54.610001,4051400,53.967641
2015-09-01,56.900002,58.509998,55.389999,55.919998,2822400,55.262229
2015-08-31,56.580002,59.330002,55.50,59.009998,3651700,58.315883
2015-08-28,55.110001,59.169998,54.509998,57.650002,4819400,56.971883
2015-08-27,52.860001,55.32,52.25,55.09,3468800,54.441994
2015-08-26,52.150002,53.580002,50.32,51.490002,4298800,50.884341
2015-08-25,53.380001,53.380001,50.59,50.91,4287500,50.311162
2015-08-24,50.310001,53.900002,49.990002,51.369999,4376100,50.76575
2015-08-21,56.52,58.009998,54.720001,54.75,2671500,54.105993
2015-08-20,57.759998,58.540001,56.459999,56.459999,1837500,55.795878
2015-08-19,58.080002,58.419998,56.50,57.209999,2251500,56.537056
2015-08-18,58.07,59.279999,57.779999,58.630001,1554700,57.940355
2015-08-17,57.959999,58.759998,57.029999,58.029999,2262300,57.347411
2015-08-14,60.490002,61.75,58.200001,58.259998,2464400,57.574705
2015-08-13,61.580002,61.880001,59.75,60.43,2040100,59.719182
2015-08-12,60.75,62.990002,60.080002,62.290001,2567500,61.557304
2015-08-11,60.77,62.349998,60.189999,61.740002,2970200,60.333866
2015-08-10,59.689999,63.07,59.130001,62.669998,2298600,61.242682
2015-08-07,61.18,62.98,59.07,59.459999,2841200,58.105791
2015-08-06,57.099998,62.040001,56.07,61.66,3499200,60.255686
2015-08-05,59.299999,60.189999,56.880001,57.459999,2285100,56.151341
2015-08-04,58.310001,59.73,58.130001,58.490002,1887300,57.157885
2015-08-03,57.450001,58.880001,56.720001,57.759998,2088700,56.444508
2015-07-31,58.130001,59.00,57.470001,57.740002,2024200,56.424967
2015-07-30,59.68,60.889999,58.27,58.73,3978200,57.392417
2015-07-29,57.470001,60.450001,56.91,59.799999,4116300,58.438047
2015-07-28,56.139999,58.369999,54.93,57.77,2574300,56.454282
2015-07-27,55.18,56.34,54.200001,55.639999,3164600,54.372792
2015-07-24,59.599998,59.610001,55.540001,55.919998,4684200,54.646414
2015-07-23,59.16,61.240002,58.830002,59.610001,2359800,58.252376
2015-07-22,58.990002,59.25,58.169998,58.82,2028400,57.480368
2015-07-21,59.799999,61.25,59.189999,59.27,2236700,57.920119
2015-07-20,60.509998,60.700001,59.34,59.779999,2045400,58.418503