2015-12-16,12.27,12.40,12.18,12.26,18098800,12.26
2015-12-15,12.22,12.47,12.20,12.21,18578000,12.21
2015-12-14,12.30,12.47,12.01,12.16,19218000,12.16
2015-12-11,12.14,12.28,12.04,12.21,20639200,12.21
2015-12-10,12.12,12.38,12.12,12.36,15118800,12.36
2015-12-09,12.08,12.45,12.05,12.11,23603500,12.11
2015-12-08,11.92,12.36,11.89,12.19,20595500,12.19
2015-12-07,12.21,12.47,12.07,12.15,21616400,12.15
2015-12-04,12.15,12.56,12.12,12.32,21815300,12.195999
2015-12-03,11.97,12.37,11.86,12.15,47349900,12.02771
2015-12-02,12.61,12.61,11.90,11.95,52272800,11.829724
2015-12-01,12.63,12.77,12.52,12.74,17801800,12.611772
2015-11-30,12.58,12.69,12.39,12.54,28852400,12.413785
2015-11-27,12.54,12.88,12.51,12.61,17214300,12.483081
2015-11-25,13.17,13.27,12.26,12.64,71908600,12.512779
2015-11-24,14.07,14.82,14.02,14.64,28906300,14.492649
2015-11-23,14.31,14.33,13.99,14.23,14518100,14.086775
2015-11-20,13.84,14.09,13.81,14.06,20111400,13.918487
2015-11-19,13.67,13.84,13.62,13.79,15354600,13.651204
2015-11-18,13.43,13.69,13.38,13.64,12828600,13.502714
2015-11-17,13.41,13.65,13.26,13.28,14773000,13.146337
2015-11-16,13.15,13.43,13.11,13.35,12704600,13.215633
2015-11-13,13.36,13.45,13.03,13.11,17493700,12.978048
2015-11-12,13.79,13.80,13.29,13.31,20432200,13.176036
2015-11-11,14.13,14.21,13.90,13.92,9752900,13.779896
2015-11-10,13.87,14.14,13.83,14.12,15740300,13.977883
2015-11-09,14.25,14.35,13.84,13.87,19631600,13.730399
2015-11-06,13.96,14.06,13.83,14.01,21712700,13.86899
2015-11-05,14.21,14.25,13.96,14.05,16651600,13.908588
2015-11-04,14.25,14.43,13.91,14.14,34907600,13.997682
2015-11-03,13.73,14.50,13.55,14.29,39579400,14.146172
2015-11-02,12.47,14.00,12.41,13.83,51620800,13.690802
2015-10-30,27.119999,27.389999,26.719999,26.959998,58129700,12.120185
2015-10-29,27.629998,27.769998,27.269999,27.369998,22002200,12.304505
2015-10-28,27.519999,27.999998,27.399999,27.98,18359200,12.578738
2015-10-27,27.919999,28.039998,27.349998,27.45,33424200,12.340471
2015-10-26,28.939998,29.019999,28.019998,28.069999,22048800,12.619199
2015-10-23,28.979998,29.249998,28.729999,29.029999,18330500,13.050778
2015-10-22,28.359999,28.92,28.359999,28.769999,17540900,12.933892
2015-10-21,28.589999,28.779999,28.209999,28.229999,18080000,12.691129
2015-10-20,28.819998,28.949998,28.459999,28.559998,18177500,12.839484
2015-10-19,28.599999,29.06,28.509999,28.979998,27508000,13.0283
2015-10-16,28.879999,28.959998,28.52,28.859999,26410600,12.974352
2015-10-15,29.039999,29.259999,28.729999,28.769999,26036200,12.933892
2015-10-14,29.129999,29.47,28.939998,29.419999,18953100,13.226107
2015-10-13,29.019999,29.60,28.93,29.229998,19378500,13.14069
2015-10-12,29.209998,29.359998,28.809998,29.299999,18726900,13.17216
2015-10-09,29.139999,29.769998,29.049999,29.299999,52431800,13.17216
2015-10-08,27.99,29.20,27.899998,29.179999,44186400,13.118212
2015-10-07,28.11,28.26,27.749998,28.009998,37784800,12.592225
2015-10-06,27.149999,28.12,27.109999,27.999998,46387100,12.587729
2015-10-05,26.349999,27.239999,26.24,27.18,34995100,12.219089
2015-10-02,25.009999,26.069999,24.999999,26.069999,34297500,11.720075
2015-10-01,25.519999,25.71,25.079998,25.349998,27526500,11.39639
2015-09-30,25.069998,25.71,24.939998,25.609998,42508900,11.513276
2015-09-29,24.48,24.949999,24.299999,24.649998,37439300,11.081697
2015-09-28,24.49,24.90,24.399998,24.569999,33171600,11.045732
2015-09-25,25.409999,25.449998,24.76,25.009999,27951700,11.24354
2015-09-24,25.179998,25.329998,24.939998,25.259999,30536700,11.35593
2015-09-23,25.649999,25.759999,25.29,25.489999,24554500,11.459329
2015-09-22,25.889998,26.289998,25.379999,25.649999,70321300,11.531259
2015-09-21,26.179999,26.699999,26.179999,26.439999,35254900,11.886413
2015-09-18,27.499998,27.529999,26.449999,26.539998,64914500,11.931369
2015-09-17,27.779999,28.269998,27.509999,27.569999,37588100,12.394418
2015-09-16,27.749998,28.549998,27.529999,28.469999,71039800,12.799023
2015-09-15,26.959998,27.269999,26.859999,27.109999,35193500,12.187619
2015-09-14,27.189998,27.509999,26.959998,27.04,28594700,12.15615
2015-09-11,27.18,27.31,26.92,27.149999,25235600,12.205602
2015-09-10,27.189998,27.499998,26.849999,27.329998,22748200,12.286522
2015-09-09,27.889998,28.009998,27.209998,27.259999,25772200,12.255054
2015-09-08,27.429999,27.629998,27.229998,27.59,22639200,12.403409
2015-09-04,27.419999,27.58,26.969999,26.989999,32748800,12.133672
2015-09-03,28.029998,28.699998,27.939999,28.129998,23986200,12.567047
2015-09-02,28.149998,28.159998,27.409999,27.999998,24898200,12.508969
2015-09-01,27.389999,28.149998,27.32,27.809999,39561800,12.424088
2015-08-31,27.809999,28.12,27.71,28.059999,32679000,12.535775
2015-08-28,27.699999,28.129998,27.659999,28.029998,32787800,12.522372
2015-08-27,27.389999,27.86,27.18,27.789999,39007500,12.415152
2015-08-26,26.36,27.129999,25.97,27.099998,50281800,12.106896
2015-08-25,27.18,27.379999,25.649999,25.69,51917400,11.47698
2015-08-24,25.609998,27.759998,24.849999,26.599999,77705900,11.883521
2015-08-21,26.949998,29.429999,26.939998,27.469998,82317400,12.272192
2015-08-20,27.509999,27.86,27.209998,27.349998,36584500,12.218583
2015-08-19,28.189999,28.369999,27.609998,27.739998,35782900,12.392815
2015-08-18,28.349999,28.579998,28.209999,28.39,23687600,12.683202
2015-08-17,28.499999,28.80,28.279998,28.609999,18111000,12.781487
2015-08-14,28.449999,28.829998,28.409998,28.709998,16725300,12.826161
2015-08-13,28.999999,29.409999,28.439998,28.449999,18760600,12.710007
2015-08-12,29.089998,29.129999,28.38,29.099998,28699300,13.000393
2015-08-11,29.939999,29.969999,29.299999,29.319999,20635200,13.098679
2015-08-10,29.47,30.289998,29.46,30.239999,21779500,13.509688
2015-08-07,30.019998,30.209999,29.399999,29.409999,22853200,13.138886
2015-08-06,30.40,30.779999,30.109999,30.14,23400200,13.465013
2015-08-05,30.019998,30.379999,29.969999,30.299998,22831400,13.536492
2015-08-04,30.049998,30.199999,29.519998,29.759998,27861700,13.295248
2015-08-03,30.589998,30.659999,29.829999,30.019998,25410000,13.411402
2015-07-31,30.709998,30.819998,30.479999,30.519999,26260200,13.634777
2015-07-30,30.219999,30.67,30.079999,30.619999,15541700,13.679452
2015-07-29,30.219999,30.449998,30.089999,30.299998,18873800,13.536492
2015-07-28,30.509999,30.529999,30.009998,30.27,17687800,13.52309
2015-07-27,30.489999,30.489999,30.079999,30.249999,21959400,13.514155
2015-07-24,31.179999,31.409998,30.54,30.81,51338300,13.764335
2015-07-23,31.019999,31.459999,30.799999,31.229998,33530100,13.951968
2015-07-22,30.419998,30.789999,30.349999,30.769999,26893000,13.746464
2015-07-21,30.149998,30.689998,30.089999,30.659999,37532600,13.697322
2015-07-20,30.40,30.54,30.099999,30.449998,26343800,13.603504