2015-12-16,78.720001,79.970001,78.330002,79.839996,1862400,79.839996
2015-12-15,78.379997,78.730003,77.440002,78.010002,1397200,78.010002
2015-12-14,76.519997,78.129997,76.18,77.980003,1482300,77.980003
2015-12-11,76.449997,77.800003,76.370003,77.440002,1185600,77.440002
2015-12-10,77.080002,77.580002,76.779999,77.029999,1179800,77.029999
2015-12-09,77.959999,78.660004,76.639999,77.010002,2019900,77.010002
2015-12-08,77.00,77.910004,76.480003,77.720001,1155500,77.720001
2015-12-07,77.599998,77.809998,76.830002,77.459999,1064900,77.459999
2015-12-04,75.889999,77.68,75.809998,77.589996,1325200,77.589996
2015-12-03,75.629997,77.010002,75.32,75.760002,2124200,75.760002
2015-12-02,75.449997,76.089996,75.389999,75.480003,1484900,75.480003
2015-12-01,75.629997,76.449997,75.279999,75.510002,1906400,75.510002
2015-11-30,75.379997,75.440002,74.389999,74.919998,1638200,74.919998
2015-11-27,73.739998,75.199997,73.230003,75.010002,1043100,75.010002
2015-11-25,72.239998,73.970001,72.080002,73.550003,2030800,73.550003
2015-11-24,70.419998,71.709999,69.949997,71.32,1847000,71.32
2015-11-23,68.489998,69.440002,68.209999,69.260002,1067400,69.260002
2015-11-20,69.239998,69.25,68.110001,68.169998,902100,68.169998
2015-11-19,68.809998,69.199997,68.459999,68.839996,755700,68.839996
2015-11-18,67.919998,68.519997,67.699997,68.449997,1023400,68.449997
2015-11-17,68.00,68.029999,67.209999,67.629997,1073700,67.629997
2015-11-16,66.129997,67.839996,66.050003,67.809998,1016700,67.809998
2015-11-13,66.349998,66.879997,66.029999,66.169998,958400,66.169998
2015-11-12,66.970001,67.300003,66.239998,66.43,714900,66.43
2015-11-11,67.699997,67.809998,67.199997,67.360001,1130200,67.360001
2015-11-10,66.400002,67.230003,66.370003,67.059998,892900,67.059998
2015-11-09,66.510002,66.730003,65.839996,66.589996,696200,66.589996
2015-11-06,67.43,67.519997,65.989998,66.629997,886200,66.629997
2015-11-05,67.290001,67.730003,67.080002,67.599998,723000,67.599998
2015-11-04,68.099998,68.150002,66.779999,67.220001,827600,67.220001
2015-11-03,67.370003,67.809998,66.610001,67.769997,652100,67.769997
2015-11-02,67.900002,68.089996,66.699997,67.519997,940200,67.519997
2015-10-30,67.580002,68.150002,67.470001,67.550003,1770900,67.550003
2015-10-29,67.370003,67.889999,66.959999,67.830002,670400,67.830002
2015-10-28,67.07,67.790001,66.699997,67.629997,1093500,67.629997
2015-10-27,67.07,67.419998,66.190002,66.839996,1410900,66.839996
2015-10-26,68.169998,68.300003,67.059998,67.620003,1297300,67.620003
2015-10-23,68.849998,68.970001,67.879997,68.330002,850300,68.330002
2015-10-22,66.860001,68.690002,66.699997,68.489998,923800,68.489998
2015-10-21,66.010002,66.970001,65.839996,66.610001,989400,66.610001
2015-10-20,66.25,66.379997,65.639999,65.940002,773100,65.940002
2015-10-19,65.839996,66.690002,65.50,66.330002,1179700,66.330002
2015-10-16,65.099998,65.949997,64.839996,65.900002,794300,65.900002
2015-10-15,64.839996,65.300003,64.099998,64.889999,870300,64.889999
2015-10-14,65.889999,65.980003,64.410004,64.699997,870800,64.449997
2015-10-13,66.120003,66.540001,65.769997,65.889999,981300,65.635401
2015-10-12,65.379997,66.410004,65.339996,66.400002,926400,66.143433
2015-10-09,65.129997,65.68,64.769997,65.419998,800600,65.167216
2015-10-08,63.939999,65.209999,63.630001,65.129997,983300,64.878336
2015-10-07,64.010002,64.290001,63.310001,64.010002,1300400,63.762668
2015-10-06,65.309998,65.32,63.630001,63.779999,1461800,63.533553
2015-10-05,64.620003,65.480003,64.400002,65.339996,2209600,65.087523
2015-10-02,62.619999,64.199997,62.400002,64.18,1286100,63.932009
2015-10-01,63.52,63.619999,62.400002,63.209999,1188500,62.965756
2015-09-30,62.189999,63.400002,61.990002,63.310001,1728400,63.065372
2015-09-29,61.580002,61.889999,60.990002,61.779999,1098500,61.541281
2015-09-28,61.860001,62.16,61.279999,61.450001,945100,61.212559
2015-09-25,61.77,62.82,61.43,62.189999,1152000,61.949697
2015-09-24,60.310001,61.279999,60.110001,61.200001,772500,60.963525
2015-09-23,60.330002,60.75,60.139999,60.700001,692200,60.465457
2015-09-22,60.849998,60.849998,59.869999,60.330002,955400,60.096887
2015-09-21,61.369999,61.490002,61.029999,61.220001,978400,60.983448
2015-09-18,61.639999,61.91,60.959999,61.080002,1696800,60.843989
2015-09-17,62.299999,62.82,61.639999,62.169998,1175700,61.929774
2015-09-16,62.400002,62.93,61.990002,62.82,795700,62.577264
2015-09-15,61.73,62.029999,60.950001,61.98,719500,61.740509
2015-09-14,61.669998,61.669998,61.16,61.389999,579200,61.152789
2015-09-11,61.00,61.75,60.580002,61.720001,718500,61.481516
2015-09-10,60.93,61.369999,60.580002,61.009998,896500,60.774256
2015-09-09,62.459999,62.540001,60.900002,61.060001,1114100,60.824066
2015-09-08,61.41,62.119999,61.07,62.09,1367100,61.850085
2015-09-04,60.68,60.889999,60.169998,60.669998,769800,60.43557
2015-09-03,60.889999,61.689999,60.650002,61.18,1034500,60.943601
2015-09-02,60.41,60.650002,60.009998,60.639999,885500,60.405687
2015-09-01,60.080002,60.540001,59.34,59.650002,967300,59.419514
2015-08-31,61.43,61.43,60.799999,61.099998,838800,60.863909
2015-08-28,61.209999,61.560001,60.919998,61.50,768000,61.262365
2015-08-27,60.84,61.509998,60.299999,61.380001,855000,61.142829
2015-08-26,59.919998,60.52,58.75,60.450001,906400,60.216423
2015-08-25,60.540001,60.639999,58.73,58.779999,1091000,58.552873
2015-08-24,59.50,59.650002,58.360001,59.330002,1760300,59.100751
2015-08-21,63.360001,63.380001,61.349998,61.380001,1666200,61.142829
2015-08-20,61.650002,64.129997,61.50,63.59,2054800,63.344289
2015-08-19,62.48,62.48,59.900002,61.220001,1394200,60.983448
2015-08-18,61.470001,61.490002,60.380001,60.50,1160000,60.266229
2015-08-17,60.970001,61.560001,60.650002,61.34,629700,61.102983
2015-08-14,60.57,61.259998,60.380001,61.209999,622400,60.973484
2015-08-13,60.860001,60.970001,60.349998,60.50,753900,60.266229
2015-08-12,60.00,60.950001,59.73,60.889999,958200,60.654721
2015-08-11,60.439999,60.68,60.02,60.459999,616700,60.226382
2015-08-10,60.43,61.169998,60.27,60.860001,651300,60.624838
2015-08-07,60.279999,60.279999,59.830002,60.23,585000,59.997271
2015-08-06,61.00,61.00,60.049999,60.279999,681600,60.047077
2015-08-05,60.68,61.32,60.330002,60.799999,897600,60.565069
2015-08-04,59.310001,60.580002,59.25,60.299999,799600,60.067001
2015-08-03,58.75,59.43,58.509998,59.43,760600,59.200363
2015-07-31,59.59,59.630001,59.049999,59.209999,1013900,58.981212
2015-07-30,58.540001,59.459999,58.209999,59.34,623200,59.110711
2015-07-29,58.41,58.84,58.240002,58.799999,486400,58.572797
2015-07-28,57.549999,58.490002,57.330002,58.470001,485500,58.244074
2015-07-27,57.32,57.540001,56.889999,57.419998,553500,57.198128
2015-07-24,57.549999,57.799999,57.330002,57.560001,510200,57.33759
2015-07-23,57.650002,58.150002,57.43,57.66,395900,57.437202
2015-07-22,57.490002,57.869999,57.34,57.759998,420900,57.536814
2015-07-21,57.830002,58.07,57.419998,57.459999,726600,57.237974
2015-07-20,57.580002,57.889999,57.290001,57.860001,611600,57.63643