2015-12-16,83.360001,84.050003,82.379997,83.559998,702300,83.559998
2015-12-15,82.449997,83.709999,82.449997,82.900002,953700,82.900002
2015-12-14,82.57,83.019997,81.650002,81.910004,1205500,81.910004
2015-12-11,82.160004,82.769997,81.639999,82.389999,722700,82.389999
2015-12-10,82.900002,84.00,82.540001,83.190002,1307900,83.190002
2015-12-09,83.879997,84.389999,82.879997,83.339996,1067700,83.339996
2015-12-08,83.699997,84.550003,83.150002,84.269997,1493900,84.269997
2015-12-07,83.970001,84.459999,83.419998,83.839996,501200,83.839996
2015-12-04,82.699997,84.910004,82.589996,84.269997,815700,84.269997
2015-12-03,83.879997,83.919998,82.449997,82.919998,1060800,82.919998
2015-12-02,83.760002,84.580002,83.610001,83.739998,744200,83.739998
2015-12-01,83.410004,84.120003,83.169998,83.989998,851600,83.989998
2015-11-30,83.379997,83.769997,82.879997,83.129997,996900,83.129997
2015-11-27,82.82,83.279999,82.68,83.099998,247300,83.099998
2015-11-25,82.459999,83.459999,82.199997,82.919998,605900,82.919998
2015-11-24,82.339996,83.050003,82.019997,82.449997,803500,82.449997
2015-11-23,82.93,83.669998,82.43,82.730003,523900,82.730003
2015-11-20,83.669998,83.949997,82.599998,82.779999,782400,82.779999
2015-11-19,82.160004,83.260002,82.00,83.209999,605900,83.209999
2015-11-18,81.489998,82.129997,81.150002,82.080002,684300,82.080002
2015-11-17,81.50,81.989998,80.040001,81.190002,1461800,81.190002
2015-11-16,78.199997,80.709999,77.940002,80.610001,1154500,80.110001
2015-11-13,78.470001,78.800003,77.75,78.230003,693800,77.744766
2015-11-12,78.870003,79.309998,78.68,78.709999,767600,78.221785
2015-11-11,79.50,79.779999,79.07,79.449997,668100,78.957193
2015-11-10,79.279999,79.43,78.779999,79.050003,1288900,78.55968
2015-11-09,78.800003,79.949997,78.800003,79.489998,945900,78.996945
2015-11-06,79.449997,79.610001,79.019997,79.580002,703400,79.086391
2015-11-05,79.779999,80.220001,78.93,79.489998,1042800,78.996945
2015-11-04,81.529999,82.089996,79.580002,79.809998,1116500,79.31496
2015-11-03,78.389999,82.230003,77.00,81.00,1849300,80.497581
2015-11-02,79.300003,80.00,78.690002,79.709999,889700,79.215582
2015-10-30,79.559998,80.099998,79.089996,79.129997,1195200,78.639178
2015-10-29,78.239998,79.809998,77.879997,79.370003,1024100,78.877695
2015-10-28,75.379997,78.730003,75.00,78.669998,1121400,78.182032
2015-10-27,75.00,75.339996,74.370003,74.910004,734800,74.44536
2015-10-26,76.610001,76.980003,75.389999,75.50,593000,75.031696
2015-10-23,77.040001,77.040001,75.629997,76.489998,595600,76.015554
2015-10-22,75.709999,76.510002,75.57,76.00,719200,75.528595
2015-10-21,76.790001,76.790001,74.879997,74.970001,527300,74.504985
2015-10-20,75.230003,76.529999,75.010002,76.300003,775000,75.826737
2015-10-19,76.139999,76.57,75.169998,75.330002,830300,74.862753
2015-10-16,76.540001,76.790001,75.889999,76.580002,659400,76.104999
2015-10-15,76.529999,76.610001,75.269997,76.440002,655100,75.965868
2015-10-14,75.540001,76.50,75.349998,76.029999,720700,75.558408
2015-10-13,76.370003,76.82,75.50,75.57,1075000,75.101262
2015-10-12,76.489998,77.889999,76.32,77.00,1366600,76.522392
2015-10-09,75.529999,75.800003,75.080002,75.730003,557500,75.260273
2015-10-08,74.43,75.660004,74.349998,75.50,478100,75.031696
2015-10-07,75.080002,75.150002,73.720001,74.730003,992900,74.266476
2015-10-06,74.50,74.919998,74.010002,74.440002,807600,73.978274
2015-10-05,74.540001,75.440002,74.260002,74.739998,882700,74.276408
2015-10-02,72.269997,74.029999,71.889999,73.959999,929500,73.501248
2015-10-01,72.989998,73.620003,72.68,73.239998,1300200,72.785712
2015-09-30,71.989998,73.260002,71.660004,73.150002,1030200,72.696274
2015-09-29,70.25,71.220001,70.099998,71.07,1193900,70.629174
2015-09-28,71.660004,72.099998,70.199997,70.279999,667300,69.844073
2015-09-25,72.239998,73.150002,72.059998,72.220001,1633100,71.772042
2015-09-24,71.839996,72.279999,71.199997,71.550003,953400,71.1062
2015-09-23,72.480003,72.620003,71.910004,72.449997,701300,72.000612
2015-09-22,72.559998,72.900002,72.080002,72.279999,838300,71.831668
2015-09-21,73.440002,74.239998,73.209999,73.489998,808600,73.034162
2015-09-18,73.639999,74.370003,72.959999,73.169998,1174100,72.716147
2015-09-17,74.580002,75.550003,74.199997,74.650002,1131900,74.18697
2015-09-16,73.870003,74.660004,73.650002,74.540001,675700,74.077652
2015-09-15,70.25,74.419998,70.25,73.93,696900,73.471435
2015-09-14,74.029999,74.480003,73.529999,73.900002,652300,73.441622
2015-09-11,74.339996,74.809998,73.50,74.089996,794600,73.630438
2015-09-10,75.43,75.870003,74.830002,75.07,726800,74.604363
2015-09-09,77.419998,77.639999,75.360001,75.529999,1213400,75.061509
2015-09-08,75.779999,77.239998,74.419998,76.980003,2097700,76.005623
2015-09-04,74.57,75.029999,73.68,73.959999,794200,73.023844
2015-09-03,75.410004,76.580002,75.309998,75.75,898800,74.791188
2015-09-02,75.18,75.699997,74.440002,75.339996,768200,74.386374
2015-09-01,75.419998,75.82,74.150002,74.639999,1504700,73.695237
2015-08-31,77.110001,77.449997,76.529999,76.82,768300,75.847644
2015-08-28,76.650002,77.580002,76.50,77.540001,735000,76.558532
2015-08-27,76.50,77.099998,75.519997,77.059998,740300,76.084604
2015-08-26,75.519997,75.93,73.510002,75.839996,1119400,74.880045
2015-08-25,76.349998,77.080002,73.730003,73.760002,1754100,72.826379
2015-08-24,74.029999,77.760002,72.489998,75.18,1575600,74.228403
2015-08-21,79.599998,79.900002,78.260002,78.419998,1273800,77.427391
2015-08-20,81.459999,81.660004,80.160004,80.209999,570700,79.194734
2015-08-19,82.339996,82.519997,81.239998,81.989998,667200,80.952203
2015-08-18,82.849998,83.220001,82.370003,82.629997,644900,81.584101
2015-08-17,82.269997,83.099998,81.830002,83.019997,579900,81.969164
2015-08-14,82.839996,83.019997,81.980003,82.870003,523800,81.821069
2015-08-13,83.529999,83.970001,82.540001,82.580002,666600,81.534739
2015-08-12,82.550003,83.470001,81.669998,83.410004,694000,82.354235
2015-08-11,84.059998,84.199997,82.379997,82.93,1128100,81.880307
2015-08-10,82.75,84.779999,82.239998,84.589996,1857800,83.519291
2015-08-07,82.879997,82.879997,78.610001,81.57,2539200,80.537521
2015-08-06,83.040001,83.220001,82.279999,82.940002,820800,81.890182
2015-08-05,82.610001,83.82,82.160004,83.059998,564600,82.008659
2015-08-04,82.18,82.760002,82.00,82.279999,414600,81.238533
2015-08-03,82.75,82.75,81.540001,82.290001,575900,81.248408
2015-07-31,82.489998,83.330002,82.25,82.940002,908200,81.890182
2015-07-30,81.690002,82.489998,81.379997,82.339996,620000,81.297771
2015-07-29,80.669998,81.830002,80.160004,81.779999,662000,80.744862
2015-07-28,79.93,80.540001,79.370003,80.50,760600,79.481065
2015-07-27,80.790001,80.93,79.760002,79.910004,486200,78.898536
2015-07-24,82.00,82.410004,80.599998,81.040001,562700,80.01423
2015-07-23,81.620003,82.43,81.330002,82.089996,711400,81.050935
2015-07-22,81.150002,81.75,80.760002,81.610001,670500,80.577015
2015-07-21,81.769997,82.199997,80.93,81.290001,552500,80.261066
2015-07-20,82.110001,82.410004,81.480003,81.550003,616300,80.517777