2015-12-16,154.960007,156.210007,152.600006,154.899994,413700,154.899994
2015-12-15,154.970001,155.470001,152.720001,153.429993,433700,153.429993
2015-12-14,153.770004,154.520004,152.380005,153.800003,544700,153.800003
2015-12-11,152.949997,153.970001,152.410004,153.179993,424800,153.179993
2015-12-10,155.059998,156.059998,154.289993,154.789993,503200,154.789993
2015-12-09,156.880005,158.220001,154.350006,155.149994,536300,155.149994
2015-12-08,158.339996,158.600006,156.649994,157.759995,371500,157.759995
2015-12-07,158.279999,159.410004,158.270004,159.199997,335600,159.199997
2015-12-04,156.630005,158.429993,156.350006,158.350006,481300,158.350006
2015-12-03,159.330002,159.460007,155.729996,156.300003,478600,156.300003
2015-12-02,158.690002,159.949997,158.100006,159.100006,512300,159.100006
2015-12-01,157.869995,160.00,157.660004,159.130005,449200,159.130005
2015-11-30,157.350006,157.369995,154.789993,156.479996,651300,156.479996
2015-11-27,155.600006,157.080002,155.059998,156.630005,142200,156.630005
2015-11-25,154.720001,156.130005,154.440002,155.460007,223300,155.460007
2015-11-24,154.809998,154.809998,153.369995,154.589996,444800,154.589996
2015-11-23,156.029999,156.809998,154.789993,155.50,292500,155.50
2015-11-20,155.990005,157.320007,155.169998,156.130005,609600,156.130005
2015-11-19,156.259995,157.460007,154.759995,155.050003,412200,155.050003
2015-11-18,154.970001,156.839996,154.110001,156.570007,477400,156.570007
2015-11-17,153.889999,155.199997,153.00,154.179993,444300,154.179993
2015-11-16,151.440002,154.240005,151.410004,154.020004,473300,154.020004
2015-11-13,152.649994,153.130005,150.520004,151.070007,470100,151.070007
2015-11-12,153.449997,154.279999,152.809998,152.830002,492700,152.830002
2015-11-11,155.00,155.800003,153.309998,153.809998,380700,153.809998
2015-11-10,152.589996,154.869995,152.419998,154.809998,344900,154.809998
2015-11-09,153.440002,153.910004,151.350006,152.979996,397900,152.979996
2015-11-06,152.350006,154.889999,151.660004,153.690002,404400,153.690002
2015-11-05,155.00,155.610001,153.759995,154.210007,512800,154.210007
2015-11-04,150.720001,156.009995,149.979996,154.919998,669400,154.919998
2015-11-03,153.809998,153.809998,151.259995,152.490005,814600,152.490005
2015-11-02,153.190002,154.080002,150.770004,154.009995,640800,154.009995
2015-10-30,151.490005,152.539993,150.509995,151.710007,687600,151.710007
2015-10-29,150.919998,151.880005,149.529999,150.869995,810100,150.869995
2015-10-28,150.809998,151.179993,148.770004,150.960007,532700,150.960007
2015-10-27,149.639999,150.990005,149.490005,150.809998,427400,150.809998
2015-10-26,150.350006,150.50,148.800003,149.570007,426300,149.570007
2015-10-23,149.389999,150.059998,147.399994,149.919998,594100,149.919998
2015-10-22,146.729996,148.509995,145.139999,148.339996,512200,148.339996
2015-10-21,147.050003,147.529999,145.460007,146.320007,315600,146.320007
2015-10-20,145.860001,146.929993,145.229996,146.119995,369200,146.119995
2015-10-19,144.679993,145.679993,144.289993,145.600006,315600,145.600006
2015-10-16,143.460007,144.899994,142.649994,144.839996,338700,144.839996
2015-10-15,140.770004,142.759995,140.110001,142.729996,389300,142.729996
2015-10-14,142.490005,143.320007,140.570007,140.789993,282700,140.789993
2015-10-13,142.75,143.830002,141.880005,141.990005,283300,141.990005
2015-10-12,141.610001,143.179993,141.389999,143.179993,314700,143.179993
2015-10-09,141.100006,141.910004,140.869995,141.699997,483100,141.699997
2015-10-08,138.559998,141.339996,137.699997,141.190002,597500,141.190002
2015-10-07,136.479996,138.770004,136.009995,138.679993,475100,138.679993
2015-10-06,138.110001,138.110001,134.75,136.619995,455000,136.619995
2015-10-05,138.940002,139.339996,137.380005,138.210007,489800,138.210007
2015-10-02,132.210007,137.690002,131.710007,137.639999,631200,137.639999
2015-10-01,133.699997,134.149994,132.25,134.089996,673600,134.089996
2015-09-30,131.229996,133.309998,130.110001,132.720001,783800,132.720001
2015-09-29,128.369995,130.289993,127.800003,129.949997,543200,129.949997
2015-09-28,130.389999,130.509995,127.160004,128.50,557200,128.50
2015-09-25,134.589996,135.389999,130.220001,131.110001,432300,131.110001
2015-09-24,134.300003,135.369995,132.919998,133.839996,300400,133.839996
2015-09-23,135.289993,135.710007,134.509995,135.070007,212200,135.070007
2015-09-22,135.460007,135.970001,134.270004,135.429993,202500,135.429993
2015-09-21,137.649994,138.899994,136.110001,136.949997,317100,136.949997
2015-09-18,137.00,138.449997,136.020004,137.350006,705200,137.350006
2015-09-17,136.839996,139.490005,136.800003,138.059998,462100,138.059998
2015-09-16,135.259995,136.820007,134.339996,136.580002,423000,136.580002
2015-09-15,135.710007,136.389999,135.070007,135.410004,451200,135.410004
2015-09-14,135.679993,135.710007,134.649994,135.490005,289600,135.490005
2015-09-11,134.100006,135.580002,133.809998,135.240005,285200,135.240005
2015-09-10,133.899994,135.960007,133.529999,134.850006,238600,134.850006
2015-09-09,137.529999,138.070007,134.009995,134.360001,237500,134.360001
2015-09-08,135.240005,136.660004,134.199997,136.589996,429400,136.589996
2015-09-04,133.220001,134.690002,132.479996,133.270004,281700,133.270004
2015-09-03,136.289993,136.820007,134.869995,135.149994,284700,135.149994
2015-09-02,134.509995,135.490005,133.110001,135.380005,513400,135.380005
2015-09-01,134.179993,135.210007,132.050003,132.559998,491200,132.559998
2015-08-31,138.759995,139.570007,136.389999,136.809998,413100,136.809998
2015-08-28,137.570007,139.619995,136.949997,139.399994,517100,139.399994
2015-08-27,138.529999,139.229996,136.300003,138.679993,642100,138.679993
2015-08-26,135.740005,137.610001,132.520004,137.270004,573000,137.270004
2015-08-25,136.210007,136.460007,132.229996,132.229996,713500,132.229996
2015-08-24,131.179993,136.320007,126.169998,133.309998,1015900,133.309998
2015-08-21,140.820007,141.470001,138.100006,138.100006,733600,138.100006
2015-08-20,145.570007,147.759995,142.580002,142.610001,413100,142.610001
2015-08-19,146.610001,147.820007,145.550003,146.710007,390400,146.710007
2015-08-18,145.869995,148.360001,145.869995,147.309998,485600,147.309998
2015-08-17,144.320007,145.880005,143.639999,145.860001,310100,145.860001
2015-08-14,144.699997,145.229996,144.089996,145.100006,160200,145.100006
2015-08-13,144.570007,145.619995,143.979996,145.149994,450300,145.149994
2015-08-12,144.020004,144.839996,142.229996,144.759995,378300,144.759995
2015-08-11,144.770004,146.139999,144.410004,145.25,206700,145.25
2015-08-10,145.979996,146.429993,144.880005,145.770004,233000,145.770004
2015-08-07,145.190002,145.789993,143.360001,144.830002,195100,144.830002
2015-08-06,146.660004,147.589996,144.360001,144.970001,334600,144.970001
2015-08-05,147.00,148.169998,146.279999,146.869995,423500,146.869995
2015-08-04,147.410004,147.889999,146.020004,146.279999,296500,146.279999
2015-08-03,147.949997,148.440002,145.929993,146.789993,347200,146.789993
2015-07-31,147.279999,148.029999,145.990005,147.979996,398700,147.979996
2015-07-30,145.419998,147.229996,144.470001,146.759995,361500,146.759995
2015-07-29,149.949997,149.949997,144.130005,146.539993,886900,146.539993
2015-07-28,147.029999,149.850006,146.160004,149.619995,606700,149.619995
2015-07-27,146.729996,147.229996,145.740005,146.649994,354200,146.649994
2015-07-24,147.380005,147.710007,146.589996,147.020004,310100,147.020004
2015-07-23,149.059998,149.059998,147.119995,147.369995,235800,147.369995
2015-07-22,147.470001,149.100006,147.25,148.630005,328900,148.630005
2015-07-21,148.110001,148.220001,146.50,147.429993,413300,147.429993
2015-07-20,148.039993,148.600006,147.740005,148.00,309500,148.00