2015-12-16,16.00,16.07,15.67,16.02,8036600,16.02
2015-12-15,15.86,15.95,15.68,15.87,7156900,15.87
2015-12-14,15.83,15.88,15.42,15.71,10325600,15.71
2015-12-11,15.92,16.15,15.71,15.81,10442600,15.81
2015-12-10,15.91,16.24,15.89,16.129999,9147700,16.129999
2015-12-09,15.85,16.23,15.76,15.87,7382700,15.87
2015-12-08,15.86,16.049999,15.80,16.00,6701200,16.00
2015-12-07,16.24,16.280001,15.84,15.91,9509200,15.91
2015-12-04,16.040001,16.370001,15.99,16.34,9484400,16.34
2015-12-03,16.41,16.52,15.99,15.99,10592000,15.99
2015-12-02,16.809999,16.92,16.389999,16.40,6687800,16.40
2015-12-01,16.73,16.91,16.66,16.85,8559500,16.85
2015-11-30,16.65,16.690001,16.43,16.60,11314300,16.60
2015-11-27,16.540001,16.75,16.49,16.620001,2923000,16.620001
2015-11-25,16.25,16.629999,16.25,16.52,9353400,16.52
2015-11-24,16.129999,16.32,16.02,16.24,7567500,16.24
2015-11-23,16.309999,16.459999,16.190001,16.26,7911300,16.26
2015-11-20,16.280001,16.379999,15.98,16.110001,10862900,16.110001
2015-11-19,16.549999,16.639999,16.18,16.24,6422500,16.24
2015-11-18,16.469999,16.549999,16.200001,16.48,9480600,16.48
2015-11-17,16.76,16.889999,16.370001,16.389999,9129700,16.389999
2015-11-16,16.549999,16.719999,16.290001,16.700001,7216900,16.700001
2015-11-13,17.040001,17.18,16.57,16.60,7733900,16.60
2015-11-12,17.09,17.27,17.040001,17.040001,5273500,17.040001
2015-11-11,17.23,17.33,17.110001,17.15,6449400,17.15
2015-11-10,17.15,17.290001,17.02,17.209999,6187000,17.209999
2015-11-09,17.35,17.42,17.02,17.139999,8545800,17.139999
2015-11-06,17.66,17.68,17.360001,17.48,13401900,17.48
2015-11-05,17.58,17.85,17.530001,17.83,9049200,17.83
2015-11-04,17.530001,17.74,17.49,17.610001,6167700,17.610001
2015-11-03,17.50,17.76,17.43,17.51,13533100,17.51
2015-11-02,17.33,17.75,17.200001,17.60,11583400,17.60
2015-10-30,17.26,17.40,16.92,17.33,11700100,17.33
2015-10-29,16.860001,17.33,16.639999,17.24,15176900,17.24
2015-10-28,16.360001,16.799999,16.08,16.559999,13460100,16.559999
2015-10-27,16.25,16.57,15.94,16.27,17585200,16.27
2015-10-26,16.52,16.540001,16.139999,16.299999,15260200,16.299999
2015-10-23,17.17,17.17,16.459999,16.540001,17735700,16.540001
2015-10-22,17.219999,17.59,17.139999,17.57,12190900,17.57
2015-10-21,17.780001,17.799999,17.07,17.120001,10432700,17.120001
2015-10-20,17.629999,17.889999,17.530001,17.690001,6226500,17.690001
2015-10-19,17.530001,17.780001,17.43,17.690001,5866500,17.690001
2015-10-16,17.73,17.860001,17.50,17.57,8384800,17.57
2015-10-15,17.35,17.690001,17.24,17.690001,6630600,17.690001
2015-10-14,17.389999,17.52,17.219999,17.280001,9293600,17.280001
2015-10-13,17.65,17.66,17.26,17.379999,9938800,17.379999
2015-10-12,17.709999,17.879999,17.610001,17.65,4271300,17.65
2015-10-09,17.82,17.940001,17.540001,17.629999,7221800,17.629999
2015-10-08,17.559999,17.940001,17.17,17.85,9592300,17.85
2015-10-07,17.16,17.68,17.059999,17.65,15994000,17.65
2015-10-06,16.60,17.16,16.559999,17.07,10901600,17.07
2015-10-05,16.360001,16.719999,16.299999,16.65,8745700,16.65
2015-10-02,15.87,16.27,15.69,16.25,10778200,16.25
2015-10-01,15.85,16.25,15.62,16.07,14053800,16.07
2015-09-30,15.54,15.88,15.45,15.81,20161200,15.81
2015-09-29,15.65,15.88,15.36,15.39,16052000,15.39
2015-09-28,15.75,15.96,15.52,15.65,13065900,15.65
2015-09-25,16.200001,16.32,15.99,16.25,11484100,16.05
2015-09-24,16.059999,16.24,15.83,16.049999,10789100,15.852461
2015-09-23,16.02,16.25,15.96,16.17,7474400,15.970985
2015-09-22,16.469999,16.469999,16.040001,16.040001,10549300,15.842585
2015-09-21,16.59,16.73,16.51,16.620001,13870700,16.415447
2015-09-18,17.02,17.15,16.49,16.530001,19847700,16.326554
2015-09-17,17.40,17.82,17.190001,17.42,8224200,17.2056
2015-09-16,17.17,17.450001,17.059999,17.41,9248400,17.195723
2015-09-15,17.629999,17.629999,16.85,17.27,15597100,17.057446
2015-09-14,17.75,17.75,17.57,17.68,5438400,17.4624
2015-09-11,17.34,17.74,17.219999,17.74,6256900,17.521661
2015-09-10,17.24,17.57,17.209999,17.34,7076500,17.126585
2015-09-09,17.76,17.809999,17.280001,17.33,5658200,17.116707
2015-09-08,17.450001,17.639999,17.41,17.58,7718700,17.36363
2015-09-04,17.32,17.43,17.07,17.200001,4299100,16.988308
2015-09-03,17.559999,17.700001,17.51,17.559999,5121400,17.343876
2015-09-02,17.58,17.629999,17.27,17.459999,5190300,17.245107
2015-09-01,17.35,17.639999,17.18,17.33,7348700,17.116707
2015-08-31,18.190001,18.219999,17.73,17.73,8985500,17.511784
2015-08-28,18.129999,18.299999,18.00,18.280001,6671000,18.055016
2015-08-27,17.85,18.299999,17.809999,18.17,7026900,17.946369
2015-08-26,17.440001,17.75,17.10,17.709999,11904300,17.49203
2015-08-25,18.059999,18.07,17.00,17.00,10676900,16.790769
2015-08-24,17.459999,18.23,17.209999,17.559999,11332900,17.343876
2015-08-21,18.58,18.709999,18.280001,18.290001,9263600,18.064893
2015-08-20,18.969999,19.07,18.68,18.719999,10191600,18.489599
2015-08-19,19.41,19.43,19.059999,19.15,8215300,18.914307
2015-08-18,19.60,19.66,19.360001,19.610001,5752700,19.368647
2015-08-17,19.219999,19.639999,19.129999,19.60,6273900,19.358769
2015-08-14,19.200001,19.290001,19.129999,19.27,7830000,19.032831
2015-08-13,19.049999,19.34,18.85,19.24,6991500,19.0032
2015-08-12,18.90,19.139999,18.66,19.129999,6225800,18.894553
2015-08-11,19.049999,19.33,19.030001,19.16,4274000,18.924184
2015-08-10,19.139999,19.26,19.08,19.200001,5272800,18.963693
2015-08-07,18.870001,18.99,18.74,18.969999,6093600,18.736522
2015-08-06,18.83,19.01,18.450001,18.950001,8145700,18.71677
2015-08-05,19.309999,19.34,18.74,18.83,8205100,18.598246
2015-08-04,19.290001,19.42,19.15,19.190001,5730200,18.953816
2015-08-03,19.309999,19.43,19.23,19.35,5851400,19.111846
2015-07-31,19.42,19.450001,19.08,19.379999,7960600,19.141476
2015-07-30,20.110001,20.15,19.459999,19.549999,11739600,19.309384
2015-07-29,20.049999,20.440001,19.93,20.43,12468200,20.178554
2015-07-28,19.82,20.16,19.76,20.059999,8593200,19.813107
2015-07-27,19.690001,19.889999,19.60,19.709999,10480700,19.467414
2015-07-24,20.10,20.129999,19.459999,19.73,10741300,19.487169
2015-07-23,20.83,20.83,20.040001,20.16,14570200,19.911877
2015-07-22,20.959999,21.09,20.860001,20.90,4509500,20.642769
2015-07-21,21.08,21.16,20.879999,20.93,4279100,20.6724
2015-07-20,21.18,21.25,21.049999,21.129999,2717900,20.869937