2015-12-16,35.360001,35.470001,34.77,35.299999,23135700,35.299999
2015-12-15,34.650002,35.349998,34.639999,35.18,24051300,35.18
2015-12-14,34.380001,34.48,33.880001,34.470001,19357100,34.470001
2015-12-11,34.310001,34.650002,34.200001,34.27,20818200,34.27
2015-12-10,34.849998,35.07,34.66,34.77,17350500,34.77
2015-12-09,34.880001,35.220001,34.509998,34.810001,22047700,34.810001
2015-12-08,34.669998,34.950001,34.419998,34.75,13332900,34.75
2015-12-07,34.790001,35.169998,34.75,34.990002,17668900,34.990002
2015-12-04,34.110001,35.029999,34.00,34.939999,24484400,34.939999
2015-12-03,34.970001,34.990002,34.00,34.040001,29829200,34.040001
2015-12-02,35.09,35.41,34.810001,34.830002,18644100,34.830002
2015-12-01,35.00,35.200001,34.709999,35.09,23352200,35.09
2015-11-30,34.549999,34.900002,34.43,34.77,20131700,34.77
2015-11-27,34.540001,34.68,34.400002,34.459999,6617200,34.459999
2015-11-25,34.259998,34.740002,34.139999,34.450001,17939400,34.450001
2015-11-24,34.330002,34.439999,33.900002,34.360001,21413500,34.360001
2015-11-23,34.66,34.849998,34.41,34.48,20152900,34.48
2015-11-20,34.48,35.290001,34.48,34.66,41137700,34.66
2015-11-19,33.220001,34.73,33.130001,34.299999,45381600,34.299999
2015-11-18,32.73,33.240002,32.619999,33.16,18619800,33.16
2015-11-17,32.150002,32.880001,32.009998,32.639999,22636400,32.639999
2015-11-16,32.09,32.259998,31.93,32.099998,29899700,32.099998
2015-11-13,32.27,32.380001,31.959999,32.110001,23673200,32.110001
2015-11-12,32.709999,32.919998,32.389999,32.400002,23265400,32.400002
2015-11-11,33.16,33.380001,32.799999,32.860001,19864700,32.860001
2015-11-10,33.169998,33.27,32.810001,33.209999,22451700,33.209999
2015-11-09,33.599998,33.830002,33.080002,33.349998,24168700,33.349998
2015-11-06,33.93,33.970001,33.41,33.84,23701700,33.84
2015-11-05,34.099998,34.200001,33.73,34.00,16486100,34.00
2015-11-04,34.27,34.27,33.900002,34.150002,20762100,34.150002
2015-11-03,34.00,34.41,33.98,34.310001,18167000,34.070002
2015-11-02,33.73,34.279999,33.639999,34.110001,21743100,33.8714
2015-10-30,34.099998,34.290001,33.860001,33.860001,24693900,33.623149
2015-10-29,34.200001,34.290001,33.77,34.029999,21325200,33.791958
2015-10-28,34.470001,34.709999,34.119999,34.709999,21908400,34.467202
2015-10-27,34.41,34.549999,34.310001,34.470001,22630100,34.228883
2015-10-26,34.77,34.959999,34.549999,34.59,22646900,34.348042
2015-10-23,34.540001,35.029999,34.400002,34.900002,42796600,34.655875
2015-10-22,33.700001,34.50,33.59,34.400002,39572600,34.159373
2015-10-21,33.669998,34.049999,33.32,33.369999,31928800,33.136575
2015-10-20,33.400002,33.700001,33.310001,33.439999,24416100,33.206085
2015-10-19,32.880001,33.619999,32.869999,33.59,37624000,33.355037
2015-10-16,32.75,33.200001,32.48,33.040001,28659200,32.808885
2015-10-15,32.84,33.060001,32.459999,32.75,37634800,32.520913
2015-10-14,31.389999,32.93,30.85,32.799999,75954800,32.570563
2015-10-13,32.029999,32.48,31.98,32.040001,35588600,31.81588
2015-10-12,32.16,32.32,32.00,32.209999,18795000,31.984689
2015-10-09,32.369999,32.549999,31.940001,32.139999,24209900,31.915179
2015-10-08,32.23,32.599998,31.98,32.52,27794600,32.292522
2015-10-07,32.00,32.419998,31.719999,32.32,36930100,32.093921
2015-10-06,31.16,31.85,31.110001,31.74,35530200,31.517978
2015-10-05,30.73,31.379999,30.559999,31.209999,34842500,30.991684
2015-10-02,29.67,30.530001,29.530001,30.51,27901500,30.296582
2015-10-01,30.209999,30.280001,29.459999,30.00,29832800,29.790149
2015-09-30,29.559999,30.32,29.540001,30.139999,41051700,29.929169
2015-09-29,28.83,29.35,28.76,29.24,34169600,29.035465
2015-09-28,28.68,29.360001,28.639999,28.76,42291000,28.558823
2015-09-25,28.940001,29.120001,28.629999,28.809999,29192300,28.608473
2015-09-24,28.379999,28.67,27.870001,28.48,32754700,28.280781
2015-09-23,29.02,29.09,28.59,28.74,25984000,28.538963
2015-09-22,28.67,28.90,28.48,28.67,28576200,28.469453
2015-09-21,29.09,29.34,28.940001,29.16,24417100,28.956025
2015-09-18,29.219999,29.42,28.809999,29.02,60693400,28.817005
2015-09-17,29.620001,30.200001,29.549999,29.709999,29805200,29.502177
2015-09-16,29.620001,29.790001,29.40,29.77,25957800,29.561759
2015-09-15,29.559999,29.940001,29.48,29.73,29819000,29.522038
2015-09-14,29.469999,29.530001,29.09,29.389999,24065100,29.184416
2015-09-11,29.08,29.52,29.040001,29.469999,21786900,29.263856
2015-09-10,29.18,29.66,28.90,29.27,25195800,29.065256
2015-09-09,29.719999,30.120001,29.17,29.24,30774100,29.035465
2015-09-08,28.98,29.50,28.950001,29.50,27805000,29.293647
2015-09-04,28.57,28.90,28.41,28.52,29116500,28.320502
2015-09-03,28.799999,29.42,28.690001,29.08,38665900,28.876585
2015-09-02,28.35,28.60,28.139999,28.60,34618800,28.399943
2015-09-01,27.91,28.17,27.66,27.82,44144000,27.625398
2015-08-31,28.33,29.129999,28.16,28.540001,42401800,28.340363
2015-08-28,27.67,28.610001,27.450001,28.42,43452400,28.221202
2015-08-27,27.719999,27.91,27.01,27.719999,38649400,27.526097
2015-08-26,26.51,27.34,26.08,27.299999,47386700,27.109035
2015-08-25,27.040001,27.15,25.870001,25.870001,59371900,25.68904
2015-08-24,25.200001,27.629999,24.870001,26.25,83234200,26.066381
2015-08-21,27.33,27.629999,26.559999,26.559999,52288400,26.374212
2015-08-20,28.030001,28.24,27.530001,27.530001,31936600,27.337428
2015-08-19,28.65,28.799999,28.280001,28.360001,30530100,28.161622
2015-08-18,28.950001,29.049999,28.799999,28.91,19182600,28.707774
2015-08-17,28.83,29.200001,28.709999,29.08,15548300,28.876585
2015-08-14,28.92,29.040001,28.82,29.02,14302700,28.817005
2015-08-13,29.40,29.450001,28.870001,28.870001,18821900,28.668055
2015-08-12,28.66,29.57,28.66,29.459999,33589100,29.253926
2015-08-11,29.469999,29.48,28.959999,28.969999,23758900,28.767354
2015-08-10,29.07,29.68,29.059999,29.639999,22807400,29.432667
2015-08-07,28.799999,28.959999,28.690001,28.879999,25606100,28.677983
2015-08-06,29.16,29.23,28.85,29.01,27958200,28.807075
2015-08-05,29.190001,29.389999,29.02,29.120001,23622700,28.916306
2015-08-04,28.98,29.15,28.860001,29.129999,25741700,28.687912
2015-08-03,29.00,29.35,28.90,29.049999,26213600,28.609126
2015-07-31,29.120001,29.120001,28.77,28.950001,27158800,28.510645
2015-07-30,29.10,29.450001,28.85,28.91,26582400,28.471251
2015-07-29,28.950001,29.129999,28.790001,29.01,26470200,28.569734
2015-07-28,28.51,29.18,28.440001,28.959999,33182400,28.520492
2015-07-27,28.07,28.42,27.620001,28.35,42161100,27.919751
2015-07-24,28.530001,28.639999,28.059999,28.059999,31621000,27.634151
2015-07-23,28.66,28.969999,28.43,28.60,33775200,28.165957
2015-07-22,28.57,28.85,28.43,28.610001,36387200,28.175805
2015-07-21,28.959999,29.26,28.67,28.719999,45191000,28.284134
2015-07-20,29.620001,29.620001,29.07,29.10,33812900,28.658368