2015-12-16,98.459999,99.139999,97.00,99.050003,1321700,99.050003
2015-12-15,97.470001,99.360001,96.889999,97.980003,1737800,97.980003
2015-12-14,96.360001,96.93,94.93,96.300003,2340300,96.300003
2015-12-11,95.860001,96.910004,95.849998,96.120003,2264900,96.120003
2015-12-10,98.019997,98.550003,96.959999,96.989998,1758200,96.989998
2015-12-09,98.110001,99.690002,97.339996,97.720001,1569900,97.720001
2015-12-08,97.82,99.00,97.50,98.32,1453200,98.32
2015-12-07,98.720001,99.019997,98.239998,98.830002,1719300,98.830002
2015-12-04,97.940002,98.860001,96.730003,98.629997,2220600,98.629997
2015-12-03,99.459999,99.910004,95.940002,96.379997,2878800,96.379997
2015-12-02,101.330002,101.800003,99.260002,99.50,1721800,99.50
2015-12-01,100.940002,102.580002,100.610001,101.790001,2317100,101.790001
2015-11-30,100.379997,100.760002,99.010002,100.199997,3876300,100.199997
2015-11-27,100.089996,100.760002,99.650002,100.18,1109400,100.18
2015-11-25,99.980003,100.870003,99.43,99.849998,1928500,99.849998
2015-11-24,100.040001,100.75,97.720001,99.760002,3368000,99.760002
2015-11-23,102.519997,103.830002,100.910004,101.029999,2915900,101.029999
2015-11-20,106.279999,108.00,101.169998,103.199997,6622300,103.199997
2015-11-19,96.93,97.68,95.790001,97.419998,3985900,97.419998
2015-11-18,96.529999,96.889999,95.620003,96.620003,3705300,96.620003
2015-11-17,96.599998,97.459999,96.050003,96.43,1848500,96.43
2015-11-16,96.889999,97.57,95.980003,96.900002,1599200,96.900002
2015-11-13,98.029999,98.690002,96.260002,96.529999,1540100,96.529999
2015-11-12,99.169998,99.790001,98.00,98.050003,849800,98.050003
2015-11-11,99.419998,100.629997,98.779999,99.389999,1314200,99.389999
2015-11-10,97.440002,98.970001,97.029999,98.879997,944100,98.879997
2015-11-09,98.18,98.209999,96.75,97.510002,1119400,97.510002
2015-11-06,97.790001,98.540001,97.129997,98.279999,960900,98.279999
2015-11-05,99.209999,99.50,97.410004,97.779999,1348900,97.779999
2015-11-04,97.720001,99.150002,97.00,98.849998,1347200,98.849998
2015-11-03,97.160004,97.970001,97.050003,97.709999,1455100,97.709999
2015-11-02,98.050003,98.199997,97.370003,97.510002,1512300,97.510002
2015-10-30,97.949997,98.120003,97.349998,97.43,1233500,97.43
2015-10-29,97.900002,98.269997,97.580002,97.75,1431000,97.75
2015-10-28,98.309998,98.400002,97.290001,97.989998,1846300,97.989998
2015-10-27,97.650002,98.230003,97.150002,98.029999,1093400,98.029999
2015-10-26,98.129997,99.00,97.639999,97.709999,1440800,97.709999
2015-10-23,97.559998,98.00,96.120003,97.940002,1240700,97.940002
2015-10-22,94.43,97.300003,94.360001,96.860001,1500100,96.860001
2015-10-21,94.900002,94.980003,93.360001,93.870003,1489300,93.870003
2015-10-20,93.889999,94.739998,93.889999,94.300003,1014000,94.300003
2015-10-19,93.529999,94.389999,92.489998,94.080002,1079900,94.080002
2015-10-16,92.57,93.790001,91.169998,93.620003,1823600,93.620003
2015-10-15,91.050003,92.480003,90.82,92.43,2137300,92.43
2015-10-14,91.300003,92.139999,90.410004,90.410004,1926300,90.410004
2015-10-13,92.510002,93.199997,91.260002,91.360001,1770600,91.360001
2015-10-12,92.709999,93.470001,91.650002,93.209999,1553800,93.209999
2015-10-09,92.330002,93.260002,92.290001,92.699997,1334200,92.699997
2015-10-08,90.709999,92.419998,90.00,92.290001,1373500,92.290001
2015-10-07,90.900002,91.489998,89.279999,90.959999,1647000,90.959999
2015-10-06,91.209999,92.190002,90.559998,90.809998,1742400,90.509999
2015-10-05,90.00,91.50,89.459999,91.309998,1525800,91.008347
2015-10-02,87.230003,89.550003,85.610001,89.50,1778400,89.204329
2015-10-01,88.660004,89.720001,87.830002,88.860001,2583900,88.566444
2015-09-30,87.760002,88.830002,87.110001,88.75,2469800,88.456807
2015-09-29,86.18,87.18,85.870003,86.830002,1724800,86.543151
2015-09-28,87.190002,87.93,86.199997,86.220001,2301400,85.935166
2015-09-25,88.68,89.589996,87.440002,87.879997,2328200,87.589678
2015-09-24,86.830002,88.43,86.650002,87.860001,2898400,87.569747
2015-09-23,86.459999,88.370003,86.309998,87.589996,2251100,87.300635
2015-09-22,85.410004,87.239998,85.400002,86.849998,3121500,86.563082
2015-09-21,85.550003,87.300003,85.169998,86.809998,3351900,86.523213
2015-09-18,84.690002,86.199997,84.360001,85.489998,5609300,85.207574
2015-09-17,86.900002,87.370003,85.279999,85.769997,6863300,85.486648
2015-09-16,89.150002,89.610001,88.00,89.470001,1609200,89.174429
2015-09-15,89.129997,89.769997,88.360001,88.989998,1791200,88.696012
2015-09-14,89.050003,89.529999,88.269997,88.82,1517900,88.526575
2015-09-11,87.459999,89.410004,87.150002,89.309998,2615900,89.014954
2015-09-10,87.00,88.870003,86.480003,88.300003,4118100,88.008296
2015-09-09,87.779999,88.330002,86.309998,86.639999,3002900,86.353777
2015-09-08,86.639999,87.790001,85.510002,87.739998,2377000,87.450141
2015-09-04,84.620003,85.82,84.110001,85.129997,3192000,84.848763
2015-09-03,85.879997,86.970001,85.489998,86.040001,3230200,85.75576
2015-09-02,85.690002,85.959999,84.059998,85.830002,2687700,85.546455
2015-09-01,83.349998,85.190002,83.099998,84.099998,3803500,83.822167
2015-08-31,85.459999,85.959999,84.449997,85.75,3340400,85.466717
2015-08-28,85.040001,87.610001,85.029999,86.209999,3537000,85.925197
2015-08-27,84.389999,86.629997,83.629997,86.599998,4322200,86.313908
2015-08-26,82.709999,84.080002,80.800003,83.290001,5663800,83.014845
2015-08-25,86.720001,86.849998,79.629997,79.870003,4786900,79.606145
2015-08-24,82.309998,85.00,80.889999,84.25,6761400,83.971673
2015-08-21,91.059998,93.00,85.110001,89.279999,8703000,88.985054
2015-08-20,105.269997,105.620003,102.720001,102.93,1510600,102.589962
2015-08-19,106.489998,107.07,104.779999,106.269997,1864300,105.918924
2015-08-18,106.040001,106.760002,105.510002,105.720001,832500,105.370746
2015-08-17,105.199997,105.769997,104.50,105.559998,871200,105.211271
2015-08-14,104.550003,106.199997,104.440002,105.620003,768300,105.271078
2015-08-13,105.019997,105.339996,103.760002,104.900002,767000,104.553455
2015-08-12,104.010002,105.080002,103.110001,104.720001,963800,104.37405
2015-08-11,103.699997,104.660004,103.080002,104.620003,1327900,104.274381
2015-08-10,103.089996,104.989998,102.010002,104.989998,1400200,104.643154
2015-08-07,104.050003,105.440002,103.449997,105.440002,1604400,105.091672
2015-08-06,106.989998,107.449997,104.050003,104.169998,1176100,103.825863
2015-08-05,106.040001,107.75,106.040001,106.779999,700800,106.427242
2015-08-04,105.239998,105.830002,104.959999,105.589996,777400,105.241171
2015-08-03,104.669998,105.779999,104.300003,105.050003,987900,104.702961
2015-07-31,106.290001,106.480003,105.400002,105.769997,904100,105.420576
2015-07-30,104.940002,106.059998,103.980003,105.739998,593800,105.390677
2015-07-29,105.360001,105.739998,104.419998,105.519997,991100,105.171402
2015-07-28,105.040001,105.709999,103.660004,105.639999,1288100,105.291008
2015-07-27,106.120003,106.489998,104.769997,105.00,1166400,104.653123
2015-07-24,107.550003,107.809998,106.480003,106.690002,834200,106.337543
2015-07-23,106.870003,107.889999,106.519997,107.25,792900,106.89569
2015-07-22,106.160004,107.120003,106.160004,106.720001,812200,106.367442
2015-07-21,106.290001,107.150002,106.059998,106.150002,996400,105.799326
2015-07-20,106.82,107.169998,106.480003,106.629997,987700,106.277736