2015-12-16,38.380001,38.66,37.759998,38.580002,3474000,38.580002
2015-12-15,37.970001,38.450001,37.82,38.16,4033000,38.16
2015-12-14,38.07,38.18,37.290001,37.57,3303100,37.57
2015-12-11,38.50,38.599998,38.02,38.130001,2534000,38.130001
2015-12-10,39.34,39.509998,38.720001,38.759998,2326000,38.759998
2015-12-09,39.110001,39.93,39.09,39.400002,2796400,39.400002
2015-12-08,39.360001,39.919998,39.16,39.299999,2939900,39.299999
2015-12-07,39.950001,40.060001,39.470001,39.779999,2131800,39.779999
2015-12-04,39.650002,40.330002,39.34,40.23,3137100,40.23
2015-12-03,40.049999,40.450001,39.380001,39.610001,4519900,39.610001
2015-12-02,41.049999,41.169998,39.91,40.07,5307200,40.07
2015-12-01,41.919998,42.119999,40.900002,41.220001,3626900,41.220001
2015-11-30,42.040001,42.369999,41.66,41.830002,4861200,41.830002
2015-11-27,41.68,42.110001,41.50,41.849998,1067900,41.849998
2015-11-25,41.810001,41.93,41.330002,41.639999,2123600,41.639999
2015-11-24,41.009998,41.919998,40.869999,41.830002,3176500,41.830002
2015-11-23,41.169998,41.889999,41.080002,41.189999,2148300,41.189999
2015-11-20,41.490002,41.84,41.049999,41.220001,2137800,41.220001
2015-11-19,41.029999,41.439999,40.830002,41.259998,2581000,41.259998
2015-11-18,40.00,41.139999,40.00,41.060001,3132100,41.060001
2015-11-17,40.220001,41.709999,39.860001,39.869999,7074700,39.869999
2015-11-16,40.16,40.290001,39.59,39.990002,4530700,39.990002
2015-11-13,40.25,40.689999,39.990002,40.189999,3702400,40.189999
2015-11-12,41.50,41.689999,40.220001,40.240002,2953300,40.240002
2015-11-11,42.099998,42.43,41.880001,42.32,3222100,41.88
2015-11-10,42.009998,42.32,41.419998,41.950001,2389800,41.513848
2015-11-09,42.360001,42.509998,41.799999,42.110001,2722400,41.672185
2015-11-06,41.849998,42.700001,41.630001,42.549999,4341900,42.107609
2015-11-05,42.52,42.75,41.849998,42.040001,3059600,41.602913
2015-11-04,42.990002,43.09,42.439999,42.509998,2397900,42.068024
2015-11-03,43.119999,43.43,42.75,42.779999,2568900,42.335217
2015-11-02,42.75,43.619999,42.720001,43.419998,2279600,42.968562
2015-10-30,43.150002,43.41,42.650002,42.689999,2589200,42.246153
2015-10-29,43.970001,44.00,42.799999,42.98,4086800,42.533138
2015-10-28,43.029999,44.18,42.650002,43.93,3576400,43.473262
2015-10-27,43.279999,43.43,42.700001,43.009998,2797900,42.562825
2015-10-26,43.82,43.900002,43.169998,43.459999,2926300,43.008147
2015-10-23,43.169998,43.959999,42.950001,43.849998,4370200,43.394092
2015-10-22,41.66,42.900002,41.509998,42.689999,4149600,42.246153
2015-10-21,41.259998,41.389999,40.599998,41.200001,3245400,40.771646
2015-10-20,41.349998,41.869999,41.18,41.439999,2676100,41.009149
2015-10-19,41.970001,41.990002,41.209999,41.509998,2655000,41.078421
2015-10-16,42.18,42.299999,41.599998,42.130001,2321200,41.691977
2015-10-15,42.049999,42.27,41.150002,42.150002,2971800,41.71177
2015-10-14,42.169998,42.50,41.91,42.110001,2469300,41.672185
2015-10-13,41.709999,42.48,41.630001,42.029999,2618000,41.593015
2015-10-12,42.75,42.939999,41.380001,41.950001,3646100,41.513848
2015-10-09,42.669998,44.830002,42.599998,43.23,7870700,42.780539
2015-10-08,40.299999,41.16,40.200001,41.09,2836100,40.662789
2015-10-07,40.43,40.43,39.790001,40.290001,2386300,39.871107
2015-10-06,39.77,40.009998,39.52,39.849998,3734400,39.43568
2015-10-05,39.130001,39.779999,38.990002,39.75,2561100,39.336721
2015-10-02,37.990002,38.919998,37.68,38.919998,3893100,38.515349
2015-10-01,37.709999,38.630001,37.68,38.349998,3246200,37.951275
2015-09-30,37.790001,38.060001,37.439999,37.790001,3179100,37.3971
2015-09-29,37.459999,37.720001,37.110001,37.389999,3289200,37.001257
2015-09-28,38.369999,38.549999,37.450001,37.48,3361700,37.090322
2015-09-25,39.189999,39.299999,38.57,38.700001,2866000,38.297639
2015-09-24,39.049999,39.110001,38.150002,38.93,4761600,38.525247
2015-09-23,39.549999,39.860001,39.16,39.259998,2483000,38.851814
2015-09-22,40.00,40.07,39.400002,39.57,2721300,39.158592
2015-09-21,40.560001,40.93,40.259998,40.34,2189800,39.920587
2015-09-18,40.50,41.110001,40.240002,40.419998,6225100,39.999753
2015-09-17,41.34,41.619999,40.790001,40.91,2504800,40.48466
2015-09-16,41.130001,41.490002,40.880001,41.209999,2767500,40.78154
2015-09-15,40.970001,41.330002,40.849998,41.099998,3192900,40.672684
2015-09-14,41.77,41.790001,41.27,41.50,2102800,41.068526
2015-09-11,41.650002,41.77,41.27,41.639999,2426900,41.20707
2015-09-10,41.860001,42.169998,41.66,41.82,1859600,41.385199
2015-09-09,43.330002,43.50,41.889999,41.990002,2386800,41.553433
2015-09-08,42.619999,42.970001,42.16,42.939999,2319800,42.493553
2015-09-04,41.540001,42.00,41.43,41.700001,2116700,41.266448
2015-09-03,42.09,42.900002,41.959999,42.150002,1993300,41.71177
2015-09-02,42.43,42.470001,41.490002,41.98,2001800,41.543535
2015-09-01,42.139999,42.380001,41.400002,41.689999,3463800,41.256549
2015-08-31,43.580002,43.59,42.98,43.139999,2100200,42.691475
2015-08-28,42.970001,43.889999,42.709999,43.73,3142900,43.275341
2015-08-27,42.740002,43.32,42.189999,43.150002,3210300,42.701373
2015-08-26,41.73,42.110001,40.939999,42.009998,4210600,41.573222
2015-08-25,43.23,43.549999,40.639999,40.68,5315900,40.257052
2015-08-24,42.049999,43.400002,41.16,42.009998,4932300,41.573222
2015-08-21,45.560001,45.790001,44.290001,44.310001,4187200,43.849312
2015-08-20,46.66,46.66,46.00,46.02,2662100,45.541532
2015-08-19,47.330002,47.360001,46.599998,47.02,2067400,46.531136
2015-08-18,47.849998,47.959999,47.540001,47.599998,2036300,47.105103
2015-08-17,47.25,48.209999,47.009998,48.16,2554300,47.659282
2015-08-14,46.73,47.419998,46.689999,47.310001,2566700,46.818121
2015-08-13,47.09,47.240002,46.830002,46.869999,2416700,46.382694
2015-08-12,46.540001,47.18,46.119999,47.150002,3080600,46.659785
2015-08-11,47.490002,47.759998,47.02,47.27,3326000,46.382693
2015-08-10,47.779999,48.23,47.779999,47.990002,1727700,47.089179
2015-08-07,47.169998,47.700001,47.029999,47.540001,2618000,46.647625
2015-08-06,47.810001,48.060001,47.00,47.27,2082300,46.382693
2015-08-05,47.75,48.169998,47.450001,47.790001,3039200,46.892932
2015-08-04,47.110001,47.709999,47.09,47.41,2291200,46.520064
2015-08-03,47.880001,47.880001,46.82,47.34,2165400,46.451379
2015-07-31,47.689999,48.099998,47.549999,47.869999,2757300,46.971429
2015-07-30,46.759998,47.509998,46.759998,47.470001,3202100,46.578939
2015-07-29,47.759998,48.189999,46.130001,46.990002,7016000,46.10795
2015-07-28,47.57,48.970001,47.529999,48.73,3399900,47.815286
2015-07-27,47.310001,48.00,47.259998,47.360001,2959900,46.471004
2015-07-24,48.349998,48.650002,47.540001,47.75,2778500,46.853682
2015-07-23,48.82,49.110001,48.419998,48.610001,2672300,47.69754
2015-07-22,49.00,49.490002,48.529999,48.810001,4040100,47.893786
2015-07-21,48.380001,48.459999,47.849998,48.09,2444200,47.1873
2015-07-20,47.830002,48.91,47.82,48.650002,3242400,47.73679