2015-12-16,53.700001,54.459999,53.369999,54.360001,1862300,54.360001
2015-12-15,54.470001,54.77,53.439999,53.50,2124100,53.50
2015-12-14,54.599998,54.82,53.610001,54.16,1776900,54.16
2015-12-11,54.43,55.099998,54.209999,54.560001,2928800,54.560001
2015-12-10,54.75,55.529999,54.650002,54.889999,2439300,54.889999
2015-12-09,54.82,55.790001,54.549999,54.950001,2743100,54.950001
2015-12-08,56.709999,56.709999,55.25,55.360001,2735700,55.070002
2015-12-07,58.00,58.189999,57.16,57.25,1795400,56.950101
2015-12-04,57.880001,58.459999,57.50,58.43,1676700,58.12392
2015-12-03,58.130001,58.189999,57.080002,57.639999,2426900,57.338057
2015-12-02,58.82,59.09,57.959999,58.040001,1780100,57.735963
2015-12-01,58.75,59.049999,58.360001,58.98,2009900,58.671038
2015-11-30,58.50,59.119999,58.459999,58.669998,2314500,58.36266
2015-11-27,58.50,58.830002,58.09,58.529999,534600,58.223394
2015-11-25,58.57,59.00,58.400002,58.509998,1648100,58.203499
2015-11-24,58.189999,58.66,57.720001,58.50,1229900,58.193553
2015-11-23,58.849998,58.869999,58.32,58.41,2291200,58.104024
2015-11-20,58.900002,59.439999,58.599998,58.700001,1828800,58.392506
2015-11-19,58.18,58.790001,57.880001,58.669998,1633800,58.36266
2015-11-18,57.66,58.099998,57.23,58.029999,1771800,57.726014
2015-11-17,57.860001,58.099998,57.130001,57.25,1193100,56.950101
2015-11-16,56.889999,57.73,56.75,57.700001,1940400,57.397744
2015-11-13,57.00,57.66,56.66,56.860001,1566300,56.562144
2015-11-12,58.23,58.400002,56.950001,57.060001,2101400,56.761097
2015-11-11,59.150002,59.169998,58.470001,58.84,1162700,58.531772
2015-11-10,58.860001,59.080002,58.349998,58.869999,1543100,58.561614
2015-11-09,60.009998,60.169998,58.630001,59.150002,2164500,58.840149
2015-11-06,59.540001,60.139999,59.150002,60.049999,2262800,59.735432
2015-11-05,59.580002,60.009998,59.369999,59.91,2906100,59.596166
2015-11-04,60.099998,60.259998,59.32,59.540001,2432000,59.228106
2015-11-03,59.889999,60.43,59.50,59.810001,3057600,59.496692
2015-11-02,59.330002,60.360001,59.099998,60.209999,2493300,59.894594
2015-10-30,59.040001,60.02,58.799999,59.259998,2663600,58.94957
2015-10-29,58.290001,59.049999,58.060001,58.98,2051700,58.671038
2015-10-28,57.380001,58.740002,57.209999,58.66,3559900,58.352714
2015-10-27,57.66,58.00,55.73,57.389999,5098400,57.089367
2015-10-26,56.529999,56.970001,56.110001,56.810001,3355700,56.512407
2015-10-23,55.950001,56.75,55.84,56.580002,5474000,56.283612
2015-10-22,54.330002,56.07,54.330002,55.669998,3372100,55.378376
2015-10-21,54.59,55.27,54.23,54.32,2011300,54.035449
2015-10-20,53.200001,54.830002,53.049999,54.330002,3211800,54.045399
2015-10-19,53.380001,53.68,53.099998,53.349998,2139500,53.070529
2015-10-16,54.040001,54.150002,53.23,53.599998,5119600,53.31922
2015-10-15,53.669998,54.279999,53.189999,54.25,2066900,53.965816
2015-10-14,53.82,53.950001,53.209999,53.48,2053900,53.199849
2015-10-13,54.080002,54.639999,53.759998,53.830002,1394500,53.548018
2015-10-12,54.790001,54.970001,54.299999,54.580002,1578200,54.294089
2015-10-09,55.00,55.830002,54.759998,54.849998,3241600,54.562671
2015-10-08,53.509998,55.02,53.400002,54.860001,2948100,54.572621
2015-10-07,53.50,54.66,53.32,53.75,3100800,53.468435
2015-10-06,52.889999,53.57,52.66,53.32,2700700,53.040687
2015-10-05,51.700001,53.049999,51.209999,52.810001,3538000,52.533361
2015-10-02,50.040001,51.389999,49.740002,51.389999,2938200,51.120797
2015-10-01,50.799999,51.02,49.939999,50.689999,2850200,50.424463
2015-09-30,51.029999,51.32,49.799999,50.77,6712200,50.504046
2015-09-29,51.299999,51.59,50.279999,50.610001,3952000,50.344884
2015-09-28,52.049999,52.25,50.93,50.970001,2162900,50.702999
2015-09-25,53.139999,53.380001,52.310001,52.52,2225100,52.244879
2015-09-24,52.290001,52.740002,51.389999,52.66,3511500,52.384145
2015-09-23,53.939999,54.029999,52.830002,53.139999,2376500,52.86163
2015-09-22,54.00,54.049999,53.290001,53.93,2393500,53.647493
2015-09-21,55.060001,55.509998,54.599998,54.810001,1514800,54.522884
2015-09-18,53.50,55.630001,53.50,54.950001,2963900,54.66215
2015-09-17,56.869999,57.189999,56.00,56.119999,2710200,55.826019
2015-09-16,56.400002,57.310001,56.23,57.099998,3243400,56.800885
2015-09-15,55.419998,56.560001,54.990002,56.48,3180800,56.184134
2015-09-14,54.98,55.169998,54.77,54.959999,3084500,54.672096
2015-09-11,54.150002,55.080002,53.93,55.00,3018100,54.711887
2015-09-10,54.09,55.099998,53.98,54.290001,2988100,54.005607
2015-09-09,54.509998,63.669998,54.16,54.259998,4458800,53.975762
2015-09-08,53.77,54.00,53.299999,53.889999,3429000,53.31922
2015-09-04,53.00,53.470001,52.720001,52.84,3234300,52.280342
2015-09-03,54.119999,54.700001,53.599998,53.669998,6715300,53.101549
2015-09-02,54.419998,54.619999,53.48,54.23,3940700,53.655619
2015-09-01,53.950001,54.330002,53.259998,53.580002,6049300,53.012506
2015-08-31,55.50,55.900002,55.150002,55.290001,2331900,54.704393
2015-08-28,55.880001,56.419998,55.57,55.73,4012800,55.139732
2015-08-27,55.98,56.759998,55.049999,55.939999,3524200,55.347506
2015-08-26,55.639999,55.849998,54.18,55.369999,2667700,54.783544
2015-08-25,57.549999,57.549999,54.279999,54.310001,2878800,53.734773
2015-08-24,52.529999,56.869999,52.529999,55.560001,5506300,54.971534
2015-08-21,58.939999,59.34,57.75,57.779999,2629400,57.168018
2015-08-20,60.369999,60.68,59.57,59.59,2183100,58.958849
2015-08-19,61.639999,62.029999,60.919998,60.919998,1802800,60.27476
2015-08-18,61.82,62.279999,61.75,62.139999,1901100,61.481839
2015-08-17,61.259998,62.41,61.02,62.119999,1966300,61.462051
2015-08-14,61.490002,61.990002,61.27,61.549999,1706900,60.898088
2015-08-13,61.470001,61.869999,61.32,61.380001,2068100,60.729891
2015-08-12,60.43,61.75,60.029999,61.639999,2598700,60.987135
2015-08-11,61.02,61.369999,60.669998,61.060001,2163400,60.41328
2015-08-10,60.580002,61.830002,60.549999,61.599998,2683800,60.947558
2015-08-07,59.959999,60.41,59.689999,60.25,3774100,59.611858
2015-08-06,59.990002,60.27,59.790001,60.009998,2701400,59.374398
2015-08-05,59.799999,60.470001,59.799999,59.959999,3232000,59.324929
2015-08-04,60.779999,61.16,59.060001,59.380001,4526700,58.751074
2015-08-03,61.189999,61.279999,60.459999,60.529999,3543300,59.888891
2015-07-31,61.27,61.77,61.18,61.400002,2299800,60.749679
2015-07-30,61.060001,61.259998,60.689999,61.110001,2660700,60.46275
2015-07-29,60.84,62.080002,60.630001,61.50,4237200,60.848619
2015-07-28,61.900002,62.00,60.439999,60.700001,8875700,60.057093
2015-07-27,65.50,65.730003,64.949997,65.00,2215600,64.311548
2015-07-24,66.839996,67.080002,65.82,66.00,1408500,65.300957
2015-07-23,68.25,68.25,66.889999,66.970001,2135500,66.260684
2015-07-22,67.970001,68.480003,67.639999,68.199997,2662900,67.477652
2015-07-21,68.93,69.080002,67.769997,67.989998,1827800,67.269877
2015-07-20,67.889999,69.279999,67.769997,68.760002,2514400,68.031726