2015-12-16,104.639999,105.489998,103.519997,105.25,8121500,105.25
2015-12-15,102.650002,104.690002,102.650002,104.129997,9203600,104.129997
2015-12-14,101.650002,102.290001,100.779999,102.150002,10561800,102.150002
2015-12-11,102.370003,102.370003,101.43,101.68,7732700,101.68
2015-12-10,102.300003,103.339996,101.800003,102.639999,6462500,102.639999
2015-12-09,102.139999,103.339996,101.669998,102.150002,7947000,102.150002
2015-12-08,102.980003,103.239998,101.910004,102.419998,8005400,102.419998
2015-12-07,102.610001,103.489998,102.599998,103.32,7262900,103.32
2015-12-04,101.400002,103.00,101.279999,102.949997,7845400,102.949997
2015-12-03,102.269997,102.370003,100.309998,100.790001,12008700,100.790001
2015-12-02,102.50,102.93,101.989998,102.050003,6623500,102.050003
2015-12-01,101.730003,102.489998,101.120003,102.360001,7545700,102.360001
2015-11-30,102.480003,102.480003,101.239998,101.239998,8983700,101.239998
2015-11-27,102.279999,102.620003,101.790001,102.370003,2353800,102.370003
2015-11-25,102.169998,102.330002,101.959999,101.959999,5400800,101.959999
2015-11-24,101.809998,102.790001,101.809998,102.040001,7492400,102.040001
2015-11-23,102.389999,103.00,102.190002,102.769997,6730600,102.769997
2015-11-20,102.489998,102.800003,102.199997,102.480003,7671500,102.480003
2015-11-19,102.660004,102.68,102.059998,102.489998,5164500,101.739998
2015-11-18,101.529999,102.800003,101.309998,102.669998,7148400,101.918682
2015-11-17,100.379997,101.709999,100.379997,101.50,5124000,100.757245
2015-11-16,100.379997,101.290001,100.040001,101.220001,5755800,100.479295
2015-11-13,100.040001,100.940002,99.739998,99.879997,8517500,99.149097
2015-11-12,101.139999,101.610001,100.220001,100.269997,6918700,99.536243
2015-11-11,101.779999,102.360001,101.50,101.860001,6284700,101.114611
2015-11-10,101.00,101.760002,100.68,101.449997,5114200,100.707608
2015-11-09,101.389999,101.589996,100.550003,100.839996,6625900,100.102071
2015-11-06,101.57,101.919998,100.860001,101.919998,6221100,101.17417
2015-11-05,102.25,102.489998,101.419998,102.330002,6545600,101.581173
2015-11-04,101.900002,102.389999,101.690002,101.940002,5592300,101.194028
2015-11-03,101.839996,102.300003,101.110001,101.959999,6229200,101.213878
2015-11-02,101.18,102.339996,100.839996,102.169998,6297900,101.42234
2015-10-30,101.529999,102.120003,101.010002,101.029999,10520300,100.290683
2015-10-29,100.470001,101.529999,100.120003,101.370003,6340700,100.628199
2015-10-28,100.449997,100.480003,99.50,100.480003,7256300,99.744713
2015-10-27,99.919998,100.900002,99.699997,100.190002,8883200,99.456834
2015-10-26,100.050003,100.279999,99.489998,99.940002,7561600,99.208663
2015-10-23,99.879997,100.879997,99.529999,100.309998,9178900,99.575951
2015-10-22,97.849998,99.809998,97.129997,99.529999,9887900,98.80166
2015-10-21,97.639999,98.220001,97.07,97.629997,7059800,96.915562
2015-10-20,97.949997,98.25,97.309998,97.589996,6041800,96.875854
2015-10-19,98.050003,98.199997,97.309998,97.940002,8725400,97.223299
2015-10-16,97.870003,98.309998,97.400002,98.239998,9110800,97.521099
2015-10-15,95.00,97.349998,94.860001,97.150002,9561900,96.439079
2015-10-14,95.209999,95.959999,94.120003,94.529999,8881900,93.838249
2015-10-13,94.790001,96.230003,94.309998,95.449997,12761900,94.751515
2015-10-12,95.07,96.470001,94.980003,95.989998,8957900,95.287564
2015-10-09,95.139999,95.959999,94.779999,95.370003,8259700,94.672106
2015-10-08,94.709999,95.199997,93.809998,95.080002,7090700,94.384227
2015-10-07,94.260002,95.419998,93.440002,94.980003,9397300,94.28496
2015-10-06,94.519997,94.660004,92.580002,93.419998,8365200,92.736371
2015-10-05,94.190002,94.82,94.080002,94.760002,9419200,94.066569
2015-10-02,92.139999,93.970001,91.839996,93.93,8368100,93.242641
2015-10-01,93.43,93.849998,91.760002,93.169998,9675900,92.4882
2015-09-30,94.129997,94.470001,92.589996,93.349998,10970100,92.666884
2015-09-29,92.239998,93.839996,91.830002,93.040001,11520000,92.359155
2015-09-28,90.699997,92.07,89.900002,91.370003,14332800,90.701377
2015-09-25,92.93,93.129997,90.760002,91.00,10794400,90.334082
2015-09-24,92.519997,92.940002,91.779999,92.480003,7407600,91.803255
2015-09-23,93.209999,93.699997,92.559998,92.989998,5609300,92.309517
2015-09-22,92.260002,93.440002,91.879997,93.239998,10618700,92.557688
2015-09-21,93.870003,94.599998,92.370003,93.129997,7053700,92.448492
2015-09-18,94.080002,94.720001,93.25,93.389999,14211100,92.706592
2015-09-17,94.529999,96.190002,94.32,94.839996,8258000,94.145978
2015-09-16,94.489998,94.82,93.82,94.610001,5630400,93.917665
2015-09-15,93.790001,94.75,93.190002,94.400002,7030700,93.709203
2015-09-14,92.900002,93.910004,92.510002,93.32,7948700,92.637104
2015-09-11,92.440002,93.00,91.800003,92.93,7381300,92.249959
2015-09-10,92.110001,93.480003,91.620003,92.720001,8359500,92.041497
2015-09-09,94.989998,95.160004,92.029999,92.220001,7384500,91.545155
2015-09-08,93.089996,93.980003,92.510002,93.940002,11394100,93.25257
2015-09-04,91.580002,91.879997,90.57,91.309998,10996800,90.641811
2015-09-03,93.660004,94.089996,92.260002,92.639999,9027200,91.96208
2015-09-02,93.169998,93.470001,92.50,93.349998,11517400,92.666884
2015-09-01,92.290001,92.889999,91.459999,92.089996,14593500,91.416102
2015-08-31,94.879997,95.169998,93.580002,93.980003,9083500,93.292278
2015-08-28,95.93,96.290001,94.379997,95.169998,9200300,94.473565
2015-08-27,96.099998,96.400002,94.349998,96.220001,11131200,95.515884
2015-08-26,92.910004,95.220001,91.459999,95.110001,14738300,94.414006
2015-08-25,95.690002,95.699997,90.400002,90.730003,15671100,90.066061
2015-08-24,91.080002,95.209999,81.790001,92.82,25636300,92.140763
2015-08-21,97.220001,98.519997,95.510002,95.559998,16141500,94.86071
2015-08-20,98.949997,100.120003,98.790001,98.790001,10620400,97.322567
2015-08-19,99.18,99.989998,98.779999,99.309998,7642400,97.83484
2015-08-18,99.239998,99.68,99.019997,99.370003,7618800,97.893953
2015-08-17,98.440002,99.879997,98.059998,99.870003,6901800,98.386526
2015-08-14,98.330002,98.830002,97.870003,98.809998,5177300,97.342267
2015-08-13,98.739998,98.980003,98.150002,98.480003,5048000,97.017174
2015-08-12,98.400002,98.730003,97.410004,98.709999,7462400,97.243754
2015-08-11,99.050003,99.339996,98.769997,99.010002,6682600,97.5393
2015-08-10,99.57,100.059998,99.449997,99.790001,6133500,98.307713
2015-08-07,99.019997,99.07,98.160004,98.849998,6027900,97.381673
2015-08-06,100.489998,100.599998,99.010002,99.07,6988000,97.598407
2015-08-05,100.57,101.00,100.349998,100.519997,4571300,99.026865
2015-08-04,100.410004,100.50,99.650002,99.800003,6005300,98.317566
2015-08-03,100.00,100.209999,99.230003,100.019997,6172500,98.534292
2015-07-31,100.339996,100.980003,99.959999,100.209999,6216800,98.721472
2015-07-30,99.800003,100.00,99.379997,99.839996,5517400,98.356966
2015-07-29,99.260002,100.050003,99.050003,99.730003,7853500,98.248607
2015-07-28,98.889999,99.230003,98.419998,99.019997,7757500,97.549146
2015-07-27,98.970001,98.989998,97.919998,98.279999,8734000,96.82014
2015-07-24,99.75,99.949997,99.050003,99.150002,6524200,97.67722
2015-07-23,100.50,100.599998,100.00,100.199997,5016100,98.711619
2015-07-22,100.410004,100.709999,99.730003,100.18,6721900,98.691919
2015-07-21,100.599998,100.809998,100.07,100.339996,5891600,98.849539
2015-07-20,100.50,100.650002,100.099998,100.370003,5016200,98.879099