2015-12-16,29.33,29.57,28.98,29.40,7453600,29.40
2015-12-15,28.83,29.27,28.83,29.18,13455300,29.18
2015-12-14,28.67,28.860001,28.40,28.77,9267900,28.77
2015-12-11,28.530001,28.84,28.34,28.620001,6368800,28.620001
2015-12-10,28.209999,28.99,28.200001,28.860001,7692400,28.860001
2015-12-09,29.530001,29.860001,28.93,29.030001,6061900,29.030001
2015-12-08,29.51,29.84,29.42,29.77,5266200,29.77
2015-12-07,29.799999,29.959999,29.60,29.83,6055900,29.83
2015-12-04,29.42,30.040001,29.23,29.799999,6358700,29.799999
2015-12-03,30.370001,30.48,29.120001,29.309999,7287300,29.309999
2015-12-02,30.370001,30.49,30.25,30.290001,5313900,30.290001
2015-12-01,30.299999,30.549999,30.139999,30.43,4950700,30.43
2015-11-30,30.280001,30.360001,30.059999,30.129999,3784100,30.129999
2015-11-27,30.24,30.34,30.120001,30.27,1302200,30.27
2015-11-25,30.459999,30.629999,30.370001,30.41,2231400,30.31
2015-11-24,30.41,30.719999,30.219999,30.43,4214600,30.329935
2015-11-23,30.33,30.799999,30.280001,30.639999,3857700,30.539243
2015-11-20,30.370001,30.559999,30.219999,30.459999,3808700,30.359835
2015-11-19,29.98,30.469999,29.780001,30.200001,4450100,30.100691
2015-11-18,29.549999,30.07,29.49,29.959999,5451000,29.861479
2015-11-17,28.719999,29.91,28.719999,29.52,6010900,29.422927
2015-11-16,28.719999,29.379999,28.52,29.209999,5817600,29.113945
2015-11-13,29.16,29.67,28.50,28.709999,7391400,28.615589
2015-11-12,29.450001,29.93,29.190001,29.65,7744400,29.552499
2015-11-11,29.82,29.860001,29.450001,29.559999,4070600,29.462795
2015-11-10,29.190001,29.85,28.959999,29.610001,8155800,29.512631
2015-11-09,31.40,31.450001,28.719999,29.24,16345400,29.143847
2015-11-06,31.34,31.76,31.219999,31.709999,3668700,31.605724
2015-11-05,31.690001,31.799999,31.26,31.40,3123800,31.296744
2015-11-04,32.23,32.389999,31.57,31.620001,4833300,31.516022
2015-11-03,31.700001,32.330002,31.540001,32.23,4367800,32.124015
2015-11-02,31.43,31.84,31.25,31.74,3615100,31.635626
2015-10-30,31.26,31.610001,31.190001,31.389999,3650900,31.286777
2015-10-29,31.469999,31.68,31.17,31.190001,3410800,31.087436
2015-10-28,31.50,31.83,31.030001,31.690001,6361200,31.585792
2015-10-27,30.68,31.540001,30.469999,31.540001,6826900,31.436285
2015-10-26,31.40,31.559999,30.85,30.879999,6124300,30.778454
2015-10-23,30.50,31.540001,30.18,31.49,12818900,31.386448
2015-10-22,29.969999,30.32,29.58,29.76,8881700,29.662138
2015-10-21,30.26,30.42,29.700001,29.799999,5321600,29.702005
2015-10-20,29.809999,30.32,29.76,30.24,4205400,30.140559
2015-10-19,29.700001,29.98,29.639999,29.940001,3484800,29.841546
2015-10-16,30.040001,30.16,29.709999,29.83,4067900,29.731907
2015-10-15,29.620001,30.129999,29.00,30.00,4502400,29.901348
2015-10-14,29.77,30.18,29.50,29.549999,5187800,29.452827
2015-10-13,29.51,29.98,29.469999,29.790001,3614600,29.69204
2015-10-12,29.40,29.75,29.299999,29.73,3434700,29.632236
2015-10-09,29.76,29.809999,29.110001,29.40,5825300,29.303321
2015-10-08,29.379999,30.030001,29.299999,29.799999,8678400,29.702005
2015-10-07,29.209999,29.549999,28.43,29.42,13831300,29.323256
2015-10-06,28.50,28.780001,28.16,28.42,7185400,28.326544
2015-10-05,27.620001,28.610001,27.50,28.50,8587500,28.406281
2015-10-02,25.74,27.190001,25.559999,27.17,9329800,27.080655
2015-10-01,25.709999,26.059999,25.48,26.040001,6796900,25.954371
2015-09-30,25.309999,25.809999,25.309999,25.709999,7296800,25.625455
2015-09-29,24.91,25.209999,24.84,25.040001,5227200,24.95766
2015-09-28,25.219999,25.440001,24.879999,24.91,4140300,24.828086
2015-09-25,25.530001,25.68,25.139999,25.280001,4795500,25.19687
2015-09-24,25.129999,25.370001,24.84,25.309999,3936800,25.22677
2015-09-23,25.33,25.450001,25.129999,25.360001,3768800,25.276607
2015-09-22,25.370001,25.49,25.030001,25.25,4036100,25.166968
2015-09-21,25.60,26.00,25.549999,25.76,4944000,25.675291
2015-09-18,25.50,25.969999,25.450001,25.540001,7529400,25.456015
2015-09-17,25.83,26.15,25.700001,25.809999,4404900,25.725126
2015-09-16,25.790001,26.02,25.75,25.959999,4660000,25.874633
2015-09-15,25.34,25.860001,25.32,25.799999,3766700,25.715159
2015-09-14,25.370001,25.40,25.15,25.33,3569300,25.246705
2015-09-11,25.290001,25.450001,25.07,25.26,3083400,25.176936
2015-09-10,25.33,25.77,25.23,25.620001,4337000,25.535752
2015-09-09,25.889999,26.00,25.200001,25.25,4724300,25.166968
2015-09-08,25.40,25.58,25.139999,25.549999,4157400,25.465981
2015-09-04,24.98,25.27,24.889999,25.059999,4442200,24.977592
2015-09-03,25.209999,25.549999,25.07,25.27,5024700,25.186903
2015-09-02,25.34,25.35,24.82,25.309999,4232800,25.22677
2015-09-01,25.129999,25.530001,24.74,24.940001,6496100,24.857988
2015-08-31,25.719999,26.00,25.639999,25.709999,3166400,25.625455
2015-08-28,25.879999,26.09,25.709999,25.98,5214300,25.894567
2015-08-27,25.82,26.23,25.469999,26.00,5284200,25.81483
2015-08-26,25.57,25.610001,24.790001,25.57,6444600,25.387892
2015-08-25,26.209999,26.290001,24.860001,24.879999,6940700,24.702806
2015-08-24,25.43,26.24,24.780001,25.559999,11250800,25.377963
2015-08-21,27.139999,27.280001,26.530001,26.559999,6081600,26.370841
2015-08-20,27.879999,28.00,27.15,27.360001,6168100,27.165145
2015-08-19,28.07,28.26,27.940001,28.049999,5209100,27.850229
2015-08-18,28.32,28.34,28.10,28.120001,3745700,27.919732
2015-08-17,28.00,28.35,27.93,28.32,2234800,28.118307
2015-08-14,28.15,28.26,27.969999,28.190001,2772500,27.989234
2015-08-13,28.40,28.610001,28.139999,28.17,3649500,27.969376
2015-08-12,27.73,28.18,27.42,28.15,4194200,27.949518
2015-08-11,28.26,28.26,27.690001,27.879999,2573200,27.68144
2015-08-10,28.219999,28.43,28.120001,28.389999,5460500,28.187808
2015-08-07,27.950001,28.110001,27.74,28.059999,4085100,27.860158
2015-08-06,28.360001,28.459999,27.959999,28.01,4192200,27.810515
2015-08-05,28.25,28.57,28.129999,28.25,5924900,28.048806
2015-08-04,28.24,28.290001,27.959999,27.98,4091600,27.780728
2015-08-03,28.35,28.379999,28.02,28.17,5259700,27.969376
2015-07-31,28.00,28.60,27.98,28.42,8135100,28.217595
2015-07-30,27.469999,27.99,27.24,27.959999,6948100,27.76087
2015-07-29,27.35,27.60,26.950001,27.48,10531300,27.284289
2015-07-28,27.59,27.620001,27.07,27.57,15046000,27.373648
2015-07-27,27.51,27.75,27.370001,27.43,10584500,27.234646
2015-07-24,28.629999,29.129999,27.370001,27.540001,35123900,27.343863
2015-07-23,26.389999,26.610001,26.34,26.49,5959700,26.30134
2015-07-22,26.049999,26.190001,25.85,26.190001,4267400,26.003477
2015-07-21,26.290001,26.59,26.15,26.34,3936000,26.152409
2015-07-20,26.40,26.559999,26.299999,26.360001,6132800,26.172267