2015-12-16,71.519997,72.07,70.870003,71.970001,2385900,71.970001
2015-12-15,71.239998,71.739998,70.870003,71.510002,2407700,71.510002
2015-12-14,70.160004,71.18,70.160004,71.080002,2020300,71.080002
2015-12-11,70.260002,70.559998,69.75,70.129997,1372200,70.129997
2015-12-10,70.599998,71.389999,70.07,70.730003,1729000,70.730003
2015-12-09,70.190002,71.199997,70.010002,70.599998,1788600,70.599998
2015-12-08,70.25,71.010002,69.889999,70.82,1749100,70.82
2015-12-07,70.099998,70.900002,69.910004,70.510002,1752000,70.510002
2015-12-04,68.68,70.379997,68.550003,70.18,2123100,70.18
2015-12-03,68.860001,69.529999,68.199997,68.529999,2411000,68.529999
2015-12-02,69.190002,69.589996,68.809998,68.889999,2245100,68.889999
2015-12-01,69.389999,69.989998,69.040001,69.379997,2452400,69.379997
2015-11-30,69.360001,69.449997,68.720001,68.769997,3140300,68.769997
2015-11-27,68.93,69.449997,68.739998,69.269997,1164700,69.269997
2015-11-25,68.059998,69.529999,68.00,69.18,2606800,68.679999
2015-11-24,68.449997,68.870003,67.540001,67.860001,3026500,67.36954
2015-11-23,67.389999,69.190002,67.099998,68.57,5234300,68.074407
2015-11-20,66.919998,66.949997,66.110001,66.25,2128200,65.771175
2015-11-19,66.650002,67.07,66.370003,66.470001,1751000,65.989587
2015-11-18,66.220001,66.470001,65.629997,66.309998,2969500,65.830739
2015-11-17,66.93,67.32,64.650002,66.029999,3204000,65.552764
2015-11-16,66.089996,66.949997,66.080002,66.93,1561200,66.446261
2015-11-13,66.260002,66.699997,65.910004,66.089996,1752700,65.612328
2015-11-12,67.169998,67.459999,66.260002,66.300003,1854200,65.820817
2015-11-11,67.419998,67.980003,67.400002,67.620003,1276900,67.131276
2015-11-10,67.260002,67.699997,67.040001,67.330002,1222200,66.843372
2015-11-09,67.660004,67.760002,66.879997,67.470001,1303500,66.982359
2015-11-06,69.029999,69.029999,67.300003,67.93,1824700,67.439034
2015-11-05,68.620003,69.440002,68.50,69.370003,1493800,68.868628
2015-11-04,68.419998,69.190002,68.309998,68.68,2849500,68.183613
2015-11-03,68.379997,68.970001,67.059998,68.089996,4212200,67.597873
2015-11-02,70.720001,70.860001,70.07,70.610001,2110300,70.099664
2015-10-30,70.779999,71.18,70.50,70.519997,1595700,70.010311
2015-10-29,70.660004,71.129997,70.169998,70.989998,992700,70.476915
2015-10-28,71.099998,71.160004,70.260002,70.919998,1005900,70.407421
2015-10-27,71.290001,71.50,70.720001,71.040001,924300,70.526556
2015-10-26,71.760002,71.919998,71.370003,71.550003,1645700,71.032873
2015-10-23,72.040001,72.300003,71.400002,71.699997,1979500,71.181782
2015-10-22,70.00,72.339996,69.949997,72.010002,2546800,71.489547
2015-10-21,69.120003,69.980003,68.940002,69.610001,1397200,69.106892
2015-10-20,69.639999,69.639999,68.900002,68.970001,1565100,68.471518
2015-10-19,69.730003,70.169998,69.510002,69.610001,2084000,69.106892
2015-10-16,69.489998,69.839996,69.18,69.790001,1039700,69.285591
2015-10-15,68.970001,69.279999,68.629997,69.199997,1325100,68.699851
2015-10-14,69.230003,69.440002,68.559998,68.650002,1004500,68.153831
2015-10-13,69.470001,69.790001,69.220001,69.360001,1330800,68.858698
2015-10-12,69.389999,69.989998,69.279999,69.830002,1253700,69.325303
2015-10-09,69.190002,70.00,69.099998,69.440002,2273700,68.938122
2015-10-08,68.169998,69.260002,67.93,69.239998,1415500,68.739563
2015-10-07,67.760002,68.230003,67.599998,68.220001,1770500,67.726938
2015-10-06,67.980003,68.00,67.489998,67.550003,1822000,67.061783
2015-10-05,67.809998,68.269997,67.389999,68.059998,3953400,67.568091
2015-10-02,65.879997,67.410004,65.599998,67.410004,1854100,66.922795
2015-10-01,66.260002,66.620003,65.029999,66.239998,2916000,65.761246
2015-09-30,67.00,67.25,66.190002,66.550003,2533000,66.06901
2015-09-29,66.50,66.660004,65.989998,66.449997,2561400,65.969727
2015-09-28,67.699997,68.059998,66.440002,66.510002,1987400,66.029298
2015-09-25,67.690002,69.129997,67.43,68.220001,1494700,67.726938
2015-09-24,66.970001,67.349998,66.419998,67.209999,2610400,66.724236
2015-09-23,67.059998,67.400002,66.610001,67.290001,1050600,66.80366
2015-09-22,66.93,67.379997,66.550003,67.029999,1737400,66.545537
2015-09-21,67.839996,68.099998,67.519997,67.660004,1617100,67.170988
2015-09-18,67.730003,68.720001,67.309998,67.449997,3295000,66.962499
2015-09-17,68.370003,69.589996,68.110001,68.870003,1709300,68.372242
2015-09-16,67.449997,68.580002,67.449997,68.389999,1776800,67.895708
2015-09-15,66.639999,67.589996,66.410004,67.459999,1412900,66.972429
2015-09-14,66.989998,67.00,66.57,66.730003,985100,66.24771
2015-09-11,66.169998,67.010002,65.970001,66.989998,1378600,66.505825
2015-09-10,66.019997,66.760002,65.959999,66.349998,1463600,65.870451
2015-09-09,67.809998,67.980003,66.029999,66.160004,1963300,65.68183
2015-09-08,67.550003,67.650002,66.860001,67.519997,1937400,67.031993
2015-09-04,66.730003,66.910004,66.089996,66.580002,1462300,66.098792
2015-09-03,66.68,67.580002,66.449997,67.330002,1456900,66.843372
2015-09-02,66.099998,66.769997,65.919998,66.739998,1907400,66.257632
2015-09-01,65.309998,66.529999,65.00,65.709999,3078100,65.235077
2015-08-31,66.800003,66.959999,66.080002,66.279999,2078900,65.800957
2015-08-28,66.779999,67.080002,66.419998,67.040001,1852400,66.555467
2015-08-27,67.529999,67.879997,66.470001,67.360001,2294100,66.376767
2015-08-26,66.209999,67.120003,65.57,66.93,2706700,65.953043
2015-08-25,66.769997,67.00,65.07,65.099998,3431200,64.149753
2015-08-24,64.830002,65.739998,63.52,65.739998,4070100,64.780411
2015-08-21,68.300003,68.550003,67.440002,67.459999,2156100,66.475306
2015-08-20,68.489998,69.309998,68.349998,68.720001,1726800,67.716916
2015-08-19,69.120003,69.540001,68.50,68.949997,2610600,67.943554
2015-08-18,69.50,69.839996,69.080002,69.300003,1566900,68.288452
2015-08-17,69.459999,69.830002,69.209999,69.599998,2100900,68.584068
2015-08-14,68.970001,69.849998,68.760002,69.769997,1327800,68.751585
2015-08-13,68.779999,69.199997,68.57,68.889999,1316200,67.884433
2015-08-12,68.620003,69.07,67.68,68.900002,2005900,67.894289
2015-08-11,68.639999,69.239998,68.410004,69.199997,1215400,68.189905
2015-08-10,68.870003,69.389999,68.620003,69.00,1488700,67.992828
2015-08-07,68.860001,69.07,68.519997,68.919998,1643500,67.913994
2015-08-06,68.099998,69.209999,67.940002,68.860001,2322400,67.854872
2015-08-05,68.00,68.900002,67.989998,68.660004,2820400,67.657794
2015-08-04,65.809998,67.970001,65.699997,67.50,2513500,66.514723
2015-08-03,65.93,66.400002,65.449997,66.07,1901800,65.105596
2015-07-31,66.459999,66.459999,65.849998,66.169998,1246000,65.204135
2015-07-30,65.209999,66.239998,65.129997,66.089996,1141500,65.1253
2015-07-29,65.089996,65.610001,65.040001,65.43,898300,64.474938
2015-07-28,64.949997,65.150002,64.379997,65.050003,1121700,64.100488
2015-07-27,64.239998,64.830002,63.98,64.68,1437500,63.735886
2015-07-24,64.169998,64.75,64.029999,64.540001,1326400,63.59793
2015-07-23,64.309998,64.690002,64.029999,64.330002,1087700,63.390996
2015-07-22,64.029999,64.720001,63.889999,64.389999,691200,63.450118
2015-07-21,64.279999,64.279999,63.880001,64.019997,671500,63.085516
2015-07-20,64.279999,64.419998,63.959999,64.139999,595700,63.203767