2015-12-16,26.16,26.540001,26.08,26.42,3257100,26.42
2015-12-15,25.559999,26.10,25.50,25.860001,5084400,25.860001
2015-12-14,24.99,25.309999,24.98,25.280001,4158300,25.280001
2015-12-11,25.00,25.34,24.98,25.129999,4363200,25.129999
2015-12-10,25.559999,25.68,25.200001,25.219999,3347200,25.219999
2015-12-09,25.27,25.780001,25.17,25.48,2539600,25.48
2015-12-08,25.530001,25.620001,25.25,25.459999,4132400,25.459999
2015-12-07,25.629999,25.85,25.469999,25.59,3805600,25.59
2015-12-04,25.48,25.860001,25.34,25.60,6136700,25.60
2015-12-03,25.889999,25.98,25.110001,25.27,5300400,25.27
2015-12-02,26.549999,26.549999,25.91,25.98,2910100,25.98
2015-12-01,26.299999,26.67,26.18,26.65,2835500,26.65
2015-11-30,26.450001,26.50,26.040001,26.09,3718900,26.09
2015-11-27,26.09,26.459999,26.049999,26.379999,1100100,26.379999
2015-11-25,26.09,26.18,25.889999,26.10,2802800,26.10
2015-11-24,26.07,26.219999,25.870001,26.08,3865600,26.08
2015-11-23,26.549999,26.57,26.139999,26.190001,3432200,26.190001
2015-11-20,26.459999,26.700001,26.379999,26.51,3600700,26.51
2015-11-19,26.34,26.469999,26.200001,26.33,1811700,26.33
2015-11-18,26.00,26.27,25.700001,26.25,2040500,26.25
2015-11-17,25.60,26.110001,25.52,25.889999,1597600,25.889999
2015-11-16,25.48,25.809999,25.26,25.790001,1965800,25.790001
2015-11-13,25.950001,26.02,25.459999,25.49,2549100,25.49
2015-11-12,26.01,26.23,25.780001,25.90,2423900,25.90
2015-11-11,25.959999,26.209999,25.82,26.120001,2589600,26.120001
2015-11-10,25.530001,25.90,25.43,25.83,2049600,25.83
2015-11-09,25.950001,26.15,25.32,25.52,3459400,25.52
2015-11-06,26.559999,26.559999,25.90,26.15,3229000,26.15
2015-11-05,26.08,27.00,25.690001,26.940001,2754800,26.940001
2015-11-04,27.25,27.25,26.799999,26.90,2247100,26.90
2015-11-03,27.110001,27.25,26.959999,27.17,1834700,27.17
2015-11-02,26.709999,27.33,26.690001,27.309999,2681300,27.309999
2015-10-30,27.16,27.200001,26.709999,26.77,3135700,26.77
2015-10-29,26.950001,27.219999,26.870001,27.110001,2522800,27.110001
2015-10-28,26.860001,27.24,26.58,27.10,3783400,27.10
2015-10-27,26.49,26.879999,25.809999,26.85,2918300,26.85
2015-10-26,26.379999,26.530001,26.23,26.52,2052000,26.52
2015-10-23,26.379999,26.49,26.09,26.32,2124100,26.32
2015-10-22,26.129999,26.41,26.00,26.389999,2448800,26.389999
2015-10-21,26.26,26.33,25.870001,25.91,2090200,25.91
2015-10-20,26.16,26.26,25.969999,26.08,2401000,26.08
2015-10-19,25.809999,26.200001,25.75,26.18,2671300,26.18
2015-10-16,25.43,25.870001,25.43,25.84,3119200,25.84
2015-10-15,25.26,25.459999,25.139999,25.42,5796800,25.42
2015-10-14,26.00,26.00,25.219999,25.26,3985700,25.26
2015-10-13,25.82,26.09,25.66,25.93,3929700,25.93
2015-10-12,25.50,25.879999,25.34,25.860001,5126900,25.860001
2015-10-09,25.709999,25.75,25.290001,25.450001,3642300,25.450001
2015-10-08,25.41,25.74,25.26,25.709999,2620700,25.709999
2015-10-07,25.049999,25.370001,24.969999,25.370001,2982700,25.370001
2015-10-06,25.26,25.42,24.99,25.01,2741000,25.01
2015-10-05,24.940001,25.290001,24.799999,25.26,3424500,25.26
2015-10-02,24.299999,24.889999,24.200001,24.889999,4831600,24.889999
2015-10-01,24.34,24.540001,23.98,24.49,4779400,24.49
2015-09-30,24.41,24.48,24.139999,24.43,4253400,24.190001
2015-09-29,23.67,24.120001,23.67,24.08,2872900,23.843439
2015-09-28,24.01,24.08,23.440001,23.68,3238300,23.447369
2015-09-25,23.98,24.24,23.76,24.120001,3616200,23.883046
2015-09-24,24.120001,24.32,23.75,23.93,3420800,23.694913
2015-09-23,24.049999,24.370001,23.969999,24.23,2195500,23.991965
2015-09-22,23.93,24.26,23.84,24.059999,3832000,23.823635
2015-09-21,24.16,24.49,24.09,24.290001,3756300,24.051376
2015-09-18,23.469999,24.33,23.450001,24.129999,7537400,23.892947
2015-09-17,23.549999,24.299999,23.49,23.84,3344900,23.605797
2015-09-16,23.25,23.67,23.25,23.59,2491900,23.358253
2015-09-15,23.030001,23.40,22.889999,23.27,2805900,23.041396
2015-09-14,23.09,23.10,22.84,22.959999,2134500,22.734441
2015-09-11,22.389999,23.00,22.370001,23.00,3175100,22.774049
2015-09-10,22.219999,22.639999,22.120001,22.459999,4643600,22.239353
2015-09-09,22.82,22.870001,22.219999,22.26,2743600,22.041318
2015-09-08,22.57,22.700001,22.34,22.639999,3200600,22.417585
2015-09-04,22.559999,22.610001,22.07,22.280001,3187500,22.061122
2015-09-03,22.879999,23.030001,22.549999,22.83,3033800,22.605719
2015-09-02,22.90,22.90,22.49,22.76,3909900,22.536406
2015-09-01,22.639999,22.969999,22.34,22.540001,4818800,22.318568
2015-08-31,23.48,23.58,23.02,23.049999,6912900,22.823557
2015-08-28,23.780001,23.780001,23.459999,23.58,4619800,23.348351
2015-08-27,23.75,24.040001,23.389999,23.809999,5283700,23.576091
2015-08-26,23.23,23.610001,22.780001,23.549999,7235800,23.318645
2015-08-25,23.76,23.90,22.52,22.60,6017200,22.377978
2015-08-24,24.90,25.57,23.23,23.299999,7127700,23.071101
2015-08-21,25.129999,25.209999,24.540001,24.549999,4181700,24.308821
2015-08-20,25.290001,25.40,25.059999,25.18,2544400,24.932633
2015-08-19,25.51,25.540001,25.219999,25.40,2820100,25.150471
2015-08-18,25.469999,25.700001,25.43,25.66,1856400,25.407917
2015-08-17,25.389999,25.57,25.15,25.549999,2209200,25.298997
2015-08-14,25.25,25.42,25.10,25.40,1733200,25.150471
2015-08-13,25.00,25.440001,24.940001,25.32,2876100,25.071257
2015-08-12,24.83,25.17,24.74,25.16,4012300,24.912829
2015-08-11,24.639999,25.040001,24.58,24.90,3080500,24.655383
2015-08-10,24.98,25.059999,24.57,24.67,2967300,24.427643
2015-08-07,24.76,24.959999,24.52,24.91,1959700,24.665285
2015-08-06,24.620001,24.860001,24.35,24.82,3995200,24.576169
2015-08-05,24.969999,24.99,24.57,24.65,2837000,24.407839
2015-08-04,25.00,25.33,24.85,24.879999,2980600,24.635579
2015-08-03,24.700001,25.07,24.700001,25.059999,3921000,24.813811
2015-07-31,24.690001,24.99,24.65,24.709999,3394600,24.467249
2015-07-30,24.440001,24.620001,24.35,24.450001,2970700,24.209804
2015-07-29,24.40,24.639999,24.219999,24.51,3242500,24.269215
2015-07-28,24.360001,24.610001,24.23,24.41,3647600,24.170197
2015-07-27,24.32,24.51,24.23,24.33,2215800,24.090983
2015-07-24,24.08,24.40,24.07,24.290001,2773600,24.051376
2015-07-23,24.540001,24.58,24.01,24.15,2887600,23.912751
2015-07-22,24.33,24.620001,24.219999,24.549999,2396700,24.308821
2015-07-21,24.450001,24.59,24.32,24.33,2039700,24.090983
2015-07-20,24.34,24.51,24.25,24.450001,1527500,24.209804