2015-12-16,68.959999,69.389999,68.059998,69.080002,1709900,69.080002
2015-12-15,67.989998,69.370003,67.949997,68.879997,1546700,68.879997
2015-12-14,68.099998,68.129997,67.220001,67.629997,1024500,67.629997
2015-12-11,67.529999,68.290001,67.529999,67.870003,846800,67.870003
2015-12-10,67.580002,68.989998,67.470001,68.489998,1223800,68.489998
2015-12-09,68.620003,68.809998,67.550003,67.580002,1382000,67.580002
2015-12-08,66.959999,69.050003,66.959999,68.730003,1568700,68.730003
2015-12-07,67.43,67.949997,67.120003,67.480003,1369800,67.480003
2015-12-04,66.769997,67.949997,66.769997,67.57,967800,67.57
2015-12-03,67.860001,68.120003,66.610001,66.610001,1690900,66.610001
2015-12-02,67.610001,68.360001,67.610001,67.720001,1391100,67.720001
2015-12-01,66.769997,68.00,66.769997,67.900002,1416600,67.900002
2015-11-30,66.629997,67.110001,66.449997,66.470001,1658900,66.470001
2015-11-27,66.400002,66.730003,66.309998,66.540001,507100,66.540001
2015-11-25,66.610001,66.699997,66.230003,66.370003,1184300,66.370003
2015-11-24,66.440002,66.940002,66.160004,66.459999,1996900,66.459999
2015-11-23,66.919998,67.099998,66.410004,66.660004,1709500,66.660004
2015-11-20,67.00,67.489998,66.720001,67.019997,840300,67.019997
2015-11-19,67.470001,67.470001,66.629997,66.900002,1380100,66.900002
2015-11-18,66.50,67.150002,66.339996,67.099998,1356300,67.099998
2015-11-17,66.309998,67.089996,66.169998,66.690002,1444700,66.690002
2015-11-16,65.830002,66.379997,65.290001,66.349998,2335300,66.349998
2015-11-13,65.949997,66.379997,65.629997,65.68,1795300,65.68
2015-11-12,66.230003,66.379997,65.75,65.860001,2915300,65.860001
2015-11-11,66.760002,67.419998,66.57,66.900002,1144300,66.380001
2015-11-10,66.980003,67.18,66.480003,66.760002,787400,66.24109
2015-11-09,66.709999,67.019997,66.449997,66.919998,2126800,66.399842
2015-11-06,66.739998,67.139999,66.440002,66.849998,1215000,66.330387
2015-11-05,67.029999,67.349998,66.43,67.00,1766500,66.479222
2015-11-04,66.290001,66.959999,66.290001,66.830002,1903100,66.310545
2015-11-03,66.489998,66.639999,66.169998,66.50,2622900,65.983109
2015-11-02,67.00,67.389999,66.50,66.550003,2938400,66.032723
2015-10-30,66.470001,67.25,66.080002,67.120003,1220900,66.598292
2015-10-29,65.510002,66.879997,65.25,66.32,2018100,65.804507
2015-10-28,65.389999,65.959999,65.010002,65.809998,4172000,65.298469
2015-10-27,65.129997,65.830002,65.059998,65.339996,2795700,64.832121
2015-10-26,65.589996,65.610001,64.870003,65.290001,4755100,64.782515
2015-10-23,65.00,65.669998,64.970001,65.349998,8384500,64.842046
2015-10-22,63.41,65.889999,63.41,64.900002,11596500,64.395547
2015-10-21,64.389999,67.269997,63.790001,63.98,24232400,63.482696
2015-10-20,52.950001,54.82,52.889999,53.860001,2859700,53.441357
2015-10-19,52.91,53.470001,52.639999,53.119999,1388600,52.707108
2015-10-16,52.77,53.099998,52.119999,52.970001,1411000,52.558276
2015-10-15,52.700001,53.130001,52.080002,52.650002,1464300,52.240763
2015-10-14,51.299999,53.029999,51.16,52.59,2472500,52.181228
2015-10-13,52.419998,52.490002,51.540001,51.59,1339000,51.189001
2015-10-12,53.279999,53.459999,52.709999,52.82,1086200,52.40944
2015-10-09,53.349998,53.720001,52.810001,53.189999,1111700,52.776563
2015-10-08,52.779999,53.439999,52.400002,53.290001,1423900,52.875788
2015-10-07,53.00,53.73,52.290001,52.669998,1772200,52.260605
2015-10-06,51.82,52.560001,51.150002,52.470001,2032800,52.062162
2015-10-05,50.610001,52.09,50.529999,51.73,1796200,51.327912
2015-10-02,49.150002,50.43,48.849998,50.43,1309000,50.038018
2015-10-01,49.98,50.060001,48.73,49.599998,1784600,49.214467
2015-09-30,48.91,50.040001,48.68,50.00,2202100,49.61136
2015-09-29,48.16,48.57,47.73,48.18,2850300,47.805507
2015-09-28,48.169998,48.810001,48.169998,48.490002,2027300,48.113098
2015-09-25,48.950001,49.27,47.959999,48.610001,2074000,48.232165
2015-09-24,47.34,48.610001,46.759998,48.200001,2247100,47.825352
2015-09-23,49.220001,49.400002,47.860001,47.880001,1955200,47.507839
2015-09-22,49.110001,49.639999,48.470001,49.400002,2419800,49.016025
2015-09-21,50.580002,50.669998,49.049999,49.200001,1960600,48.817579
2015-09-18,50.639999,51.200001,50.119999,50.419998,3027000,50.028093
2015-09-17,52.799999,52.799999,51.09,51.310001,2308200,50.911179
2015-09-16,52.57,53.279999,52.450001,53.189999,1061900,52.776563
2015-09-15,52.419998,52.830002,51.970001,52.580002,1821800,52.171308
2015-09-14,51.330002,52.59,51.299999,52.18,2061100,51.774415
2015-09-11,51.189999,51.459999,50.59,51.209999,1616900,50.811954
2015-09-10,49.169998,51.849998,49.02,51.48,2766600,51.079856
2015-09-09,50.119999,50.709999,49.189999,49.349998,1683800,48.966411
2015-09-08,48.470001,49.860001,48.43,49.799999,1743500,49.412914
2015-09-04,47.970001,48.209999,47.419998,47.540001,1044400,47.170482
2015-09-03,48.68,49.650002,48.560001,48.830002,1065500,48.450456
2015-09-02,48.810001,48.939999,47.82,48.66,1071300,48.281775
2015-09-01,48.27,49.299999,47.73,48.029999,1469100,47.656671
2015-08-31,49.560001,50.34,49.23,50.110001,1727600,49.720505
2015-08-28,49.209999,50.150002,49.169998,49.889999,1139100,49.502214
2015-08-27,48.669998,49.830002,48.529999,49.59,1190100,49.204547
2015-08-26,47.41,48.16,46.369999,48.110001,1598300,47.736051
2015-08-25,49.00,49.720001,46.299999,46.32,2315600,45.959963
2015-08-24,45.509998,48.66,44.950001,46.970001,2890200,46.604913
2015-08-21,48.299999,48.950001,47.689999,47.700001,1828100,47.329238
2015-08-20,49.349998,49.540001,48.41,48.439999,1348500,48.063484
2015-08-19,50.060001,50.57,49.529999,50.009998,965600,49.62128
2015-08-18,51.810001,52.080002,50.119999,50.189999,1506000,49.799882
2015-08-17,51.07,51.860001,50.73,51.830002,986400,51.427137
2015-08-14,51.610001,51.619999,50.439999,51.200001,1270500,50.802033
2015-08-13,52.740002,52.740002,51.509998,51.52,1159600,51.119546
2015-08-12,52.279999,53.48,51.549999,53.279999,1453700,52.349905
2015-08-11,53.639999,53.639999,52.75,53.009998,1212000,52.084618
2015-08-10,52.919998,54.450001,52.919998,54.150002,1778000,53.204721
2015-08-07,51.709999,52.48,51.490002,52.349998,1207300,51.43614
2015-08-06,52.720001,52.720001,51.419998,51.950001,1258900,51.043125
2015-08-05,52.240002,53.16,52.240002,52.639999,1270700,51.721078
2015-08-04,52.360001,52.830002,51.580002,51.849998,1056600,50.944868
2015-08-03,52.740002,52.889999,52.119999,52.540001,1622200,51.622825
2015-07-31,51.099998,53.48,51.040001,53.049999,3165000,52.123921
2015-07-30,51.720001,52.439999,51.459999,52.060001,1462400,51.151205
2015-07-29,51.599998,51.84,50.950001,51.740002,1219700,50.836791
2015-07-28,50.57,52.400002,50.57,51.919998,1461100,51.013646
2015-07-27,51.150002,51.689999,50.639999,51.040001,1733400,50.14901
2015-07-24,52.82,52.939999,50.880001,51.25,1700500,50.355344
2015-07-23,51.759998,53.34,51.509998,52.84,2403700,51.917588
2015-07-22,51.279999,51.830002,50.419998,51.669998,1517200,50.76801
2015-07-21,51.950001,52.529999,51.700001,51.82,987400,50.915393
2015-07-20,52.209999,52.360001,51.790001,52.099998,999000,51.190504