2015-12-16,15.73,16.219999,15.64,15.94,41365100,15.94
2015-12-15,16.10,16.469999,15.81,15.84,46912400,15.84
2015-12-14,16.309999,16.49,15.50,16.00,70358400,16.00
2015-12-11,16.48,17.08,16.030001,16.66,85190400,16.66
2015-12-10,16.549999,17.450001,16.50,17.01,77537600,17.01
2015-12-09,15.72,17.35,15.72,16.809999,195074900,16.809999
2015-12-08,15.29,16.16,15.06,15.72,151429400,15.72
2015-12-07,15.66,16.59,15.13,16.42,136243700,16.42
2015-12-04,18.91,19.00,16.559999,16.82,152652500,16.82
2015-12-03,20.610001,20.66,19.139999,19.26,73617500,19.26
2015-12-02,22.18,22.190001,20.389999,20.66,67361400,20.66
2015-12-01,23.60,23.620001,22.360001,22.42,29332400,22.42
2015-11-30,23.82,23.99,23.51,23.57,20584300,23.57
2015-11-27,23.98,24.09,23.799999,23.870001,7419300,23.870001
2015-11-25,24.299999,24.620001,24.00,24.10,15940200,24.10
2015-11-24,23.690001,24.43,23.620001,24.41,24222200,24.41
2015-11-23,23.48,24.09,23.280001,23.67,17791000,23.67
2015-11-20,23.700001,23.91,23.35,23.389999,19739900,23.389999
2015-11-19,24.200001,24.309999,23.459999,23.66,16081000,23.66
2015-11-18,23.48,24.33,23.469999,24.299999,25328800,24.299999
2015-11-17,24.049999,24.07,23.110001,23.360001,18029900,23.360001
2015-11-16,23.35,24.07,23.309999,24.030001,20676100,24.030001
2015-11-13,23.450001,23.809999,22.57,23.35,26398700,23.35
2015-11-12,24.15,24.15,23.389999,23.459999,26245100,23.459999
2015-11-11,25.41,25.48,24.23,24.40,24793100,24.40
2015-11-10,25.549999,25.76,25.309999,25.450001,13289300,25.450001
2015-11-09,26.139999,26.299999,25.40,25.559999,15609700,25.559999
2015-11-06,25.66,26.09,25.200001,26.059999,23294600,26.059999
2015-11-05,26.799999,27.00,25.57,25.91,23001100,25.91
2015-11-04,27.52,27.639999,26.450001,26.809999,22767500,26.809999
2015-11-03,26.66,27.780001,26.43,27.51,20129900,27.51
2015-11-02,26.360001,27.120001,26.280001,26.620001,26276200,26.620001
2015-10-30,27.34,27.49,26.60,27.35,19809200,27.35
2015-10-29,27.25,27.549999,27.07,27.200001,15677100,27.200001
2015-10-28,27.35,27.799999,27.27,27.74,23600100,27.23
2015-10-27,27.299999,27.52,26.959999,27.280001,28020000,26.778458
2015-10-26,28.07,28.540001,27.48,27.559999,41037500,27.053309
2015-10-23,29.709999,29.75,28.959999,29.23,19729300,28.692606
2015-10-22,31.42,31.42,28.92,29.75,42030300,29.203046
2015-10-21,31.940001,32.200001,31.309999,31.42,11902500,30.842344
2015-10-20,31.50,32.040001,31.32,31.93,9148100,31.342967
2015-10-19,31.68,32.110001,31.139999,31.719999,11211200,31.136827
2015-10-16,32.57,32.790001,31.780001,32.209999,9741500,31.617818
2015-10-15,31.860001,32.32,31.18,32.23,8701500,31.637451
2015-10-14,31.42,31.809999,31.190001,31.73,10165500,31.146644
2015-10-13,32.029999,32.279999,31.450001,31.48,11646800,30.90124
2015-10-12,32.43,32.48,31.809999,32.290001,10832400,31.696349
2015-10-09,32.779999,32.869999,32.060001,32.349998,11714200,31.755244
2015-10-08,32.150002,32.889999,31.790001,32.68,13559600,32.079179
2015-10-07,32.040001,32.740002,31.52,32.139999,20770900,31.549106
2015-10-06,30.99,31.85,30.93,31.780001,16970300,31.195726
2015-10-05,30.01,31.09,29.950001,30.950001,20112700,30.380985
2015-10-02,27.889999,29.639999,27.76,29.629999,21982700,29.085252
2015-10-01,28.219999,28.42,27.690001,28.129999,17190700,27.612829
2015-09-30,26.969999,27.73,26.450001,27.68,28022300,27.171104
2015-09-29,27.629999,27.809999,25.809999,26.16,31528600,25.679048
2015-09-28,29.17,29.26,27.540001,27.549999,21313200,27.043493
2015-09-25,29.610001,29.68,29.120001,29.42,13195300,28.879114
2015-09-24,29.01,29.389999,28.360001,29.34,24926600,28.800584
2015-09-23,30.18,30.25,29.049999,29.059999,13009800,28.525732
2015-09-22,30.309999,30.639999,29.950001,30.110001,9837600,29.556428
2015-09-21,30.51,30.870001,30.34,30.67,9636800,30.106132
2015-09-18,30.41,30.879999,30.299999,30.379999,30589800,29.821463
2015-09-17,30.75,31.280001,30.559999,30.83,15865700,30.263191
2015-09-16,30.379999,30.790001,30.309999,30.690001,14039900,30.125765
2015-09-15,29.860001,30.219999,29.860001,30.190001,10595400,29.634958
2015-09-14,29.99,30.17,29.700001,29.860001,9674100,29.311025
2015-09-11,30.26,30.299999,29.809999,30.10,13886600,29.546612
2015-09-10,30.74,30.93,30.34,30.50,11384800,29.939258
2015-09-09,31.34,31.530001,30.60,30.639999,11298600,30.076683
2015-09-08,31.040001,31.209999,30.66,31.09,13803600,30.518411
2015-09-04,30.780001,31.030001,30.60,30.77,12081800,30.204294
2015-09-03,31.469999,31.790001,30.91,31.08,12123100,30.508594
2015-09-02,31.77,31.77,30.75,31.309999,13794300,30.734365
2015-09-01,31.82,32.09,31.07,31.389999,17001500,30.812894
2015-08-31,32.439999,32.830002,31.73,32.41,19084600,31.814142
2015-08-28,32.00,33.07,32.00,32.630001,16667000,32.030099
2015-08-27,31.379999,32.169998,31.10,32.00,18991700,31.41168
2015-08-26,30.27,30.91,29.860001,30.790001,16906300,30.223927
2015-08-25,31.50,31.540001,29.93,29.93,17602200,29.379737
2015-08-24,29.549999,31.450001,28.50,30.280001,21738000,29.723303
2015-08-21,32.50,32.75,31.790001,31.790001,17683600,31.205542
2015-08-20,33.349998,33.490002,32.689999,32.689999,13786200,32.088993
2015-08-19,33.810001,33.98,33.169998,33.580002,13184400,32.962634
2015-08-18,34.43,34.439999,33.709999,33.939999,11530000,33.316012
2015-08-17,34.009998,34.810001,33.959999,34.360001,15873000,33.728292
2015-08-14,34.259998,34.299999,33.849998,33.959999,17777100,33.335645
2015-08-13,33.810001,33.869999,32.970001,33.139999,11537900,32.530721
2015-08-12,32.59,34.060001,32.59,33.849998,20997300,33.227666
2015-08-11,32.279999,32.950001,32.060001,32.889999,15593000,32.285317
2015-08-10,32.23,32.619999,32.150002,32.50,16658900,31.902488
2015-08-07,32.529999,32.82,32.060001,32.139999,13378200,31.549106
2015-08-06,32.009998,32.740002,31.09,32.689999,24389900,32.088993
2015-08-05,33.779999,34.09,32.189999,32.240002,25141200,31.647269
2015-08-04,33.889999,34.02,33.450001,33.66,12619300,33.041161
2015-08-03,34.349998,34.380001,33.709999,33.75,19066500,33.129506
2015-07-31,34.869999,35.150002,34.57,34.639999,14217900,34.003143
2015-07-30,35.27,35.389999,34.889999,35.029999,12778500,34.385972
2015-07-29,34.900002,35.279999,34.59,35.240002,19895300,34.592114
2015-07-28,35.509998,35.919998,35.130001,35.57,17220800,34.435054
2015-07-27,34.650002,35.41,34.119999,35.220001,18827700,34.096223
2015-07-24,34.970001,35.259998,34.759998,34.849998,13054300,33.738026
2015-07-23,35.310001,35.50,34.650002,34.950001,16307000,33.834838
2015-07-22,35.720001,35.830002,35.25,35.360001,15381000,34.231756
2015-07-21,36.240002,36.240002,35.560001,35.84,17693100,34.69644
2015-07-20,36.880001,36.889999,36.25,36.299999,12922700,35.141761