2015-12-16,58.75,59.040001,57.220001,58.66,3793500,58.66
2015-12-15,58.09,59.369999,58.00,58.669998,2744000,58.669998
2015-12-14,57.650002,58.720001,57.200001,57.860001,2749300,57.860001
2015-12-11,57.759998,58.060001,57.139999,57.48,1917200,57.48
2015-12-10,58.779999,59.169998,58.470001,58.650002,1440500,58.650002
2015-12-09,58.950001,60.00,58.549999,58.860001,1588200,58.860001
2015-12-08,58.279999,59.75,58.200001,59.25,1970700,59.25
2015-12-07,59.209999,59.220001,58.200001,58.689999,2143600,58.689999
2015-12-04,58.34,59.560001,58.130001,59.220001,1799700,59.220001
2015-12-03,57.990002,59.139999,57.639999,58.220001,2912300,58.220001
2015-12-02,57.27,58.110001,56.52,57.98,3103000,57.98
2015-12-01,57.360001,57.950001,56.790001,57.259998,1767800,57.259998
2015-11-30,57.310001,57.639999,56.84,57.299999,1593900,57.299999
2015-11-27,57.860001,57.860001,56.93,57.41,727400,57.41
2015-11-25,57.459999,58.209999,57.259998,57.889999,1252300,57.889999
2015-11-24,56.16,57.59,56.150002,57.310001,1516400,57.310001
2015-11-23,57.09,57.23,56.459999,56.630001,1727900,56.630001
2015-11-20,56.700001,57.650002,56.599998,57.41,1775800,57.41
2015-11-19,56.540001,57.049999,56.099998,56.349998,1426800,56.349998
2015-11-18,55.900002,56.689999,55.66,56.68,1646900,56.68
2015-11-17,54.990002,56.400002,54.990002,55.619999,2071300,55.619999
2015-11-16,53.799999,55.049999,53.459999,55.02,1819900,55.02
2015-11-13,55.23,55.490002,53.84,53.98,1832900,53.98
2015-11-12,55.599998,56.099998,55.450001,55.450001,1454000,55.450001
2015-11-11,56.68,56.82,55.990002,56.02,1192600,56.02
2015-11-10,56.43,56.669998,55.779999,56.50,1145000,56.50
2015-11-09,57.189999,57.209999,56.139999,56.450001,1779800,56.450001
2015-11-06,56.799999,57.689999,56.619999,57.299999,1739900,57.299999
2015-11-05,57.330002,57.549999,56.73,57.060001,2195400,57.060001
2015-11-04,57.41,58.25,56.23,57.150002,2979500,57.150002
2015-11-03,58.650002,59.549999,57.75,57.959999,2286500,57.959999
2015-11-02,59.080002,59.34,58.529999,58.77,1287500,58.77
2015-10-30,58.27,59.66,58.009998,59.009998,1492800,59.009998
2015-10-29,57.919998,58.549999,57.68,58.41,2129000,58.41
2015-10-28,58.240002,58.459999,57.50,57.869999,2230000,57.869999
2015-10-27,58.490002,58.84,57.849998,58.209999,1208000,58.209999
2015-10-26,58.02,59.00,57.91,58.790001,1534100,58.790001
2015-10-23,58.759998,58.830002,57.48,58.049999,1861300,58.049999
2015-10-22,57.669998,58.84,57.66,58.240002,2329800,58.240002
2015-10-21,57.259998,57.34,56.669998,57.299999,2060200,57.299999
2015-10-20,56.860001,57.349998,56.57,56.950001,1462100,56.950001
2015-10-19,56.119999,56.939999,56.00,56.849998,2276300,56.849998
2015-10-16,57.009998,57.099998,56.07,56.18,2319500,56.18
2015-10-15,56.970001,57.220001,56.25,56.98,1762100,56.98
2015-10-14,56.91,57.290001,55.900002,56.77,2092000,56.77
2015-10-13,57.209999,57.66,56.75,56.91,2443900,56.91
2015-10-12,58.91,59.00,57.259998,57.34,2430500,57.34
2015-10-09,59.16,59.259998,57.959999,58.77,2641400,58.77
2015-10-08,59.360001,60.419998,59.119999,59.959999,1468100,59.959999
2015-10-07,59.59,60.330002,58.849998,59.48,1165800,59.48
2015-10-06,60.220001,60.50,58.900002,59.220001,1418800,59.220001
2015-10-05,60.099998,60.59,59.639999,60.48,1581700,60.48
2015-10-02,57.59,59.779999,57.32,59.779999,1728100,59.779999
2015-10-01,59.549999,59.75,57.709999,58.650002,2215100,58.650002
2015-09-30,59.099998,59.82,58.759998,59.32,2284300,59.32
2015-09-29,57.880001,58.310001,57.290001,57.959999,1440600,57.959999
2015-09-28,59.279999,59.450001,57.82,57.900002,1682700,57.900002
2015-09-25,59.669998,60.32,59.310001,59.73,1279600,59.73
2015-09-24,58.68,59.439999,58.220001,59.07,2017300,59.07
2015-09-23,58.549999,59.889999,57.880001,59.32,3877300,59.32
2015-09-22,60.02,60.540001,56.68,59.720001,6101600,59.720001
2015-09-21,60.75,62.68,60.73,62.66,3119300,62.66
2015-09-18,61.049999,61.529999,60.119999,60.27,3182700,60.27
2015-09-17,62.099998,62.959999,61.68,61.959999,2181200,61.959999
2015-09-16,60.68,62.07,60.52,62.060001,1807700,62.060001
2015-09-15,59.259998,61.220001,58.549999,60.82,2240400,60.82
2015-09-14,59.91,59.93,58.709999,58.990002,2526300,58.990002
2015-09-11,59.860001,60.52,59.57,60.209999,1380200,60.209999
2015-09-10,59.529999,60.52,59.099998,59.82,1387200,59.82
2015-09-09,60.720001,61.189999,59.43,59.580002,1601000,59.580002
2015-09-08,59.639999,60.279999,58.529999,60.110001,3181400,60.110001
2015-09-04,59.459999,60.389999,59.279999,60.02,1258100,60.02
2015-09-03,60.099998,61.380001,59.939999,60.580002,1357300,60.580002
2015-09-02,59.169998,59.84,58.32,59.84,2811600,59.84
2015-09-01,59.830002,60.209999,58.279999,58.560001,2182700,58.560001
2015-08-31,60.66,62.00,60.630001,61.00,1936300,61.00
2015-08-28,60.00,61.18,59.93,61.02,1501200,61.02
2015-08-27,59.150002,60.41,58.639999,60.00,1618000,60.00
2015-08-26,58.610001,58.790001,56.790001,58.50,1870700,58.50
2015-08-25,59.50,60.099998,57.119999,57.18,1633100,57.18
2015-08-24,56.110001,60.07,55.27,57.700001,2524900,57.700001
2015-08-21,60.849998,61.220001,59.50,59.580002,2232400,59.580002
2015-08-20,61.77,62.439999,61.259998,61.32,994600,61.32
2015-08-19,63.09,63.09,61.830002,62.529999,964000,62.529999
2015-08-18,63.650002,64.07,63.299999,63.50,1173900,63.50
2015-08-17,62.93,63.549999,62.34,63.529999,923800,63.529999
2015-08-14,62.540001,63.369999,62.23,63.130001,1068100,63.130001
2015-08-13,62.650002,63.18,62.040001,62.619999,1076100,62.619999
2015-08-12,62.110001,62.66,60.849998,62.509998,1623200,62.509998
2015-08-11,62.860001,63.00,62.150002,62.759998,1493900,62.759998
2015-08-10,62.610001,63.810001,62.50,63.41,1255800,63.41
2015-08-07,62.099998,62.889999,61.639999,62.150002,1193700,62.150002
2015-08-06,64.25,64.32,61.639999,62.099998,2448200,62.099998
2015-08-05,65.150002,65.800003,64.550003,64.769997,1005200,64.769997
2015-08-04,64.129997,65.290001,64.129997,64.760002,1278900,64.760002
2015-08-03,65.580002,65.580002,63.700001,64.129997,1061500,64.129997
2015-07-31,64.190002,64.870003,63.849998,64.510002,967100,64.510002
2015-07-30,64.110001,64.230003,63.549999,63.990002,1017900,63.990002
2015-07-29,62.869999,64.360001,62.869999,64.260002,1548100,64.260002
2015-07-28,62.310001,62.810001,61.049999,62.669998,1613300,62.669998
2015-07-27,63.049999,63.169998,61.630001,61.959999,2074700,61.959999
2015-07-24,65.57,65.669998,63.080002,63.18,1998300,63.18
2015-07-23,66.660004,66.82,65.110001,65.190002,1818700,65.190002
2015-07-22,66.879997,66.910004,66.099998,66.32,1373300,66.32
2015-07-21,68.160004,68.330002,66.779999,66.879997,897600,66.879997
2015-07-20,68.089996,68.800003,67.830002,68.169998,724000,68.169998