2015-12-16,42.48,42.560001,41.849998,42.43,7366800,42.43
2015-12-15,42.09,42.580002,41.919998,42.310001,10409400,42.310001
2015-12-14,41.23,41.869999,41.110001,41.860001,7586300,41.860001
2015-12-11,40.720001,41.450001,40.720001,41.080002,15749600,41.080002
2015-12-10,41.360001,41.599998,41.060001,41.130001,12581900,41.130001
2015-12-09,41.110001,41.650002,40.709999,41.25,7111500,41.25
2015-12-08,41.279999,41.599998,40.799999,41.41,10691500,41.41
2015-12-07,40.880001,41.68,40.84,41.43,11368200,41.43
2015-12-04,39.900002,40.580002,39.68,40.549999,9505000,40.549999
2015-12-03,38.720001,40.330002,38.360001,39.91,15084500,39.91
2015-12-02,38.240002,38.34,37.900002,38.110001,10411800,38.110001
2015-12-01,38.009998,38.349998,37.849998,38.200001,10580100,38.200001
2015-11-30,38.049999,38.25,37.509998,37.66,9793200,37.66
2015-11-27,37.369999,38.169998,37.240002,38.009998,4311600,38.009998
2015-11-25,37.119999,37.400002,37.110001,37.169998,5036500,37.169998
2015-11-24,37.02,37.32,37.02,37.119999,8125700,37.119999
2015-11-23,37.290001,37.380001,37.029999,37.25,4246900,37.25
2015-11-20,37.450001,37.709999,37.150002,37.310001,6591000,37.310001
2015-11-19,37.549999,37.75,37.07,37.32,4862400,37.32
2015-11-18,37.02,37.57,36.950001,37.540001,7738400,37.540001
2015-11-17,36.68,37.130001,36.419998,37.02,7165200,37.02
2015-11-16,36.049999,36.599998,36.02,36.540001,15024100,36.540001
2015-11-13,36.450001,36.669998,36.00,36.049999,10345200,36.049999
2015-11-12,36.990002,37.240002,36.50,36.509998,23727000,36.509998
2015-11-11,37.43,37.50,36.82,37.029999,7531700,37.029999
2015-11-10,37.150002,37.41,37.029999,37.27,4597700,37.27
2015-11-09,37.349998,37.50,36.93,37.200001,6826800,37.095001
2015-11-06,37.049999,37.580002,36.869999,37.57,9655000,37.463955
2015-11-05,37.189999,37.200001,36.689999,37.07,7525200,36.965367
2015-11-04,37.93,37.990002,36.880001,37.009998,6064500,36.905535
2015-11-03,37.959999,38.150002,37.669998,37.759998,4939300,37.653418
2015-11-02,37.799999,38.209999,37.549999,38.200001,6024100,38.092178
2015-10-30,37.549999,37.939999,37.369999,37.799999,6503300,37.693306
2015-10-29,37.700001,37.810001,37.529999,37.650002,5910000,37.543731
2015-10-28,37.169998,37.77,36.810001,37.700001,10635800,37.59359
2015-10-27,37.240002,37.34,36.200001,36.990002,8212800,36.885595
2015-10-26,37.900002,37.98,37.490002,37.549999,5738800,37.444011
2015-10-23,38.50,38.509998,37.68,37.82,9870300,37.71325
2015-10-22,38.259998,38.509998,38.09,38.290001,13418900,38.181924
2015-10-21,37.849998,38.099998,37.700001,38.080002,6253700,37.972518
2015-10-20,37.93,37.990002,37.580002,37.720001,9169500,37.613534
2015-10-19,37.50,38.049999,37.349998,37.830002,5977800,37.723224
2015-10-16,37.169998,37.540001,36.889999,37.509998,6128900,37.404123
2015-10-15,36.639999,37.080002,36.299999,37.07,14991400,36.965367
2015-10-14,37.48,37.580002,35.849998,36.330002,14507400,36.227458
2015-10-13,38.16,38.380001,37.34,37.439999,6425000,37.334321
2015-10-12,38.02,38.400002,37.790001,38.200001,5285900,38.092178
2015-10-09,38.040001,38.349998,37.740002,38.029999,5881700,37.922656
2015-10-08,37.490002,38.060001,37.34,38.00,7381300,37.892742
2015-10-07,37.349998,37.799999,37.119999,37.509998,3564200,37.404123
2015-10-06,38.029999,38.09,37.040001,37.130001,5122500,37.025199
2015-10-05,37.220001,38.099998,37.00,38.07,6246500,37.962544
2015-10-02,36.349998,37.16,35.779999,37.139999,5472900,37.035169
2015-10-01,36.119999,36.799999,35.689999,36.68,7629200,36.576468
2015-09-30,35.98,36.25,35.639999,36.07,7100900,35.968189
2015-09-29,35.75,36.169998,35.290001,35.610001,6487800,35.509489
2015-09-28,35.880001,35.990002,35.560001,35.75,6347800,35.649093
2015-09-25,36.220001,36.740002,35.869999,36.110001,4302100,36.008077
2015-09-24,36.040001,36.310001,35.689999,35.959999,6556800,35.858499
2015-09-23,36.470001,36.52,35.950001,36.380001,5020500,36.277316
2015-09-22,36.369999,36.459999,35.849998,36.41,6105200,36.30723
2015-09-21,37.060001,37.130001,36.369999,36.66,6190200,36.556524
2015-09-18,37.259998,37.610001,36.599998,36.73,10157300,36.626326
2015-09-17,37.25,37.950001,37.060001,37.50,5021800,37.394153
2015-09-16,37.400002,37.400002,36.950001,37.18,5448600,37.075057
2015-09-15,37.43,37.490002,36.740002,37.16,8286200,37.055113
2015-09-14,37.27,37.720001,37.110001,37.419998,8572100,37.314377
2015-09-11,37.41,37.75,36.09,37.290001,18439300,37.184747
2015-09-10,34.43,35.610001,34.310001,35.400002,13536200,35.300082
2015-09-09,35.349998,35.369999,34.400002,34.400002,7978400,34.302905
2015-09-08,34.66,35.07,34.470001,35.049999,8393400,34.951068
2015-09-04,34.299999,34.360001,33.91,34.07,5895000,33.973834
2015-09-03,34.75,35.040001,34.41,34.57,5743000,34.472423
2015-09-02,34.310001,34.950001,34.200001,34.650002,7550600,34.552199
2015-09-01,33.98,34.080002,33.630001,33.849998,8431100,33.754454
2015-08-31,34.869999,35.040001,34.330002,34.50,7900600,34.402621
2015-08-28,35.50,35.549999,34.700001,34.939999,7224600,34.841378
2015-08-27,35.630001,36.00,34.830002,35.529999,9008700,35.429713
2015-08-26,34.389999,35.150002,33.779999,35.080002,10216400,34.980986
2015-08-25,35.189999,35.189999,33.66,33.66,8657900,33.564992
2015-08-24,30.00,34.389999,27.32,33.77,14379900,33.674682
2015-08-21,35.93,36.279999,34.91,34.93,12100000,34.831408
2015-08-20,37.169998,37.73,36.639999,36.68,8090600,36.576468
2015-08-19,38.43,38.450001,37.150002,37.360001,8805900,37.254549
2015-08-18,38.529999,38.73,38.439999,38.599998,4157100,38.491047
2015-08-17,38.189999,38.669998,38.029999,38.650002,4261800,38.540909
2015-08-14,38.02,38.360001,37.970001,38.349998,4164200,38.241753
2015-08-13,37.84,38.220001,37.68,38.209999,6596800,38.102148
2015-08-12,37.119999,39.43,37.09,37.799999,9703100,37.693306
2015-08-11,37.389999,37.84,37.209999,37.389999,6218300,37.179761
2015-08-10,38.080002,38.240002,37.389999,37.540001,8510900,37.328919
2015-08-07,38.619999,38.66,37.509998,37.82,9152100,37.607343
2015-08-06,39.110001,39.150002,38.380001,38.720001,6630000,38.502284
2015-08-05,38.799999,39.169998,38.509998,39.080002,7534800,38.86026
2015-08-04,39.25,39.27,38.25,38.560001,8692200,38.343184
2015-08-03,39.23,39.400002,39.02,39.400002,4273800,39.178461
2015-07-31,39.110001,39.259998,38.849998,39.240002,5008300,39.01936
2015-07-30,38.549999,39.07,38.189999,39.00,4466600,38.780708
2015-07-29,38.779999,39.00,38.650002,38.799999,4499000,38.581832
2015-07-28,38.509998,38.869999,38.279999,38.720001,4573100,38.502284
2015-07-27,38.169998,38.41,37.389999,38.200001,5173900,37.985207
2015-07-24,38.650002,38.919998,38.330002,38.360001,4367600,38.144308
2015-07-23,39.130001,39.279999,38.619999,38.669998,4612100,38.452562
2015-07-22,38.950001,39.299999,38.759998,39.009998,4138700,38.79065
2015-07-21,39.209999,39.32,38.75,38.959999,5365400,38.740932
2015-07-20,38.84,39.34,38.720001,39.169998,5143500,38.949751