2015-12-16,73.949997,76.050003,73.599998,75.839996,1799200,75.839996
2015-12-15,74.360001,74.900002,73.040001,73.720001,2440200,73.720001
2015-12-14,74.50,75.349998,73.25,74.080002,1350700,74.080002
2015-12-11,74.220001,75.68,74.00,74.629997,1889600,74.629997
2015-12-10,76.089996,76.82,74.519997,74.690002,2360300,74.690002
2015-12-09,76.360001,77.389999,75.139999,76.110001,2082400,76.110001
2015-12-08,78.360001,78.360001,76.639999,76.709999,2367100,76.709999
2015-12-07,81.57,81.959999,79.370003,79.470001,2003200,79.470001
2015-12-04,81.75,82.410004,80.610001,81.980003,2732600,81.980003
2015-12-03,84.970001,85.489998,81.540001,82.690002,3586700,82.690002
2015-12-02,91.18,91.18,84.059998,85.120003,4253500,85.120003
2015-12-01,91.019997,91.970001,90.660004,91.629997,830300,91.629997
2015-11-30,92.440002,92.709999,90.739998,90.919998,933100,90.919998
2015-11-27,91.650002,92.720001,91.150002,92.260002,320400,92.260002
2015-11-25,91.410004,92.110001,91.089996,91.389999,1025100,91.389999
2015-11-24,91.50,92.269997,91.370003,91.410004,1001100,91.410004
2015-11-23,93.089996,93.739998,91.730003,91.809998,1264800,91.809998
2015-11-20,94.120003,94.769997,92.739998,93.529999,1200900,93.529999
2015-11-19,92.529999,94.120003,91.849998,93.650002,2195900,93.650002
2015-11-18,89.620003,92.510002,89.459999,92.370003,3558000,92.370003
2015-11-17,87.949997,88.949997,86.010002,88.209999,1187700,88.209999
2015-11-16,87.349998,88.629997,86.50,87.970001,894900,87.970001
2015-11-13,87.099998,88.279999,87.050003,87.449997,1153500,87.449997
2015-11-12,88.029999,88.830002,87.160004,87.720001,1271000,87.720001
2015-11-11,89.93,90.120003,88.099998,88.82,940700,88.82
2015-11-10,89.75,90.449997,88.93,89.529999,1826000,89.529999
2015-11-09,87.389999,91.75,86.019997,89.82,3399500,89.82
2015-11-06,87.989998,89.400002,87.449997,87.650002,1815300,87.650002
2015-11-05,87.07,90.440002,86.300003,88.540001,3606900,88.540001
2015-11-04,86.660004,87.43,85.82,87.080002,2062100,87.080002
2015-11-03,84.830002,86.839996,84.639999,86.580002,2444600,86.580002
2015-11-02,82.769997,84.919998,82.470001,84.68,1898900,84.68
2015-10-30,84.309998,84.370003,82.639999,82.760002,1923100,82.760002
2015-10-29,83.480003,84.330002,83.110001,84.110001,1338400,84.110001
2015-10-28,83.339996,84.160004,82.860001,83.610001,1702300,83.610001
2015-10-27,85.209999,85.269997,81.540001,82.129997,3080300,82.129997
2015-10-26,85.82,87.160004,85.75,85.900002,1323500,85.900002
2015-10-23,86.540001,86.949997,84.32,86.129997,3025900,86.129997
2015-10-22,87.510002,88.510002,85.870003,86.150002,3720700,86.150002
2015-10-21,88.949997,89.25,87.300003,87.410004,2060700,87.410004
2015-10-20,86.660004,88.980003,85.800003,88.660004,2540300,88.660004
2015-10-19,86.75,88.370003,85.75,86.669998,3682000,86.669998
2015-10-16,95.230003,95.230003,86.400002,87.370003,8331800,87.370003
2015-10-15,97.160004,98.519997,96.459999,98.00,1421800,98.00
2015-10-14,95.800003,96.82,94.57,96.370003,1821700,96.370003
2015-10-13,96.720001,97.82,96.080002,96.169998,856700,96.169998
2015-10-12,97.629997,98.190002,95.690002,97.980003,1510300,97.980003
2015-10-09,98.75,100.400002,97.489998,97.949997,1769600,97.949997
2015-10-08,96.510002,98.809998,96.290001,98.459999,1136900,98.459999
2015-10-07,96.300003,97.910004,95.150002,96.730003,1482600,96.730003
2015-10-06,95.449997,96.32,94.940002,95.669998,708000,95.669998
2015-10-05,94.50,95.860001,94.389999,95.620003,1122800,95.620003
2015-10-02,91.589996,94.230003,91.279999,94.169998,1066000,94.169998
2015-10-01,91.550003,93.220001,91.290001,93.190002,1997700,93.190002
2015-09-30,89.269997,90.949997,89.269997,90.879997,1509600,90.879997
2015-09-29,89.00,89.349998,87.599998,88.150002,1181500,88.150002
2015-09-28,90.57,91.349998,88.449997,88.839996,2053400,88.839996
2015-09-25,91.07,91.800003,90.199997,91.029999,2393300,91.029999
2015-09-24,90.50,91.040001,89.650002,90.300003,1313000,90.300003
2015-09-23,91.839996,92.139999,90.629997,91.510002,862500,91.510002
2015-09-22,93.599998,93.660004,91.260002,91.800003,1253200,91.800003
2015-09-21,95.00,96.519997,94.449997,94.800003,670000,94.800003
2015-09-18,95.32,96.419998,94.150002,94.529999,1622600,94.529999
2015-09-17,95.339996,98.669998,95.029999,96.660004,1818400,96.660004
2015-09-16,94.290001,96.360001,94.18,95.25,1527000,95.25
2015-09-15,92.690002,94.50,91.989998,94.349998,1020700,94.349998
2015-09-14,92.410004,93.00,92.059998,92.57,942200,92.57
2015-09-11,92.599998,93.389999,91.769997,92.559998,1036900,92.559998
2015-09-10,91.860001,93.410004,91.720001,93.129997,961200,93.129997
2015-09-09,93.650002,94.019997,91.970001,92.129997,788000,91.799999
2015-09-08,92.080002,93.300003,92.00,93.129997,722900,92.796417
2015-09-04,89.940002,91.120003,89.779999,90.339996,853600,90.016409
2015-09-03,91.900002,92.360001,90.949997,91.389999,1258100,91.062651
2015-09-02,90.730003,91.489998,89.800003,91.470001,1033800,91.142367
2015-09-01,90.540001,91.150002,89.32,89.739998,1167900,89.41856
2015-08-31,93.830002,94.120003,92.559998,92.739998,956100,92.407814
2015-08-28,93.019997,95.330002,92.879997,94.580002,1078200,94.241227
2015-08-27,91.18,94.080002,90.459999,93.269997,2481400,92.935915
2015-08-26,88.699997,89.620003,87.610001,89.459999,1858900,89.139564
2015-08-25,92.190002,92.190002,86.379997,86.529999,2579900,86.220059
2015-08-24,88.239998,92.309998,87.949997,89.57,3668800,89.249171
2015-08-21,94.57,95.120003,92.620003,92.790001,1713300,92.457638
2015-08-20,98.029999,99.309998,95.25,95.279999,2089800,94.938717
2015-08-19,98.669998,99.160004,97.790001,98.029999,1105800,97.678867
2015-08-18,99.620003,99.989998,98.919998,99.440002,809300,99.08382
2015-08-17,98.230003,99.269997,97.559998,99.25,689300,98.894498
2015-08-14,97.480003,99.00,97.190002,98.580002,688600,98.2269
2015-08-13,97.690002,98.349998,97.220001,97.779999,811900,97.429762
2015-08-12,97.32,98.050003,95.839996,97.849998,1132300,97.499511
2015-08-11,99.25,99.25,97.900002,98.260002,1537500,97.908046
2015-08-10,96.790001,100.290001,96.790001,99.730003,1415000,99.372782
2015-08-07,96.970001,96.970001,95.650002,96.00,823100,95.656139
2015-08-06,97.449997,97.529999,96.00,97.260002,853400,96.911628
2015-08-05,98.559998,99.449997,97.389999,97.449997,1187600,97.100943
2015-08-04,97.260002,98.050003,96.540001,97.970001,1290500,97.619084
2015-08-03,99.349998,99.660004,96.879997,97.470001,1375300,97.120875
2015-07-31,100.839996,101.230003,98.82,99.190002,953900,98.834716
2015-07-30,100.410004,101.220001,99.910004,100.849998,1046800,100.488766
2015-07-29,97.629997,101.239998,97.290001,101.089996,2308400,100.727904
2015-07-28,93.709999,98.290001,93.709999,97.75,2325400,97.399871
2015-07-27,92.870003,94.220001,92.230003,93.190002,1646000,92.856207
2015-07-24,93.370003,93.910004,92.400002,93.00,1300200,92.666885
2015-07-23,96.00,96.18,93.089996,93.360001,1377300,93.025596
2015-07-22,97.639999,98.330002,96.290001,96.540001,1082500,96.194206
2015-07-21,96.209999,98.489998,95.949997,97.75,1743700,97.399871
2015-07-20,98.720001,99.110001,96.779999,97.400002,2752900,97.051126