2015-12-16,37.669998,37.830002,37.23,37.759998,1044000,37.759998
2015-12-15,37.23,37.560001,36.990002,37.41,1385300,37.41
2015-12-14,36.990002,37.259998,36.610001,36.77,1768000,36.77
2015-12-11,37.27,37.360001,36.869999,36.919998,1455900,36.919998
2015-12-10,37.169998,38.029999,37.169998,37.799999,2192600,37.799999
2015-12-09,37.849998,38.290001,37.080002,37.200001,1511400,37.200001
2015-12-08,38.00,38.27,37.830002,38.02,1852500,38.02
2015-12-07,38.279999,38.459999,38.110001,38.330002,1021600,38.330002
2015-12-04,37.529999,38.540001,37.459999,38.41,1691300,38.41
2015-12-03,38.34,38.34,37.389999,37.50,1826600,37.50
2015-12-02,38.27,38.400002,38.139999,38.25,1661400,38.25
2015-12-01,38.049999,38.34,37.509998,38.310001,1148800,38.310001
2015-11-30,37.75,38.139999,37.529999,37.889999,1473700,37.889999
2015-11-27,37.790001,37.91,37.580002,37.720001,313300,37.720001
2015-11-25,37.849998,37.849998,37.689999,37.77,507000,37.77
2015-11-24,37.619999,37.959999,37.560001,37.860001,685300,37.797
2015-11-23,37.91,37.990002,37.75,37.759998,491500,37.697164
2015-11-20,37.98,38.189999,37.759998,37.91,707700,37.846916
2015-11-19,37.950001,37.990002,37.700001,37.860001,806100,37.797
2015-11-18,37.57,38.02,37.57,37.970001,945900,37.906818
2015-11-17,37.599998,37.84,37.23,37.490002,1137700,37.427617
2015-11-16,36.790001,37.57,36.790001,37.57,1036600,37.507482
2015-11-13,36.970001,37.349998,36.91,36.959999,943400,36.898496
2015-11-12,37.290001,37.490002,37.02,37.029999,906800,36.968379
2015-11-11,37.849998,37.950001,37.450001,37.529999,660700,37.467547
2015-11-10,37.580002,37.900002,37.50,37.830002,634500,37.767051
2015-11-09,37.799999,37.880001,37.470001,37.630001,1386500,37.567383
2015-11-06,37.389999,37.810001,37.209999,37.799999,1157400,37.737098
2015-11-05,37.040001,37.32,36.900002,37.240002,10926700,37.178033
2015-11-04,37.27,37.450001,36.970001,37.02,1097200,36.958398
2015-11-03,37.470001,37.75,37.200001,37.27,1256200,37.207982
2015-11-02,36.009998,37.669998,35.82,37.580002,1914300,37.517467
2015-10-30,36.860001,37.00,36.450001,36.459999,1382900,36.399328
2015-10-29,36.700001,36.950001,36.52,36.799999,1184900,36.738762
2015-10-28,36.23,36.849998,36.200001,36.849998,1089000,36.788679
2015-10-27,36.389999,36.450001,36.029999,36.119999,1039300,36.059894
2015-10-26,36.68,36.82,36.560001,36.619999,969400,36.559062
2015-10-23,36.779999,36.869999,36.529999,36.700001,1250400,36.63893
2015-10-22,36.41,36.709999,36.41,36.59,1626200,36.529113
2015-10-21,36.52,36.650002,36.220001,36.25,864800,36.189678
2015-10-20,36.07,36.540001,35.869999,36.43,1472700,36.369379
2015-10-19,36.07,36.279999,35.98,36.110001,1527600,36.049912
2015-10-16,36.07,36.279999,35.98,36.18,1605100,36.119795
2015-10-15,35.77,36.110001,35.50,36.009998,1392000,35.950076
2015-10-14,36.07,36.130001,35.560001,35.639999,1554200,35.580693
2015-10-13,36.150002,36.389999,36.00,36.029999,3548000,35.970043
2015-10-12,36.27,36.459999,36.00,36.330002,4107900,36.269547
2015-10-09,36.799999,36.860001,36.220001,36.290001,3826000,36.229613
2015-10-08,36.450001,36.779999,36.450001,36.779999,3211200,36.718795
2015-10-07,36.939999,37.099998,36.43,36.549999,1960100,36.489178
2015-10-06,36.599998,36.950001,36.470001,36.740002,2705700,36.678865
2015-10-05,35.880001,36.740002,35.849998,36.639999,3091200,36.579029
2015-10-02,34.709999,35.630001,34.400002,35.549999,2597900,35.490843
2015-10-01,36.16,36.279999,35.080002,35.369999,2974900,35.311142
2015-09-30,35.98,36.279999,35.91,36.139999,1401700,36.079861
2015-09-29,35.41,35.700001,35.34,35.650002,1262200,35.590678
2015-09-28,35.73,35.810001,35.380001,35.400002,1724700,35.341094
2015-09-25,36.049999,36.25,35.82,35.970001,1148900,35.910146
2015-09-24,35.349998,35.91,35.290001,35.720001,1545100,35.660562
2015-09-23,35.84,36.869999,35.529999,35.689999,1479100,35.630609
2015-09-22,35.779999,36.080002,35.689999,35.880001,1289000,35.820295
2015-09-21,35.970001,36.290001,35.889999,36.23,1695500,36.169711
2015-09-18,35.700001,36.099998,35.619999,35.810001,3498300,35.750412
2015-09-17,36.580002,36.860001,36.209999,36.27,1302700,36.209646
2015-09-16,36.41,36.619999,36.330002,36.560001,1007500,36.499164
2015-09-15,36.209999,36.41,35.98,36.369999,1736400,36.309478
2015-09-14,36.290001,36.389999,36.009998,36.099998,1151300,36.039927
2015-09-11,36.099998,36.32,35.889999,36.310001,1098000,36.24958
2015-09-10,36.049999,36.540001,35.889999,36.240002,1488900,36.179697
2015-09-09,36.959999,36.990002,36.040001,36.09,1169200,36.029945
2015-09-08,36.639999,36.669998,36.200001,36.610001,1840300,36.54908
2015-09-04,36.00,36.290001,35.900002,36.09,2068700,36.029945
2015-09-03,36.119999,36.810001,36.119999,36.48,1559900,36.419295
2015-09-02,35.98,36.150002,35.57,36.060001,1347800,35.999996
2015-09-01,35.75,36.16,35.50,35.720001,2469600,35.660562
2015-08-31,36.32,36.560001,36.16,36.450001,2040400,36.389346
2015-08-28,36.349998,36.73,36.220001,36.529999,1958600,36.469211
2015-08-27,36.16,36.540001,35.700001,36.52,2801100,36.45923
2015-08-26,36.200001,36.200001,35.360001,35.790001,2360800,35.66755
2015-08-25,37.18,37.18,35.310001,35.360001,2999600,35.239021
2015-08-24,35.400002,36.959999,35.209999,36.110001,4553700,35.986455
2015-08-21,37.490002,37.720001,37.07,37.080002,3707600,36.953138
2015-08-20,38.130001,38.290001,37.779999,37.790001,1302800,37.660707
2015-08-19,38.43,38.689999,38.279999,38.450001,956700,38.318449
2015-08-18,38.73,39.009998,38.669998,38.77,1045900,38.637354
2015-08-17,38.759998,38.849998,38.279999,38.82,1262600,38.687182
2015-08-14,38.779999,39.029999,38.779999,38.990002,1281500,38.856603
2015-08-13,38.709999,38.919998,38.560001,38.810001,1295200,38.677218
2015-08-12,38.77,38.950001,38.419998,38.799999,1406800,38.66725
2015-08-11,38.610001,39.099998,38.57,39.029999,2048200,38.896463
2015-08-10,38.150002,39.049999,38.110001,39.049999,2021700,38.916395
2015-08-07,37.860001,38.139999,37.84,37.939999,1447100,37.810192
2015-08-06,37.689999,38.040001,37.549999,37.970001,1470200,37.840092
2015-08-05,37.709999,38.029999,37.599998,37.700001,1657700,37.571015
2015-08-04,37.209999,37.540001,37.02,37.509998,1855100,37.381663
2015-08-03,37.650002,37.759998,36.709999,37.09,2708800,36.963102
2015-07-31,38.310001,38.450001,38.07,38.110001,1295200,37.979612
2015-07-30,38.240002,38.52,38.139999,38.310001,1546900,38.178929
2015-07-29,38.169998,38.630001,38.139999,38.299999,3494800,38.168961
2015-07-28,37.869999,38.330002,37.869999,38.150002,2353300,38.019476
2015-07-27,37.52,37.810001,37.380001,37.759998,2285800,37.630808
2015-07-24,37.73,37.880001,37.549999,37.82,2442400,37.690604
2015-07-23,38.169998,38.34,37.75,37.790001,1069700,37.660707
2015-07-22,38.310001,38.900002,37.990002,38.110001,1265500,37.979612
2015-07-21,38.439999,38.77,38.290001,38.349998,1413900,38.218789
2015-07-20,38.580002,38.669998,38.240002,38.419998,1198700,38.288549