2015-12-16,97.730003,98.720001,96.980003,98.349998,824900,98.349998
2015-12-15,98.00,98.980003,96.970001,96.970001,1169900,96.970001
2015-12-14,96.830002,97.800003,95.809998,97.209999,952000,97.209999
2015-12-11,97.099998,97.970001,96.150002,96.559998,968100,96.559998
2015-12-10,97.989998,99.269997,97.690002,97.860001,1387400,97.860001
2015-12-09,98.00,99.830002,96.93,97.639999,1709800,97.639999
2015-12-08,97.57,98.720001,97.099998,98.260002,1539500,98.260002
2015-12-07,99.410004,99.489998,97.709999,98.25,1809800,98.25
2015-12-04,96.040001,99.589996,96.040001,99.470001,1692700,99.470001
2015-12-03,96.519997,97.669998,94.93,95.870003,1437200,95.870003
2015-12-02,96.32,96.699997,95.50,96.099998,1383700,96.099998
2015-12-01,95.839996,96.400002,95.150002,96.029999,1321800,96.029999
2015-11-30,97.010002,97.580002,94.900002,95.410004,1978200,95.410004
2015-11-27,97.059998,97.43,95.790001,96.68,566600,96.68
2015-11-25,97.220001,97.769997,96.199997,96.82,1107700,96.82
2015-11-24,94.230003,97.209999,94.230003,96.879997,1537900,96.879997
2015-11-23,93.940002,95.650002,93.940002,95.059998,1641500,95.059998
2015-11-20,92.830002,94.709999,92.830002,93.940002,1702700,93.940002
2015-11-19,91.230003,93.839996,90.040001,92.129997,2800300,92.129997
2015-11-18,90.449997,92.419998,89.830002,92.230003,2649500,92.230003
2015-11-17,91.699997,92.650002,89.75,90.82,2145600,90.320001
2015-11-16,90.290001,91.519997,89.449997,91.470001,1876100,90.966424
2015-11-13,91.480003,92.029999,89.93,90.589996,2933400,90.091264
2015-11-12,92.129997,93.709999,91.809998,93.019997,1788000,92.507886
2015-11-11,94.93,94.949997,92.260002,92.800003,1567700,92.289103
2015-11-10,93.68,95.260002,93.529999,95.150002,1544400,94.626164
2015-11-09,95.50,95.650002,92.120003,93.690002,4272800,93.174203
2015-11-06,98.769997,99.589996,96.540001,96.879997,1988100,96.346636
2015-11-05,100.419998,100.669998,98.449997,99.120003,2109700,98.574309
2015-11-04,101.110001,101.110001,99.68,100.220001,2209500,99.668252
2015-11-03,98.50,100.080002,98.00,99.379997,2301600,98.832872
2015-11-02,95.769997,96.839996,94.449997,96.449997,1869900,95.919003
2015-10-30,94.559998,96.650002,94.019997,95.980003,1439800,95.451597
2015-10-29,95.360001,95.529999,93.540001,94.720001,1075900,94.198531
2015-10-28,94.230003,95.769997,93.910004,95.650002,819000,95.123412
2015-10-27,95.720001,96.110001,94.480003,94.660004,1448900,94.138864
2015-10-26,94.059998,96.290001,93.760002,95.919998,1404400,95.391922
2015-10-23,97.779999,97.93,92.739998,93.879997,2407300,93.363152
2015-10-22,96.959999,97.18,96.410004,96.760002,1467400,96.227301
2015-10-21,97.00,97.699997,95.709999,96.519997,1079800,95.988617
2015-10-20,96.800003,97.529999,96.32,96.379997,1332800,95.849388
2015-10-19,96.669998,97.410004,96.309998,97.18,1089400,96.644987
2015-10-16,96.459999,97.099998,95.57,96.82,754900,96.286969
2015-10-15,95.879997,96.230003,94.849998,96.040001,1034600,95.511264
2015-10-14,96.349998,96.769997,94.989998,95.410004,742100,94.884735
2015-10-13,96.699997,97.260002,96.290001,96.540001,895900,96.008511
2015-10-12,96.25,97.099998,96.07,96.830002,1685700,96.296916
2015-10-09,96.50,96.510002,95.559998,96.339996,1455200,95.809608
2015-10-08,95.959999,97.489998,95.309998,96.529999,2808800,95.998564
2015-10-07,92.419998,95.239998,92.419998,94.699997,2038900,94.178637
2015-10-06,93.809998,94.349998,92.089996,93.389999,1103500,92.875852
2015-10-05,93.269997,93.980003,92.959999,93.870003,1834900,93.353212
2015-10-02,90.389999,93.059998,89.900002,93.059998,1571800,92.547667
2015-10-01,90.099998,91.389999,89.639999,91.309998,1915800,90.807301
2015-09-30,90.440002,91.160004,89.82,90.129997,1770500,89.633797
2015-09-29,89.75,89.849998,88.480003,89.389999,1048300,88.897873
2015-09-28,91.290001,91.970001,88.93,89.419998,1247600,88.927707
2015-09-25,92.230003,93.110001,91.169998,91.800003,992600,91.294609
2015-09-24,91.230003,92.059998,91.080002,91.839996,953600,91.334382
2015-09-23,92.040001,92.68,91.529999,91.959999,914700,91.453724
2015-09-22,91.360001,92.050003,90.690002,91.779999,1330400,91.274715
2015-09-21,92.720001,93.18,91.669998,92.209999,1343200,91.702348
2015-09-18,90.839996,92.400002,90.370003,91.93,4382300,91.42389
2015-09-17,93.150002,93.349998,91.730003,92.089996,1798100,91.583006
2015-09-16,91.760002,92.809998,91.07,92.699997,1389900,92.189648
2015-09-15,92.019997,92.309998,91.18,91.769997,1555700,91.264768
2015-09-14,92.550003,93.290001,91.82,92.150002,1501300,91.64268
2015-09-11,90.970001,92.43,90.400002,92.32,1557400,91.811743
2015-09-10,90.760002,92.220001,90.709999,91.589996,2657100,91.085758
2015-09-09,92.970001,93.410004,90.519997,90.639999,2425500,90.140991
2015-09-08,91.760002,92.790001,90.400002,92.720001,3085500,92.209542
2015-09-04,88.550003,90.860001,88.00,90.379997,3230200,89.882421
2015-09-03,87.110001,90.769997,87.110001,89.279999,3989900,88.788478
2015-09-02,84.68,86.010002,83.32,85.730003,3411000,85.258027
2015-09-01,82.080002,84.260002,81.93,83.849998,2923400,83.388372
2015-08-31,83.510002,84.349998,83.089996,83.900002,2591600,83.4381
2015-08-28,82.760002,84.18,82.690002,83.639999,1992300,83.179529
2015-08-27,81.980003,82.949997,81.099998,82.809998,2023900,82.354097
2015-08-26,79.82,81.529999,78.419998,81.360001,2456200,80.912083
2015-08-25,80.160004,80.32,77.830002,77.870003,2890100,77.441299
2015-08-24,76.629997,80.040001,75.110001,78.07,3309100,77.640194
2015-08-21,83.029999,83.32,79.959999,80.290001,4021200,79.847974
2015-08-20,79.519997,84.300003,79.50,83.940002,3783400,83.477881
2015-08-19,80.449997,81.690002,80.300003,81.18,1937600,80.733073
2015-08-18,81.50,81.959999,81.019997,81.349998,1272000,80.404887
2015-08-17,80.900002,81.620003,80.129997,81.510002,1074100,80.563032
2015-08-14,80.800003,81.300003,80.510002,80.989998,1443800,80.049069
2015-08-13,81.129997,81.43,80.559998,80.699997,1208900,79.762437
2015-08-12,80.660004,81.519997,78.449997,81.099998,3107300,80.157792
2015-08-11,82.620003,83.410004,82.00,82.489998,1279000,81.531642
2015-08-10,82.330002,83.650002,82.019997,83.389999,1323900,82.421188
2015-08-07,81.720001,82.029999,80.599998,81.660004,1538100,80.711291
2015-08-06,84.459999,84.959999,80.690002,81.800003,3059900,80.849664
2015-08-05,83.529999,84.849998,83.529999,84.489998,2092500,83.508407
2015-08-04,82.129997,83.290001,81.959999,83.199997,1626700,82.233393
2015-08-03,80.82,82.269997,80.699997,82.190002,2509000,81.235132
2015-07-31,81.910004,82.199997,80.660004,80.720001,1619600,79.782209
2015-07-30,82.620003,82.949997,81.269997,81.339996,1499700,80.395001
2015-07-29,81.269997,83.080002,81.169998,82.739998,1463500,81.778738
2015-07-28,81.129997,81.599998,80.419998,81.389999,1849200,80.444423
2015-07-27,82.510002,82.970001,80.860001,81.050003,2232300,80.108377
2015-07-24,83.959999,84.059998,82.919998,82.959999,2452800,81.996183
2015-07-23,84.199997,84.419998,83.440002,83.620003,1238800,82.648519
2015-07-22,83.720001,84.620003,83.279999,83.870003,1386500,82.895615
2015-07-21,83.580002,83.910004,83.330002,83.739998,1343700,82.76712
2015-07-20,83.18,83.839996,82.959999,83.610001,1166500,82.638633