2015-12-16,49.869999,50.669998,49.509998,50.490002,3540200,50.490002
2015-12-15,48.950001,49.650002,48.759998,49.220001,2634900,49.220001
2015-12-14,48.84,49.029999,48.049999,48.610001,4122400,48.610001
2015-12-11,49.200001,49.310001,48.619999,48.91,1924700,48.91
2015-12-10,49.380001,50.240002,49.220001,49.779999,1607300,49.779999
2015-12-09,49.889999,50.360001,48.830002,49.279999,2072400,49.279999
2015-12-08,50.830002,51.200001,49.689999,50.099998,2335800,50.099998
2015-12-07,51.189999,51.580002,50.990002,51.470001,1506100,51.470001
2015-12-04,50.25,51.470001,49.900002,51.389999,1540900,51.389999
2015-12-03,51.380001,51.529999,49.720001,50.09,1883200,50.09
2015-12-02,52.360001,52.439999,50.77,51.299999,2157900,51.299999
2015-12-01,51.419998,52.490002,51.23,52.310001,1771000,52.310001
2015-11-30,52.09,52.130001,51.139999,51.209999,1721000,51.209999
2015-11-27,51.790001,52.18,51.509998,51.959999,781800,51.959999
2015-11-25,51.599998,52.110001,51.439999,51.93,1258400,51.93
2015-11-24,50.75,51.900002,50.66,51.639999,2142200,51.639999
2015-11-23,51.00,51.43,50.82,51.029999,1644800,51.029999
2015-11-20,50.869999,51.27,50.650002,50.990002,1249100,50.990002
2015-11-19,50.52,51.029999,50.459999,50.59,1260700,50.59
2015-11-18,49.459999,50.689999,49.380001,50.549999,1832800,50.549999
2015-11-17,49.720001,50.310001,49.34,49.529999,2320600,49.529999
2015-11-16,48.34,49.700001,48.330002,49.619999,2596900,49.619999
2015-11-13,48.709999,49.310001,48.32,48.349998,1535000,48.349998
2015-11-12,49.580002,49.720001,48.490002,48.700001,1962800,48.700001
2015-11-11,49.389999,50.66,49.110001,50.040001,2162200,50.040001
2015-11-10,47.98,49.490002,47.77,49.400002,3410800,49.400002
2015-11-09,48.48,48.48,47.27,47.799999,3082300,47.799999
2015-11-06,48.619999,49.110001,47.66,48.52,3639500,48.52
2015-11-05,49.959999,49.959999,48.43,49.07,4790200,49.07
2015-11-04,50.529999,50.779999,49.84,49.98,2889800,49.98
2015-11-03,50.23,50.84,49.490002,50.400002,1953800,50.400002
2015-11-02,50.029999,50.470001,49.889999,50.34,1769000,50.34
2015-10-30,48.990002,50.509998,48.93,50.07,2193500,50.07
2015-10-29,50.669998,50.709999,48.799999,49.259998,3165200,49.259998
2015-10-28,50.619999,51.669998,50.290001,51.189999,2336700,51.189999
2015-10-27,51.459999,51.540001,50.369999,50.540001,2370000,50.540001
2015-10-26,52.189999,52.50,50.75,51.639999,3211600,51.639999
2015-10-23,52.25,52.400002,50.970001,52.119999,2783700,52.119999
2015-10-22,52.009998,52.439999,50.450001,51.84,3084300,51.84
2015-10-21,52.080002,52.349998,51.419998,52.09,2490900,52.09
2015-10-20,50.549999,51.98,50.400002,51.82,2133800,51.82
2015-10-19,49.939999,50.560001,49.59,50.470001,1872300,50.430001
2015-10-16,49.810001,50.299999,49.139999,50.060001,1327300,50.020326
2015-10-15,49.32,49.849998,48.400002,49.790001,2810400,49.750539
2015-10-14,50.689999,50.82,48.93,49.110001,3577400,49.071078
2015-10-13,50.959999,51.93,50.68,50.799999,2515200,50.759737
2015-10-12,51.330002,51.439999,50.470001,51.189999,1395400,51.149427
2015-10-09,50.939999,51.43,50.52,51.330002,2355400,51.28932
2015-10-08,50.389999,51.150002,50.080002,51.07,1670800,51.029524
2015-10-07,49.439999,50.509998,49.330002,50.490002,2125500,50.449985
2015-10-06,50.259998,50.59,48.959999,49.080002,2027600,49.041103
2015-10-05,49.57,50.549999,49.470001,50.41,2095400,50.370047
2015-10-02,48.139999,49.09,47.27,49.080002,3014800,49.041103
2015-10-01,48.09,48.919998,47.580002,48.830002,2440900,48.791301
2015-09-30,47.689999,48.25,46.959999,48.130001,3250500,48.091855
2015-09-29,47.639999,47.970001,46.23,47.00,4527500,46.96275
2015-09-28,50.330002,50.330002,47.110001,47.599998,3816000,47.562272
2015-09-25,50.73,51.189999,50.189999,50.459999,1941900,50.420006
2015-09-24,49.209999,50.200001,48.689999,50.119999,2761100,50.080276
2015-09-23,49.610001,50.439999,49.259998,49.799999,2665900,49.76053
2015-09-22,51.00,51.139999,48.790001,49.450001,5336800,49.410809
2015-09-21,53.040001,53.389999,50.740002,51.59,5594500,51.549112
2015-09-18,52.349998,52.73,51.490002,51.75,5549800,51.708985
2015-09-17,52.259998,54.23,52.060001,52.98,2982900,52.93801
2015-09-16,52.279999,52.459999,51.75,52.299999,2258000,52.258548
2015-09-15,52.450001,52.509998,51.98,52.360001,2823100,52.318502
2015-09-14,52.299999,52.52,51.599998,52.349998,2891100,52.308508
2015-09-11,51.200001,52.240002,50.900002,52.240002,2449500,52.198598
2015-09-10,51.110001,51.470001,50.049999,51.220001,2763900,51.179406
2015-09-09,52.810001,52.959999,51.560001,51.650002,2602400,51.609066
2015-09-08,51.16,52.360001,50.790001,52.330002,2478100,52.288527
2015-09-04,51.09,51.369999,50.279999,50.41,1590700,50.370047
2015-09-03,51.330002,52.040001,51.110001,51.639999,2106800,51.599071
2015-09-02,49.950001,51.02,49.529999,51.009998,2040300,50.96957
2015-09-01,49.919998,51.009998,49.00,49.43,2397100,49.390824
2015-08-31,50.48,51.43,50.34,50.900002,2591000,50.85966
2015-08-28,51.189999,51.599998,50.200001,50.43,3906000,50.390031
2015-08-27,50.360001,51.470001,49.779999,51.310001,3228900,51.269335
2015-08-26,49.540001,49.869999,48.09,49.700001,3885700,49.66061
2015-08-25,51.52,51.52,48.169998,48.18,4149600,48.141815
2015-08-24,50.00,52.25,46.779999,50.080002,4974100,50.04031
2015-08-21,53.889999,54.43,53.02,53.450001,3577900,53.407638
2015-08-20,54.290001,55.040001,54.259998,54.330002,2787500,54.286942
2015-08-19,55.360001,56.040001,54.810001,54.990002,4163800,54.946419
2015-08-18,54.799999,56.009998,54.52,55.59,5051200,55.545942
2015-08-17,52.34,53.970001,52.209999,53.939999,2849700,53.897248
2015-08-14,52.279999,52.610001,51.68,52.540001,1542500,52.49836
2015-08-13,51.630001,52.849998,51.599998,52.43,1512200,52.388446
2015-08-12,51.16,51.75,50.439999,51.73,1483200,51.689
2015-08-11,50.82,51.560001,50.400002,51.450001,1598400,51.409223
2015-08-10,50.419998,51.290001,50.369999,50.970001,1451300,50.929604
2015-08-07,49.959999,50.200001,49.669998,49.919998,1499900,49.880433
2015-08-06,50.610001,50.759998,49.59,50.049999,1980600,50.010331
2015-08-05,51.57,51.830002,49.98,50.389999,2928000,50.350062
2015-08-04,52.349998,52.50,51.200001,51.299999,3884700,51.259341
2015-08-03,53.00,53.040001,52.080002,52.52,1663000,52.478375
2015-07-31,52.389999,53.41,51.810001,53.040001,3516400,52.997963
2015-07-30,51.50,52.27,50.860001,52.18,1956600,52.138644
2015-07-29,51.09,51.77,50.639999,51.610001,1698200,51.569096
2015-07-28,50.950001,51.369999,50.200001,51.00,2138000,50.959579
2015-07-27,50.200001,50.849998,50.060001,50.560001,2327900,50.519929
2015-07-24,52.509998,52.509998,50.220001,50.57,3574600,50.52992
2015-07-23,53.349998,53.50,51.799999,52.459999,2254400,52.418421
2015-07-22,51.860001,53.540001,51.810001,53.189999,2812400,53.147842
2015-07-21,51.689999,52.330002,51.50,51.990002,1734700,51.948796
2015-07-20,52.529999,52.650002,51.630001,51.75,2696000,51.708985