2015-12-16,120.330002,121.290001,119.089996,120.769997,459200,120.769997
2015-12-15,119.860001,121.300003,119.169998,119.480003,465700,119.480003
2015-12-14,119.550003,119.889999,117.940002,119.510002,669300,119.510002
2015-12-11,119.769997,120.489998,118.93,119.260002,559500,119.260002
2015-12-10,120.57,121.970001,119.839996,121.190002,538900,121.190002
2015-12-09,123.50,124.440002,119.93,120.610001,737300,120.610001
2015-12-08,124.269997,125.230003,123.410004,124.209999,822900,124.209999
2015-12-07,123.809998,125.699997,123.809998,125.470001,815100,125.470001
2015-12-04,121.209999,124.82,121.019997,124.010002,1175400,124.010002
2015-12-03,122.559998,122.900002,120.080002,120.739998,482100,120.739998
2015-12-02,122.93,123.489998,122.00,122.360001,465800,122.360001
2015-12-01,123.300003,123.900002,122.18,122.959999,625200,122.959999
2015-11-30,124.599998,124.599998,122.029999,122.410004,669000,122.410004
2015-11-27,123.599998,124.860001,123.589996,124.470001,152500,124.470001
2015-11-25,124.480003,126.620003,123.059998,123.57,482100,123.57
2015-11-24,125.629997,125.93,118.290001,124.610001,2009800,124.610001
2015-11-23,126.120003,126.599998,125.720001,126.019997,407300,126.019997
2015-11-20,126.040001,126.93,125.839996,126.349998,495900,126.349998
2015-11-19,125.529999,126.199997,124.419998,125.360001,519200,125.360001
2015-11-18,124.68,125.959999,124.209999,125.160004,679100,125.160004
2015-11-17,124.050003,124.849998,123.050003,124.419998,878000,124.419998
2015-11-16,118.959999,123.949997,118.959999,123.650002,1149300,123.650002
2015-11-13,118.68,119.629997,118.25,118.410004,480800,118.410004
2015-11-12,119.07,119.589996,118.370003,118.849998,819900,118.849998
2015-11-11,120.230003,121.50,119.959999,120.169998,478200,119.519998
2015-11-10,120.300003,121.00,119.050003,119.889999,486200,119.241514
2015-11-09,121.449997,121.68,119.93,120.68,387400,120.027242
2015-11-06,122.459999,122.980003,120.470001,122.089996,707000,121.429611
2015-11-05,123.129997,123.75,122.419998,122.93,709200,122.265072
2015-11-04,123.940002,124.50,122.599998,123.040001,876000,122.374477
2015-11-03,123.800003,124.730003,123.279999,123.720001,870000,123.050799
2015-11-02,126.400002,127.470001,123.07,124.230003,1327000,123.558043
2015-10-30,127.43,128.770004,126.360001,126.400002,1360200,125.716304
2015-10-29,123.790001,131.360001,120.93,128.399994,2197300,127.705478
2015-10-28,116.849998,126.230003,116.839996,125.589996,1869600,124.91068
2015-10-27,114.459999,115.220001,114.230003,114.550003,419900,113.930402
2015-10-26,114.989998,115.309998,114.360001,115.040001,256700,114.417749
2015-10-23,114.419998,115.129997,113.449997,114.839996,341200,114.218827
2015-10-22,112.18,114.699997,112.080002,114.010002,365800,113.393322
2015-10-21,111.449997,112.730003,111.309998,111.349998,434600,110.747706
2015-10-20,109.760002,111.07,108.209999,110.660004,461200,110.061443
2015-10-19,109.940002,110.139999,109.589996,109.93,658500,109.335389
2015-10-16,110.82,111.139999,110.040001,110.339996,434600,109.743167
2015-10-15,110.230003,110.699997,108.910004,110.339996,592200,109.743167
2015-10-14,111.449997,111.93,108.809998,109.50,367600,108.907714
2015-10-13,112.589996,113.269997,111.440002,111.480003,449700,110.877008
2015-10-12,113.559998,113.849998,113.07,113.580002,329900,112.965647
2015-10-09,113.120003,114.349998,112.639999,113.68,433500,113.065105
2015-10-08,110.139999,113.190002,110.139999,112.830002,478600,112.219704
2015-10-07,108.129997,110.559998,108.129997,110.440002,758500,109.842632
2015-10-06,106.970001,108.580002,106.889999,107.639999,608500,107.057774
2015-10-05,106.139999,107.209999,106.139999,107.129997,438900,106.550531
2015-10-02,102.760002,105.290001,102.400002,105.260002,411300,104.690651
2015-10-01,104.339996,105.00,102.739998,103.989998,380000,103.427516
2015-09-30,103.25,104.580002,103.07,104.519997,498100,103.954648
2015-09-29,101.790001,103.150002,101.129997,102.080002,526200,101.527851
2015-09-28,103.459999,103.82,101.839996,101.900002,588700,101.348824
2015-09-25,104.889999,105.169998,103.470001,104.269997,705000,103.706
2015-09-24,103.400002,104.669998,102.559998,104.339996,602600,103.775621
2015-09-23,106.300003,106.949997,103.839996,104.440002,472500,103.875086
2015-09-22,106.559998,106.82,105.470001,105.989998,388400,105.416698
2015-09-21,107.410004,108.699997,107.160004,107.940002,581800,107.356155
2015-09-18,106.769997,107.93,106.110001,106.889999,843300,106.311831
2015-09-17,107.760002,109.849998,107.57,108.080002,851700,107.495397
2015-09-16,107.650002,107.870003,106.419998,107.650002,497700,107.067722
2015-09-15,106.019997,107.970001,105.75,107.510002,353900,106.92848
2015-09-14,105.580002,106.010002,105.080002,105.839996,455600,105.267508
2015-09-11,105.550003,106.169998,105.129997,105.610001,454600,105.038756
2015-09-10,105.629997,106.589996,104.260002,105.839996,382100,105.267508
2015-09-09,108.040001,108.279999,105.709999,105.940002,588700,105.366973
2015-09-08,104.940002,107.050003,104.860001,107.019997,1088600,106.441125
2015-09-04,104.730003,105.32,104.220001,104.629997,414400,104.064053
2015-09-03,106.230003,107.57,105.879997,106.32,334200,105.744915
2015-09-02,103.849998,105.949997,103.82,105.949997,377100,105.376913
2015-09-01,103.779999,104.220001,102.690002,103.07,598500,102.512494
2015-08-31,106.589996,106.800003,105.190002,105.470001,559500,104.899514
2015-08-28,106.769997,107.169998,106.25,106.970001,528800,106.3914
2015-08-27,108.07,108.839996,105.18,107.120003,1008800,106.54059
2015-08-26,106.419998,107.300003,103.830002,107.120003,735800,106.54059
2015-08-25,106.870003,107.790001,104.239998,104.370003,862100,103.805465
2015-08-24,101.110001,108.43,101.110001,105.660004,1151900,105.088488
2015-08-21,110.290001,110.849998,108.43,108.50,645200,107.913123
2015-08-20,112.720001,112.959999,111.550003,111.629997,496600,111.02619
2015-08-19,114.220001,114.940002,113.400002,113.779999,525100,113.164563
2015-08-18,115.370003,115.639999,114.809998,115.050003,439500,114.427697
2015-08-17,115.019997,115.910004,114.839996,115.790001,350200,115.163693
2015-08-14,115.650002,116.160004,114.379997,115.43,675200,114.805639
2015-08-13,114.980003,116.260002,114.370003,115.550003,697700,114.924993
2015-08-12,114.300003,116.010002,113.760002,115.540001,791400,114.268561
2015-08-11,115.260002,115.75,114.690002,115.629997,670500,114.357567
2015-08-10,116.18,117.360001,115.720001,116.339996,924900,115.059753
2015-08-07,115.400002,116.080002,114.099998,115.269997,593300,114.001528
2015-08-06,115.589996,116.059998,114.559998,115.709999,702700,114.436688
2015-08-05,115.080002,116.32,115.010002,115.550003,903400,114.278453
2015-08-04,114.32,115.529999,113.580002,114.760002,478900,113.497145
2015-08-03,115.389999,115.809998,113.489998,114.410004,1034900,113.150998
2015-07-31,114.43,117.50,113.339996,115.459999,1287400,114.189439
2015-07-30,118.279999,118.480003,113.309998,114.75,2723200,113.487253
2015-07-29,122.00,124.400002,121.370003,124.040001,722000,122.675024
2015-07-28,120.50,121.989998,120.059998,121.580002,528700,120.242096
2015-07-27,120.379997,120.489998,119.540001,120.190002,466300,118.867392
2015-07-24,121.639999,121.68,120.300003,120.650002,349800,119.322329
2015-07-23,122.040001,122.980003,121.709999,121.93,496400,120.588243
2015-07-22,121.699997,122.029999,121.129997,121.75,579700,120.410223
2015-07-21,122.43,122.589996,121.470001,121.75,682700,120.410223
2015-07-20,122.889999,123.029999,122.459999,122.800003,472600,121.448671