2015-12-16,44.279999,44.470001,43.75,44.259998,1927300,44.259998
2015-12-15,43.950001,44.43,43.689999,44.080002,2290200,44.080002
2015-12-14,43.48,43.639999,43.110001,43.529999,1963000,43.529999
2015-12-11,43.470001,43.709999,43.240002,43.32,1864500,43.32
2015-12-10,43.709999,44.240002,43.560001,43.939999,1329200,43.939999
2015-12-09,44.259998,44.91,43.450001,43.740002,2354200,43.740002
2015-12-08,44.529999,44.799999,44.119999,44.400002,2998700,44.400002
2015-12-07,45.52,45.68,44.869999,45.02,2232100,45.02
2015-12-04,44.709999,45.709999,44.529999,45.689999,2413800,45.689999
2015-12-03,45.700001,45.810001,44.34,44.689999,2805100,44.689999
2015-12-02,45.700001,46.200001,45.34,45.41,1786100,45.41
2015-12-01,45.990002,46.080002,45.549999,45.900002,1878300,45.900002
2015-11-30,45.66,45.900002,45.34,45.720001,1663200,45.720001
2015-11-27,45.34,45.57,45.009998,45.470001,571000,45.470001
2015-11-25,45.119999,46.00,45.009998,45.23,1308900,45.23
2015-11-24,44.970001,45.52,44.720001,45.369999,2086600,45.369999
2015-11-23,45.880001,45.939999,44.959999,45.110001,2185200,45.110001
2015-11-20,45.950001,46.099998,45.490002,45.93,2432800,45.93
2015-11-19,45.330002,45.849998,45.080002,45.610001,1971300,45.610001
2015-11-18,44.450001,45.41,44.389999,45.369999,2039500,45.369999
2015-11-17,44.139999,44.720001,43.950001,44.41,1764600,44.41
2015-11-16,43.560001,44.240002,43.459999,44.23,2218900,44.23
2015-11-13,44.080002,44.389999,43.48,43.560001,2813200,43.560001
2015-11-12,44.299999,44.84,44.029999,44.139999,3016600,44.139999
2015-11-11,44.220001,44.740002,44.189999,44.450001,1769000,44.450001
2015-11-10,44.299999,44.639999,43.93,44.130001,1906700,44.130001
2015-11-09,44.689999,44.900002,44.439999,44.740002,1951200,44.440002
2015-11-06,44.299999,45.00,44.150002,44.98,1677600,44.678391
2015-11-05,44.700001,44.84,44.23,44.32,1631700,44.022816
2015-11-04,44.709999,44.77,44.279999,44.73,1505400,44.430067
2015-11-03,44.59,44.830002,44.400002,44.619999,1141200,44.320804
2015-11-02,44.419998,44.84,44.369999,44.759998,1858100,44.459864
2015-10-30,44.360001,44.68,44.169998,44.419998,2850800,44.122144
2015-10-29,45.119999,45.130001,44.02,44.200001,3821700,43.903622
2015-10-28,45.279999,45.849998,44.950001,45.720001,2743000,45.41343
2015-10-27,44.93,45.48,44.84,45.07,1687400,44.767787
2015-10-26,46.00,46.00,45.209999,45.34,1878800,45.035977
2015-10-23,46.09,46.299999,45.490002,46.02,3702800,45.711418
2015-10-22,44.099998,45.98,44.099998,45.93,6097600,45.622021
2015-10-21,43.549999,44.41,43.369999,43.400002,3487800,43.108987
2015-10-20,43.59,43.73,43.16,43.290001,3766100,42.999724
2015-10-19,43.77,44.200001,43.50,43.799999,2161900,43.506303
2015-10-16,44.18,44.25,43.59,44.00,3439500,43.704962
2015-10-15,44.09,44.639999,43.66,44.290001,4162600,43.993019
2015-10-14,42.889999,44.240002,41.630001,43.720001,10011800,43.426841
2015-10-13,40.98,41.299999,40.16,41.16,4214100,40.884005
2015-10-12,41.189999,41.439999,40.830002,41.240002,2647800,40.963471
2015-10-09,41.82,41.830002,41.02,41.209999,4026300,40.933669
2015-10-08,41.779999,41.959999,40.490002,41.790001,8971700,41.509782
2015-10-07,42.169998,42.59,41.720001,42.540001,3016700,42.254753
2015-10-06,41.950001,42.040001,41.369999,41.849998,2586900,41.569377
2015-10-05,40.439999,41.93,40.41,41.799999,3273200,41.519713
2015-10-02,39.139999,40.220001,38.889999,40.150002,4398200,39.88078
2015-10-01,40.52,40.84,39.299999,39.959999,3515200,39.692051
2015-09-30,39.23,40.450001,38.209999,40.349998,3423000,40.079435
2015-09-29,38.27,38.860001,38.060001,38.73,1879400,38.470299
2015-09-28,38.880001,39.16,38.310001,38.310001,2542200,38.053117
2015-09-25,39.220001,39.52,38.619999,39.02,2326800,38.758356
2015-09-24,38.580002,38.970001,37.75,38.889999,3222500,38.629226
2015-09-23,38.900002,39.990002,38.330002,38.830002,3131600,38.569631
2015-09-22,39.130001,39.27,38.650002,38.830002,2957900,38.569631
2015-09-21,40.169998,40.27,39.419998,39.740002,2005000,39.473529
2015-09-18,40.110001,40.669998,39.810001,39.93,4316400,39.662254
2015-09-17,41.049999,41.290001,40.59,40.639999,2299800,40.367492
2015-09-16,40.939999,41.130001,40.560001,41.009998,2537200,40.73501
2015-09-15,40.799999,41.360001,40.689999,40.939999,3259700,40.665479
2015-09-14,40.599998,40.869999,40.439999,40.59,1440100,40.317828
2015-09-11,39.950001,40.599998,39.619999,40.57,1921900,40.297961
2015-09-10,40.16,40.73,39.779999,40.259998,2100500,39.990039
2015-09-09,41.369999,41.77,40.259998,40.349998,2130900,40.079435
2015-09-08,39.889999,41.139999,39.889999,41.09,2353100,40.814475
2015-09-04,39.279999,39.57,38.93,39.119999,2109400,38.857684
2015-09-03,39.619999,40.220001,39.619999,39.880001,2267500,39.61259
2015-09-02,39.189999,39.66,38.599998,39.66,3887500,39.394064
2015-09-01,39.119999,39.759998,38.25,38.459999,5100600,38.202109
2015-08-31,40.68,40.830002,40.189999,40.279999,2943200,40.009905
2015-08-28,40.610001,41.209999,40.220001,40.810001,3276300,40.536354
2015-08-27,40.200001,40.849998,39.919998,40.689999,3717300,40.417156
2015-08-26,38.200001,39.73,37.860001,39.709999,4946500,39.443728
2015-08-25,39.439999,39.630001,37.380001,37.41,8322900,37.159151
2015-08-24,36.709999,39.610001,36.41,38.43,6967900,38.172312
2015-08-21,39.209999,39.349998,38.439999,38.549999,5033300,38.291506
2015-08-20,39.869999,40.18,39.400002,39.439999,4559500,39.175538
2015-08-19,40.900002,41.16,40.25,40.330002,3523600,40.059573
2015-08-18,41.349998,41.50,40.349998,40.529999,2178200,40.258229
2015-08-17,40.790001,41.400002,40.779999,41.299999,1756000,41.023066
2015-08-14,41.240002,41.360001,40.970001,41.240002,2103700,40.963471
2015-08-13,41.759998,41.939999,41.110001,41.130001,1851000,40.854208
2015-08-12,41.200001,41.82,40.669998,41.650002,2556000,41.370721
2015-08-11,42.700001,42.82,42.02,42.049999,2519100,41.470049
2015-08-10,42.139999,43.049999,42.099998,43.00,2312900,42.406947
2015-08-07,41.529999,41.939999,41.360001,41.91,2273900,41.331981
2015-08-06,41.369999,41.919998,41.00,41.68,3464800,41.105153
2015-08-05,41.290001,41.990002,41.16,41.52,2416200,40.94736
2015-08-04,41.450001,41.490002,40.849998,41.049999,4102600,40.483841
2015-08-03,40.970001,41.41,40.450001,41.330002,3380200,40.759982
2015-07-31,40.93,41.07,40.610001,41.00,3525700,40.434531
2015-07-30,40.41,41.150002,40.189999,40.990002,1853600,40.424671
2015-07-29,40.639999,40.849998,40.23,40.779999,2267200,40.217564
2015-07-28,40.66,40.939999,40.029999,40.73,2616100,40.168255
2015-07-27,39.93,40.459999,39.650002,40.27,3216000,39.7146
2015-07-24,41.02,41.16,39.919998,40.209999,4158300,39.655426
2015-07-23,40.369999,41.91,40.209999,40.98,6955200,40.414807
2015-07-22,40.00,40.66,39.43,40.41,9666000,39.852668
2015-07-21,42.93,43.57,42.849998,43.119999,3137300,42.525291
2015-07-20,43.549999,43.720001,42.919998,43.00,2080500,42.406947