2015-12-16,39.060001,40.330002,38.720001,40.259998,1843900,40.259998
2015-12-15,38.50,39.130001,38.290001,38.709999,1423400,38.709999
2015-12-14,39.610001,39.830002,37.84,38.119999,1566100,38.119999
2015-12-11,40.77,41.00,39.279999,39.66,1972400,39.46
2015-12-10,41.459999,42.07,41.00,41.599998,1110800,41.390216
2015-12-09,41.959999,42.68,41.490002,41.610001,1316600,41.400168
2015-12-08,43.299999,43.299999,41.919998,42.119999,911700,41.907594
2015-12-07,44.049999,44.200001,43.00,43.209999,1286300,42.992097
2015-12-04,43.84,44.50,43.630001,44.34,1404500,44.1164
2015-12-03,44.049999,44.049999,43.18,43.75,1564300,43.529375
2015-12-02,44.91,45.080002,43.68,43.900002,904200,43.67862
2015-12-01,44.75,45.360001,43.939999,44.880001,1124100,44.653678
2015-11-30,43.669998,44.869999,43.419998,44.380001,1763200,44.156199
2015-11-27,43.68,43.84,43.130001,43.549999,392700,43.330383
2015-11-25,42.939999,43.759998,42.73,43.669998,864400,43.449777
2015-11-24,42.68,43.02,42.380001,42.810001,770900,42.594117
2015-11-23,43.419998,43.50,42.82,42.860001,605700,42.643864
2015-11-20,43.869999,44.279999,43.299999,43.380001,928600,43.161242
2015-11-19,44.209999,44.279999,43.610001,43.77,638800,43.549275
2015-11-18,43.009998,44.150002,42.68,44.110001,1332700,43.88756
2015-11-17,43.220001,43.369999,42.68,42.740002,787400,42.52447
2015-11-16,42.380001,43.16,42.240002,43.150002,487400,42.932402
2015-11-13,43.02,43.200001,42.349998,42.419998,1108300,42.20608
2015-11-12,44.639999,44.639999,43.16,43.16,726800,42.94235
2015-11-11,45.060001,45.50,43.93,44.189999,775400,43.967155
2015-11-10,44.869999,45.18,44.00,44.560001,982300,44.335292
2015-11-09,45.650002,45.889999,44.73,45.07,1026500,44.842718
2015-11-06,46.349998,46.41,45.07,45.459999,1019500,45.230751
2015-11-05,45.259998,45.939999,45.25,45.810001,901400,45.578988
2015-11-04,46.080002,46.290001,45.080002,45.119999,1345900,44.892466
2015-11-03,45.799999,46.34,45.27,45.880001,717200,45.648635
2015-11-02,44.880001,45.880001,44.880001,45.740002,1038900,45.509342
2015-10-30,44.139999,45.740002,43.509998,44.75,1216600,44.524332
2015-10-29,45.509998,45.810001,44.799999,45.16,1223800,44.932265
2015-10-28,44.689999,45.77,44.689999,45.759998,821900,45.529237
2015-10-27,45.00,45.209999,44.400002,44.700001,638500,44.474585
2015-10-26,45.560001,45.639999,45.150002,45.34,742200,45.111357
2015-10-23,45.52,45.75,45.049999,45.560001,761800,45.330249
2015-10-22,43.599998,45.689999,43.59,45.16,1273000,44.932265
2015-10-21,43.330002,44.299999,42.799999,43.490002,2218700,43.270688
2015-10-20,43.080002,43.549999,42.900002,43.169998,1425100,42.952298
2015-10-19,43.580002,44.299999,43.00,43.060001,1239100,42.842856
2015-10-16,43.610001,44.040001,43.209999,43.810001,986700,43.589074
2015-10-15,43.130001,43.77,42.849998,43.439999,1117200,43.220937
2015-10-14,43.389999,43.919998,42.799999,42.93,838700,42.713511
2015-10-13,43.529999,44.259998,43.220001,43.290001,1068500,43.071696
2015-10-12,43.93,44.18,43.07,43.740002,933300,43.519427
2015-10-09,43.990002,44.369999,42.98,43.849998,1214500,43.628869
2015-10-08,43.560001,44.509998,43.34,44.07,1028900,43.847761
2015-10-07,43.869999,44.439999,43.330002,43.849998,1207100,43.628869
2015-10-06,42.560001,43.869999,42.490002,43.700001,2197500,43.479628
2015-10-05,42.34,43.689999,42.009998,42.990002,1957400,42.574218
2015-10-02,40.52,41.990002,40.209999,41.959999,1276400,41.554178
2015-10-01,41.52,41.91,40.869999,41.25,1478500,40.851045
2015-09-30,41.75,42.099998,41.09,41.610001,1101600,41.207564
2015-09-29,41.400002,41.599998,40.860001,41.18,1030800,40.781723
2015-09-28,41.950001,42.59,41.040001,41.360001,2293500,40.959982
2015-09-25,42.400002,42.560001,41.900002,42.16,1584700,41.752244
2015-09-24,41.450001,42.119999,41.209999,42.02,919100,41.613599
2015-09-23,42.029999,42.209999,41.57,41.860001,1152700,41.455146
2015-09-22,41.869999,42.389999,41.57,42.040001,1547700,41.633406
2015-09-21,43.279999,43.439999,42.709999,42.98,1135000,42.564313
2015-09-18,43.380001,43.939999,42.790001,42.880001,3841600,42.465282
2015-09-17,43.849998,44.900002,43.110001,44.040001,2068400,43.614062
2015-09-16,42.82,43.990002,42.66,43.84,1593800,43.415996
2015-09-15,42.299999,43.119999,42.119999,42.889999,769300,42.475183
2015-09-14,42.610001,42.650002,42.09,42.150002,934200,41.742342
2015-09-11,42.310001,42.669998,41.98,42.599998,1363300,42.187987
2015-09-10,42.630001,43.02,42.310001,42.52,1389900,42.108763
2015-09-09,43.869999,43.900002,42.689999,42.810001,1128000,42.395959
2015-09-08,42.349998,43.290001,42.139999,43.209999,1543500,42.792088
2015-09-04,41.41,41.790001,41.049999,41.50,1256100,41.098627
2015-09-03,42.529999,42.939999,42.139999,42.389999,1240300,41.980019
2015-09-02,43.740002,43.740002,41.970001,42.689999,1086800,42.277117
2015-09-01,43.32,43.639999,42.43,42.75,1329000,42.336538
2015-08-31,44.380001,44.68,43.939999,44.330002,1221500,43.901259
2015-08-28,44.799999,44.990002,44.18,44.75,1220100,44.317195
2015-08-27,44.380001,45.360001,44.049999,45.119999,964300,44.683615
2015-08-26,44.080002,44.310001,42.790001,43.869999,1656000,43.445705
2015-08-25,46.299999,46.299999,42.939999,42.970001,1979700,42.554411
2015-08-24,44.049999,45.98,40.599998,44.16,2004600,43.732901
2015-08-21,46.580002,47.220001,46.060001,46.09,1364500,45.644235
2015-08-20,47.709999,48.84,47.189999,47.189999,1195800,46.733594
2015-08-19,48.470001,48.599998,47.939999,48.119999,768500,47.6546
2015-08-18,48.82,48.98,48.619999,48.740002,471400,48.268606
2015-08-17,48.740002,48.950001,48.290001,48.830002,935700,48.357736
2015-08-14,49.00,49.139999,48.560001,49.110001,513900,48.635027
2015-08-13,49.27,52.57,48.849998,49.110001,968800,48.635027
2015-08-12,47.529999,48.41,47.23,48.310001,949900,47.842765
2015-08-11,48.369999,48.740002,47.98,48.139999,1043400,47.674407
2015-08-10,48.27,48.98,48.25,48.950001,761400,48.476575
2015-08-07,48.060001,48.23,47.450001,47.799999,838100,47.337695
2015-08-06,49.029999,49.110001,47.720001,48.110001,1381500,47.644699
2015-08-05,50.07,50.509998,48.970001,48.98,1640800,48.506283
2015-08-04,49.709999,50.459999,49.57,49.639999,1584000,49.1599
2015-08-03,49.360001,49.950001,49.00,49.740002,1594300,49.258935
2015-07-31,48.82,50.50,48.470001,49.34,2581200,48.862802
2015-07-30,48.200001,48.900002,47.91,48.830002,1772600,48.357736
2015-07-29,47.77,48.48,47.66,48.27,743200,47.803151
2015-07-28,47.669998,47.939999,47.290001,47.669998,893300,47.208952
2015-07-27,47.139999,47.419998,46.82,47.330002,816000,46.872244
2015-07-24,48.529999,48.529999,47.419998,47.560001,813400,47.100019
2015-07-23,49.060001,49.110001,48.330002,48.529999,686800,48.060635
2015-07-22,48.66,49.139999,48.040001,48.869999,1216900,48.397346
2015-07-21,48.689999,48.779999,48.119999,48.650002,1728500,48.179477
2015-07-20,49.25,49.34,48.669998,48.709999,1398000,48.238894