2015-12-16,51.93,52.130001,50.959999,51.939999,1807100,51.939999
2015-12-15,51.07,51.529999,50.52,51.299999,3298600,51.299999
2015-12-14,50.66,51.32,49.860001,50.369999,2719000,50.369999
2015-12-11,51.650002,51.919998,50.27,50.619999,2669600,50.619999
2015-12-10,52.200001,53.32,52.09,52.73,2178000,52.73
2015-12-09,53.259998,53.950001,51.900002,52.220001,2160200,52.220001
2015-12-08,53.779999,54.02,53.099998,53.369999,2355700,53.369999
2015-12-07,55.66,55.689999,54.360001,54.57,1838000,54.57
2015-12-04,54.669998,55.919998,54.32,55.799999,1990900,55.799999
2015-12-03,55.369999,55.610001,54.290001,54.490002,2625000,54.490002
2015-12-02,55.720001,55.830002,54.830002,54.93,1714200,54.93
2015-12-01,55.400002,55.73,55.060001,55.50,1944300,55.50
2015-11-30,55.09,55.259998,54.57,54.990002,1748800,54.990002
2015-11-27,54.849998,54.990002,54.450001,54.93,646800,54.93
2015-11-25,54.830002,55.00,54.41,54.75,1323600,54.75
2015-11-24,53.75,54.919998,53.68,54.75,2182100,54.75
2015-11-23,55.450001,55.560001,54.73,54.759998,2005400,54.759998
2015-11-20,55.779999,56.049999,55.330002,55.41,1883200,55.41
2015-11-19,55.66,55.990002,55.400002,55.59,1041600,55.59
2015-11-18,55.029999,55.950001,54.560001,55.849998,1421500,55.849998
2015-11-17,54.389999,55.869999,54.389999,54.98,1365400,54.98
2015-11-16,54.389999,55.220001,53.970001,55.209999,1445900,55.209999
2015-11-13,54.099998,54.810001,53.919998,54.330002,1607300,54.330002
2015-11-12,55.259998,55.360001,54.299999,54.32,1994300,54.32
2015-11-11,56.040001,56.259998,55.540001,55.639999,913800,55.639999
2015-11-10,55.580002,56.07,55.380001,55.860001,1169400,55.860001
2015-11-09,57.220001,57.220001,55.509998,55.82,1856800,55.82
2015-11-06,56.459999,57.540001,56.380001,56.950001,2154900,56.950001
2015-11-05,54.77,55.259998,54.48,55.110001,1691900,55.110001
2015-11-04,54.959999,55.209999,54.50,54.869999,2336200,54.869999
2015-11-03,54.360001,55.150002,54.349998,54.790001,2178000,54.790001
2015-11-02,53.799999,54.799999,53.400002,54.650002,1753100,54.650002
2015-10-30,53.889999,54.110001,53.330002,53.509998,2293800,53.509998
2015-10-29,53.560001,55.240002,53.459999,53.849998,2849900,53.849998
2015-10-28,52.830002,53.34,51.389999,53.209999,2568400,53.209999
2015-10-27,51.380001,51.75,50.950001,51.279999,1958100,51.279999
2015-10-26,52.119999,52.330002,51.740002,52.07,1317000,52.07
2015-10-23,51.650002,52.349998,51.349998,52.34,1823900,52.34
2015-10-22,50.810001,51.630001,50.759998,51.389999,2042100,51.389999
2015-10-21,50.779999,51.23,50.400002,50.450001,1721900,50.450001
2015-10-20,50.18,50.93,50.130001,50.68,1752900,50.68
2015-10-19,49.790001,50.450001,49.639999,50.25,1828400,50.25
2015-10-16,49.869999,50.130001,49.419998,50.09,1770100,50.09
2015-10-15,48.970001,49.68,48.610001,49.669998,1481600,49.669998
2015-10-14,48.66,49.00,48.040001,48.490002,1980700,48.490002
2015-10-13,48.959999,49.52,48.77,48.799999,1223400,48.799999
2015-10-12,49.419998,49.75,49.220001,49.450001,1001700,49.450001
2015-10-09,49.669998,50.09,49.209999,49.470001,1813800,49.470001
2015-10-08,48.869999,49.799999,48.700001,49.669998,2056900,49.669998
2015-10-07,49.009998,49.549999,48.599998,49.240002,2365400,49.240002
2015-10-06,48.52,48.970001,48.330002,48.740002,1745900,48.540001
2015-10-05,47.66,48.91,47.400002,48.66,2182100,48.460327
2015-10-02,46.02,47.189999,45.560001,47.189999,2282500,46.996358
2015-10-01,47.41,47.900002,46.939999,47.529999,1609400,47.334963
2015-09-30,47.66,47.830002,46.98,47.459999,1800300,47.265251
2015-09-29,46.639999,46.990002,45.889999,46.919998,2881900,46.727466
2015-09-28,47.369999,47.50,45.919998,46.07,1988500,45.880955
2015-09-25,48.580002,48.580002,47.630001,47.990002,1677300,47.793078
2015-09-24,46.77,47.299999,46.41,47.169998,2596100,46.97644
2015-09-23,47.619999,48.02,47.25,47.43,1664700,47.235375
2015-09-22,47.380001,47.84,47.119999,47.50,1253400,47.305087
2015-09-21,47.799999,48.709999,47.689999,48.279999,1883300,48.081886
2015-09-18,48.259998,48.470001,47.299999,47.599998,4394500,47.404676
2015-09-17,50.709999,50.919998,49.099998,49.330002,2247800,49.12758
2015-09-16,50.490002,50.889999,50.18,50.740002,1454300,50.531794
2015-09-15,49.93,50.709999,49.810001,50.490002,1832900,50.28282
2015-09-14,49.720001,49.98,49.330002,49.549999,1287000,49.346675
2015-09-11,49.360001,49.950001,48.990002,49.93,1432200,49.725116
2015-09-10,49.419998,50.25,49.009998,49.740002,2159800,49.535897
2015-09-09,50.360001,50.880001,49.07,49.18,2112800,48.978194
2015-09-08,49.32,49.57,48.73,49.52,1436900,49.316799
2015-09-04,49.029999,49.029999,47.970001,48.400002,1598500,48.201396
2015-09-03,49.25,50.099998,49.220001,49.41,1572800,49.20725
2015-09-02,49.549999,49.549999,48.32,49.150002,1787000,48.948318
2015-09-01,49.220001,49.610001,47.98,48.299999,2481900,48.101804
2015-08-31,50.540001,51.119999,50.330002,50.790001,1737000,50.581588
2015-08-28,50.689999,51.290001,50.639999,51.130001,1678400,50.920193
2015-08-27,50.139999,51.490002,49.860001,51.459999,3100400,51.248837
2015-08-26,48.59,49.59,47.84,49.48,3672400,49.276962
2015-08-25,49.93,49.990002,47.209999,47.27,4390100,47.076032
2015-08-24,47.32,49.220001,45.77,48.139999,4099400,47.942461
2015-08-21,52.52,52.610001,50.650002,50.68,3846700,50.472039
2015-08-20,54.720001,54.720001,53.150002,53.16,2209500,52.941862
2015-08-19,56.099998,56.459999,54.560001,55.360001,1950400,55.132835
2015-08-18,56.330002,56.669998,56.060001,56.41,1580200,56.178526
2015-08-17,56.060001,56.470001,55.59,56.369999,1053300,56.138689
2015-08-14,56.290001,56.779999,55.990002,56.50,1253900,56.268157
2015-08-13,56.16,56.68,55.450001,56.18,2330100,55.94947
2015-08-12,55.41,55.41,54.09,55.029999,2469000,54.804187
2015-08-11,56.439999,56.939999,55.82,56.07,1703500,55.839921
2015-08-10,56.470001,57.529999,56.470001,57.439999,1456900,57.204298
2015-08-07,56.009998,56.509998,55.299999,55.75,1546800,55.521234
2015-08-06,56.52,56.77,56.02,56.200001,1573900,55.969388
2015-08-05,57.299999,57.299999,56.25,56.349998,2009600,56.118771
2015-08-04,56.23,56.740002,55.93,56.240002,1759500,56.009225
2015-08-03,56.490002,56.849998,56.029999,56.18,2017200,55.94947
2015-07-31,57.040001,57.23,56.16,56.32,2436400,56.088895
2015-07-30,56.98,57.450001,56.599998,57.27,2266900,57.034997
2015-07-29,57.439999,58.700001,57.25,58.650002,2285900,58.409336
2015-07-28,58.009998,58.240002,56.84,57.41,1510600,57.174422
2015-07-27,57.25,57.299999,56.75,57.099998,1407400,56.865693
2015-07-24,57.970001,58.709999,57.77,57.950001,1422300,57.712207
2015-07-23,58.77,58.970001,57.830002,58.00,1606000,57.762002
2015-07-22,58.59,58.810001,58.349998,58.669998,1605300,58.42925
2015-07-21,58.34,59.049999,58.009998,58.639999,1773600,58.399375
2015-07-20,58.509998,58.860001,58.130001,58.200001,1907500,57.961182