2015-12-16,80.480003,80.82,78.279999,80.25,1820700,80.25
2015-12-15,78.940002,80.650002,78.50,79.93,2349700,79.93
2015-12-14,79.080002,79.379997,76.669998,77.559998,1949400,77.559998
2015-12-11,79.040001,79.669998,78.529999,78.889999,2164100,78.889999
2015-12-10,78.730003,80.68,78.089996,80.029999,2322000,80.029999
2015-12-09,80.220001,80.400002,77.809998,78.32,2393000,78.32
2015-12-08,79.040001,80.699997,77.349998,80.400002,4503300,80.400002
2015-12-07,77.57,78.50,76.940002,77.889999,1771200,77.889999
2015-12-04,76.669998,78.050003,76.410004,77.68,2278800,77.379998
2015-12-03,79.379997,79.730003,76.150002,76.440002,2313400,76.144789
2015-12-02,79.239998,79.910004,78.550003,78.650002,2061500,78.346253
2015-12-01,78.300003,79.610001,78.209999,79.589996,2082900,79.282618
2015-11-30,78.099998,78.510002,77.279999,78.199997,1573300,77.897987
2015-11-27,77.449997,77.980003,77.059998,77.629997,462100,77.330188
2015-11-25,77.260002,77.709999,76.760002,77.279999,1091700,76.981542
2015-11-24,76.940002,77.690002,76.480003,77.290001,1452300,76.991505
2015-11-23,78.300003,78.529999,76.809998,76.989998,1759500,76.692661
2015-11-20,78.449997,79.040001,77.919998,78.379997,1607800,78.077292
2015-11-19,78.379997,78.669998,77.519997,77.919998,2125300,77.619069
2015-11-18,77.529999,78.540001,77.18,78.43,1522200,78.127102
2015-11-17,77.410004,78.669998,76.980003,77.760002,1974400,77.459691
2015-11-16,75.32,77.50,75.010002,77.410004,2052800,77.111044
2015-11-13,75.830002,76.529999,75.489998,75.57,2949400,75.278147
2015-11-12,76.07,76.50,75.010002,75.440002,1958200,75.148651
2015-11-11,76.57,77.559998,75.93,76.82,1437200,76.523319
2015-11-10,76.699997,77.419998,76.010002,76.419998,2171000,76.124862
2015-11-09,76.629997,77.190002,76.029999,77.00,2472300,76.702624
2015-11-06,77.07,77.459999,75.809998,76.900002,2362300,76.603012
2015-11-05,77.230003,77.989998,75.830002,77.07,3177200,76.772354
2015-11-04,76.830002,77.010002,75.800003,77.010002,2643000,76.712588
2015-11-03,76.610001,76.68,75.510002,76.339996,2830600,76.045169
2015-11-02,76.82,77.07,75.919998,76.599998,2688400,76.304167
2015-10-30,75.839996,76.800003,75.239998,76.589996,2250400,76.294204
2015-10-29,75.010002,75.989998,74.68,75.839996,2386800,75.547101
2015-10-28,75.68,76.190002,74.209999,75.739998,3743000,75.447488
2015-10-27,74.769997,75.50,74.620003,75.099998,3166500,74.809961
2015-10-26,74.110001,75.089996,73.440002,75.07,3519400,74.780078
2015-10-23,74.059998,74.959999,72.82,74.57,5522900,74.282009
2015-10-22,71.589996,74.419998,71.010002,72.610001,7181400,72.329579
2015-10-21,72.50,77.360001,70.50,70.790001,18705400,70.516608
2015-10-20,66.580002,71.989998,66.50,70.029999,5484800,69.759541
2015-10-19,67.830002,69.029999,67.120003,67.639999,1510900,67.378772
2015-10-16,67.489998,68.370003,66.550003,68.279999,2188700,68.0163
2015-10-15,67.75,68.400002,66.019997,67.459999,2429400,67.199467
2015-10-14,64.580002,68.269997,64.110001,67.290001,3614500,67.030125
2015-10-13,65.790001,66.379997,64.580002,64.629997,1698500,64.380395
2015-10-12,66.449997,67.080002,66.099998,66.480003,788200,66.223256
2015-10-09,66.900002,67.489998,66.290001,66.470001,1180900,66.213293
2015-10-08,65.910004,67.360001,65.43,67.309998,1397900,67.050045
2015-10-07,65.989998,67.110001,65.099998,66.559998,2519800,66.302941
2015-10-06,65.019997,65.540001,64.260002,65.25,2169100,64.998003
2015-10-05,64.330002,66.029999,64.209999,65.419998,2591400,65.167345
2015-10-02,63.34,65.709999,63.220001,65.68,2312400,65.426343
2015-10-01,65.279999,66.629997,63.220001,64.440002,3178900,64.191134
2015-09-30,63.630001,65.510002,63.619999,65.330002,2578300,65.077696
2015-09-29,62.049999,63.509998,61.650002,62.860001,3133500,62.617234
2015-09-28,62.73,63.18,61.77,61.77,2413100,61.531443
2015-09-25,64.690002,65.18,62.560001,63.080002,3346900,62.836385
2015-09-24,63.09,63.900002,61.200001,63.389999,4357000,63.145186
2015-09-23,65.540001,65.82,63.619999,63.689999,3315300,63.444026
2015-09-22,66.809998,67.029999,65.169998,65.639999,4047100,65.386496
2015-09-21,71.529999,71.529999,67.43,68.07,3602000,67.807112
2015-09-18,71.589996,72.459999,70.93,71.220001,1975500,70.944948
2015-09-17,74.139999,74.139999,72.440002,72.639999,1740300,72.359462
2015-09-16,73.989998,74.919998,73.599998,74.760002,1137100,74.471277
2015-09-15,72.940002,74.309998,72.169998,74.019997,1464200,73.73413
2015-09-14,72.169998,72.690002,71.860001,72.50,1814500,72.220003
2015-09-11,70.919998,71.900002,70.300003,71.830002,1523700,71.552593
2015-09-10,70.550003,72.93,70.43,71.900002,1790300,71.622322
2015-09-09,73.040001,73.720001,70.440002,70.589996,1914200,70.317376
2015-09-08,71.190002,72.93,71.190002,72.629997,1830800,72.349499
2015-09-04,70.260002,70.989998,69.599998,69.75,1880600,69.480624
2015-09-03,72.010002,72.769997,71.279999,71.75,1582400,71.174062
2015-09-02,70.970001,71.129997,69.629997,71.099998,1208900,70.529278
2015-09-01,70.830002,72.019997,69.160004,69.559998,1988100,69.001638
2015-08-31,72.599998,73.410004,71.889999,72.769997,1182100,72.185871
2015-08-28,72.739998,73.970001,72.290001,72.919998,1604600,72.334668
2015-08-27,71.559998,73.580002,71.199997,73.110001,3066400,72.523145
2015-08-26,69.769997,70.900002,67.82,70.75,2756400,70.182089
2015-08-25,70.25,70.93,67.400002,67.400002,3503800,66.858981
2015-08-24,66.339996,70.669998,62.849998,67.32,3211400,66.779621
2015-08-21,70.25,71.879997,69.699997,69.75,2915700,69.190116
2015-08-20,71.730003,71.93,70.830002,71.019997,2586700,70.449918
2015-08-19,72.25,73.389999,71.459999,72.410004,1907800,71.828767
2015-08-18,74.57,74.720001,72.040001,72.269997,1971300,71.689884
2015-08-17,72.610001,74.529999,72.199997,74.389999,1981600,73.79287
2015-08-14,71.889999,73.550003,70.809998,72.709999,3861900,72.126355
2015-08-13,72.75,73.400002,71.93,72.010002,1908600,71.431977
2015-08-12,71.949997,73.059998,70.809998,72.610001,2495300,72.027159
2015-08-11,74.25,74.440002,72.879997,73.00,2035800,72.414028
2015-08-10,73.339996,75.18,72.93,74.870003,2071700,74.26902
2015-08-07,72.150002,72.43,71.370003,72.419998,1765600,71.838682
2015-08-06,74.419998,74.419998,72.290001,72.519997,1951800,71.937877
2015-08-05,73.440002,74.580002,73.290001,74.050003,2213800,73.455602
2015-08-04,74.440002,75.870003,72.879997,73.089996,3507400,72.503302
2015-08-03,76.709999,76.879997,75.330002,75.739998,2646800,75.132032
2015-07-31,78.959999,79.779999,76.510002,76.870003,2513800,76.252966
2015-07-30,78.440002,80.870003,78.339996,78.57,3393900,77.939317
2015-07-29,78.120003,78.120003,75.970001,77.669998,2977800,77.04654
2015-07-28,75.699997,78.290001,74.779999,77.75,2323200,77.125899
2015-07-27,74.82,75.910004,73.809998,75.449997,1553300,74.844359
2015-07-24,76.93,77.129997,74.879997,75.449997,1705300,74.844359
2015-07-23,76.699997,78.099998,76.419998,77.019997,1239700,76.401756
2015-07-22,76.559998,76.879997,75.059998,76.480003,1419800,75.866097
2015-07-21,77.00,78.230003,76.839996,77.370003,1267400,76.748952
2015-07-20,77.93,78.230003,76.980003,77.080002,970200,76.461279