2015-12-16,17.00,17.040001,16.42,16.49,4492000,16.49
2015-12-15,16.25,17.01,16.129999,16.959999,4747800,16.959999
2015-12-14,16.65,16.860001,15.93,16.08,5755000,16.08
2015-12-11,17.030001,17.049999,16.60,16.629999,3956900,16.629999
2015-12-10,17.25,17.43,17.139999,17.219999,1784400,17.219999
2015-12-09,17.59,17.790001,17.309999,17.32,2858600,17.256999
2015-12-08,17.33,17.66,17.280001,17.639999,2716500,17.575835
2015-12-07,17.799999,17.82,17.450001,17.530001,2823100,17.466236
2015-12-04,18.00,18.040001,17.60,17.799999,5585200,17.735253
2015-12-03,18.040001,18.120001,17.90,17.959999,3373900,17.894671
2015-12-02,17.75,18.18,17.65,18.00,6149600,17.934526
2015-12-01,17.85,18.08,17.719999,17.74,4258400,17.675472
2015-11-30,17.90,17.90,17.67,17.68,3536500,17.61569
2015-11-27,17.99,18.049999,17.860001,17.879999,906000,17.814962
2015-11-25,18.01,18.02,17.91,17.950001,1801100,17.884709
2015-11-24,18.00,18.059999,17.83,18.01,4371500,17.94449
2015-11-23,18.08,18.24,17.99,18.049999,2709100,17.984344
2015-11-20,18.15,18.26,17.93,18.059999,2239300,17.994307
2015-11-19,18.35,18.40,18.059999,18.120001,1854200,18.054091
2015-11-18,18.219999,18.389999,17.98,18.35,1871900,18.283253
2015-11-17,18.42,18.530001,18.040001,18.110001,2136300,18.044127
2015-11-16,18.01,18.530001,17.950001,18.42,2119300,18.352999
2015-11-13,18.360001,18.379999,17.950001,18.01,2641900,17.94449
2015-11-12,18.67,18.879999,18.41,18.43,2886000,18.362962
2015-11-11,19.02,19.15,18.77,18.790001,1776100,18.721654
2015-11-10,18.84,19.00,18.84,18.93,1821200,18.861144
2015-11-09,19.52,19.549999,18.76,18.90,3039900,18.831252
2015-11-06,19.33,19.610001,19.309999,19.469999,1975800,19.399178
2015-11-05,19.98,20.00,19.33,19.34,2524300,19.269652
2015-11-04,20.110001,20.190001,19.860001,19.969999,2030300,19.89736
2015-11-03,20.07,20.18,19.940001,20.08,1888700,20.00696
2015-11-02,20.02,20.18,19.98,20.129999,2605200,20.056778
2015-10-30,20.049999,20.139999,19.92,20.01,1924000,19.937215
2015-10-29,20.09,20.24,19.940001,20.00,1367600,19.927251
2015-10-28,20.10,20.33,19.85,20.09,2924900,20.016924
2015-10-27,19.959999,20.120001,19.799999,20.110001,1496900,20.036852
2015-10-26,20.190001,20.200001,19.93,20.030001,1478100,19.957143
2015-10-23,20.24,20.35,19.99,20.200001,1520300,20.126525
2015-10-22,20.030001,20.33,20.030001,20.15,1464200,20.076705
2015-10-21,20.33,20.389999,19.889999,19.90,1039800,19.827615
2015-10-20,20.34,20.34,20.030001,20.280001,1242000,20.206234
2015-10-19,20.389999,20.540001,20.24,20.389999,1231200,20.315832
2015-10-16,20.450001,20.540001,20.219999,20.49,1272200,20.415469
2015-10-15,20.16,20.389999,19.91,20.34,1444600,20.266015
2015-10-14,20.309999,20.50,20.02,20.08,1366800,20.00696
2015-10-13,20.59,20.719999,20.309999,20.34,1166100,20.266015
2015-10-12,21.049999,21.200001,20.620001,20.65,1054100,20.574887
2015-10-09,21.190001,21.290001,20.959999,21.07,1504500,20.993359
2015-10-08,20.860001,21.190001,20.75,21.110001,1846300,21.033214
2015-10-07,20.43,20.959999,20.42,20.950001,2540400,20.873797
2015-10-06,20.07,20.450001,19.93,20.309999,2919500,20.236123
2015-10-05,19.85,20.290001,19.780001,20.08,3487500,20.00696
2015-10-02,19.280001,19.690001,19.120001,19.68,3014900,19.608416
2015-10-01,20.290001,20.43,19.35,19.60,4045700,19.528707
2015-09-30,20.25,20.34,20.08,20.26,2512000,20.186306
2015-09-29,19.959999,20.360001,19.860001,20.08,3512400,20.00696
2015-09-28,20.10,20.15,19.639999,19.92,3953000,19.847542
2015-09-25,20.440001,20.51,20.10,20.25,3332300,20.176342
2015-09-24,19.969999,20.35,19.950001,20.219999,3350900,20.14645
2015-09-23,20.27,20.540001,20.049999,20.16,2526700,20.086669
2015-09-22,20.00,20.35,19.93,20.26,3441300,20.186306
2015-09-21,20.440001,20.65,20.10,20.110001,3768200,20.036852
2015-09-18,20.200001,20.82,20.16,20.290001,7405200,20.216197
2015-09-17,20.540001,20.76,20.35,20.42,2404300,20.345724
2015-09-16,20.549999,20.76,20.52,20.629999,1572300,20.554959
2015-09-15,20.389999,20.58,20.26,20.549999,1773400,20.47525
2015-09-14,20.84,20.84,20.24,20.33,1836400,20.256051
2015-09-11,20.809999,20.90,20.620001,20.82,1784800,20.744268
2015-09-10,20.68,21.110001,20.469999,20.92,1718400,20.843905
2015-09-09,21.139999,21.26,20.690001,20.73,1983900,20.591826
2015-09-08,20.700001,20.98,20.68,20.92,2397000,20.78056
2015-09-04,20.719999,20.77,20.18,20.32,2173600,20.184559
2015-09-03,20.969999,21.190001,20.879999,20.940001,2479000,20.800427
2015-09-02,20.950001,21.00,20.65,20.860001,2834600,20.72096
2015-09-01,21.02,21.059999,20.610001,20.709999,2859300,20.571958
2015-08-31,21.389999,21.559999,21.059999,21.459999,2463900,21.316959
2015-08-28,21.60,21.700001,21.34,21.50,2785700,21.356694
2015-08-27,21.00,21.719999,21.00,21.719999,2086700,21.575227
2015-08-26,21.08,21.08,20.41,20.74,2160900,20.601759
2015-08-25,21.10,21.23,20.389999,20.43,2864600,20.293826
2015-08-24,20.50,21.389999,20.18,20.540001,3507400,20.403093
2015-08-21,22.10,22.15,21.41,21.42,3164900,21.277227
2015-08-20,22.76,22.809999,22.290001,22.299999,1566400,22.151361
2015-08-19,23.07,23.110001,22.790001,22.99,1005000,22.836762
2015-08-18,23.299999,23.299999,23.030001,23.15,850600,22.995695
2015-08-17,23.23,23.360001,23.059999,23.299999,991000,23.144695
2015-08-14,22.99,23.370001,22.99,23.35,821700,23.194363
2015-08-13,23.139999,23.190001,22.99,23.040001,1015200,22.88643
2015-08-12,22.75,23.18,22.66,23.139999,2203400,22.985762
2015-08-11,23.15,23.23,22.809999,22.969999,1804500,22.816895
2015-08-10,23.23,23.49,23.15,23.379999,1224600,23.224162
2015-08-07,22.85,23.16,22.77,23.139999,1706200,22.985762
2015-08-06,23.129999,23.139999,22.700001,22.870001,1733600,22.717563
2015-08-05,23.66,23.66,23.02,23.040001,1391600,22.88643
2015-08-04,23.32,23.450001,23.190001,23.309999,956800,23.154629
2015-08-03,23.50,23.50,23.10,23.32,1558800,23.164562
2015-07-31,23.90,23.90,23.469999,23.52,858200,23.36323
2015-07-30,23.74,23.85,23.620001,23.84,1003400,23.681097
2015-07-29,23.75,23.809999,23.610001,23.74,872400,23.581763
2015-07-28,23.50,23.879999,23.379999,23.74,1239700,23.581763
2015-07-27,23.27,23.389999,23.16,23.379999,1139700,23.224162
2015-07-24,23.68,23.74,23.24,23.40,957100,23.244029
2015-07-23,24.02,24.030001,23.639999,23.709999,895100,23.551962
2015-07-22,24.51,24.60,23.90,24.02,1725300,23.859897
2015-07-21,24.77,24.879999,24.49,24.57,765000,24.406231
2015-07-20,24.83,24.940001,24.620001,24.75,773400,24.585031