2015-12-16,51.450001,52.880001,51.330002,52.669998,1862800,52.669998
2015-12-15,50.939999,51.400002,50.93,51.060001,1895300,51.060001
2015-12-14,51.52,51.830002,50.279999,50.470001,2247700,50.470001
2015-12-11,52.43,52.950001,51.189999,51.52,3033900,51.52
2015-12-10,52.57,53.310001,52.470001,53.209999,2447700,53.209999
2015-12-09,52.52,53.869999,52.060001,52.639999,2826500,52.639999
2015-12-08,51.029999,52.82,50.77,52.790001,3171700,52.790001
2015-12-07,51.599998,51.860001,50.84,51.48,1503000,51.48
2015-12-04,51.59,52.02,51.029999,51.790001,2648700,51.790001
2015-12-03,51.959999,52.310001,51.119999,51.41,1588700,51.41
2015-12-02,52.799999,52.93,51.689999,51.950001,1672100,51.950001
2015-12-01,51.27,52.959999,50.970001,52.849998,2788500,52.849998
2015-11-30,50.919998,51.27,50.619999,50.830002,2633700,50.830002
2015-11-27,50.889999,51.169998,50.68,50.740002,1408800,50.740002
2015-11-25,50.849998,51.23,50.66,50.84,830000,50.84
2015-11-24,50.41,51.220001,50.41,50.900002,1181100,50.900002
2015-11-23,50.91,51.189999,50.689999,50.759998,1238200,50.759998
2015-11-20,50.91,51.369999,50.84,50.939999,1590000,50.939999
2015-11-19,50.650002,51.02,50.439999,50.709999,1573000,50.709999
2015-11-18,50.830002,51.040001,49.919998,50.68,2319200,50.68
2015-11-17,49.73,51.16,49.73,50.759998,1880400,50.759998
2015-11-16,49.73,51.02,49.52,50.93,1457700,50.93
2015-11-13,50.139999,50.43,49.669998,49.84,1543200,49.84
2015-11-12,50.43,50.77,49.889999,50.27,1538200,50.27
2015-11-11,50.939999,51.169998,50.66,50.740002,1830300,50.740002
2015-11-10,50.369999,51.23,50.16,50.790001,2358600,50.790001
2015-11-09,50.73,50.84,49.970001,50.57,1384600,50.57
2015-11-06,50.549999,51.09,50.369999,50.860001,1613300,50.860001
2015-11-05,51.209999,51.389999,50.740002,50.830002,1831500,50.830002
2015-11-04,51.360001,51.50,50.880001,51.290001,2000100,51.290001
2015-11-03,51.950001,51.959999,51.27,51.310001,1714000,51.310001
2015-11-02,50.950001,52.130001,50.740002,52.099998,2023400,52.099998
2015-10-30,50.880001,51.400002,50.689999,50.950001,2177700,50.950001
2015-10-29,51.849998,52.209999,50.759998,50.93,2763300,50.93
2015-10-28,49.639999,52.130001,48.759998,51.889999,5007200,51.889999
2015-10-27,48.16,48.400002,46.98,47.490002,3816000,47.490002
2015-10-26,48.860001,48.959999,48.169998,48.369999,2887500,48.369999
2015-10-23,49.07,49.119999,48.419998,48.959999,2077400,48.959999
2015-10-22,47.650002,48.650002,47.419998,48.580002,1877900,48.580002
2015-10-21,48.43,48.50,47.290001,47.360001,2298700,47.360001
2015-10-20,47.490002,48.139999,47.330002,48.09,1910600,48.09
2015-10-19,47.23,47.630001,46.98,47.439999,1928200,47.439999
2015-10-16,47.25,47.52,46.669998,47.380001,2472900,47.380001
2015-10-15,45.68,47.080002,45.48,46.959999,2417300,46.959999
2015-10-14,45.349998,45.830002,44.990002,45.509998,2489200,45.509998
2015-10-13,45.93,45.93,44.900002,45.380001,2209100,45.380001
2015-10-12,44.900002,45.540001,44.59,45.209999,1359700,45.209999
2015-10-09,45.049999,45.130001,44.57,44.98,1137400,44.98
2015-10-08,44.259998,45.080002,43.810001,44.98,1427600,44.98
2015-10-07,44.27,44.52,43.669998,44.330002,2481600,44.330002
2015-10-06,44.599998,44.759998,44.02,44.080002,1754400,44.080002
2015-10-05,43.540001,44.82,43.310001,44.77,1980900,44.77
2015-10-02,42.400002,43.189999,41.970001,43.18,2617300,43.18
2015-10-01,43.59,44.130001,42.470001,43.00,4417700,43.00
2015-09-30,42.709999,43.73,42.709999,43.689999,4859500,43.689999
2015-09-29,41.630001,42.029999,40.860001,41.639999,3120400,41.639999
2015-09-28,43.27,43.419998,41.52,41.57,2175400,41.57
2015-09-25,44.240002,44.34,43.290001,43.529999,1870300,43.529999
2015-09-24,43.900002,44.049999,43.080002,43.720001,2360500,43.720001
2015-09-23,45.02,45.09,44.080002,44.18,2274700,44.18
2015-09-22,45.779999,45.779999,44.82,45.00,2532100,45.00
2015-09-21,46.73,47.32,46.220001,46.32,3159800,46.32
2015-09-18,45.00,46.400002,44.919998,46.360001,6341100,46.360001
2015-09-17,44.380001,46.110001,43.939999,45.509998,4362100,45.509998
2015-09-16,45.41,45.41,44.290001,44.439999,2678300,44.439999
2015-09-15,45.09,45.68,44.84,45.549999,1202300,45.549999
2015-09-14,45.220001,45.299999,44.759998,44.959999,1310000,44.959999
2015-09-11,45.049999,45.200001,44.77,45.169998,1408900,45.169998
2015-09-10,45.450001,45.73,45.18,45.43,1486200,45.43
2015-09-09,46.279999,46.580002,45.259998,45.439999,2188800,45.439999
2015-09-08,45.75,46.060001,45.400002,45.880001,2482500,45.880001
2015-09-04,44.939999,45.740002,44.630001,44.959999,2352400,44.959999
2015-09-03,46.240002,46.240002,45.419998,45.630001,3608000,45.630001
2015-09-02,43.849998,45.130001,43.689999,45.119999,3147200,45.119999
2015-09-01,43.950001,44.040001,42.889999,43.25,3042800,43.25
2015-08-31,45.27,45.50,44.689999,44.73,2608400,44.73
2015-08-28,45.689999,45.869999,44.919998,45.369999,2633900,45.369999
2015-08-27,45.07,45.869999,44.799999,45.73,3118000,45.73
2015-08-26,44.259998,44.580002,43.189999,44.529999,3746600,44.529999
2015-08-25,45.720001,45.720001,43.009998,43.150002,4786500,43.150002
2015-08-24,43.810001,45.900002,43.209999,44.419998,3125500,44.419998
2015-08-21,46.889999,47.470001,46.09,46.110001,2381700,46.110001
2015-08-20,48.599998,48.73,47.310001,47.330002,3263500,47.330002
2015-08-19,48.91,49.25,48.369999,49.02,2223900,49.02
2015-08-18,49.439999,49.73,48.650002,49.110001,1652300,49.110001
2015-08-17,48.400002,49.490002,48.18,49.470001,1988800,49.470001
2015-08-14,48.049999,48.740002,47.900002,48.580002,1447200,48.580002
2015-08-13,48.049999,48.419998,47.740002,48.18,2681600,48.18
2015-08-12,48.439999,48.470001,47.43,48.119999,3009700,48.119999
2015-08-11,48.709999,49.00,48.459999,48.93,2626200,48.93
2015-08-10,49.110001,49.41,48.880001,49.139999,1886000,49.139999
2015-08-07,48.93,49.02,48.369999,48.720001,2476700,48.720001
2015-08-06,50.259998,50.310001,48.41,49.080002,2676100,49.080002
2015-08-05,50.50,50.91,50.23,50.32,1346100,50.32
2015-08-04,50.48,50.75,49.880001,50.07,1757100,50.07
2015-08-03,50.330002,50.740002,50.029999,50.549999,1905800,50.549999
2015-07-31,50.310001,50.759998,50.189999,50.50,2355800,50.50
2015-07-30,49.700001,50.889999,49.650002,50.060001,4828600,50.060001
2015-07-29,51.779999,51.779999,47.080002,49.389999,11204800,49.389999
2015-07-28,52.27,52.869999,51.82,52.50,2271100,52.50
2015-07-27,52.09,52.689999,51.619999,52.099998,1759200,52.099998
2015-07-24,52.759998,52.98,52.029999,52.240002,1142900,52.240002
2015-07-23,52.50,53.27,52.360001,52.599998,1776900,52.599998
2015-07-22,52.830002,52.950001,52.110001,52.439999,1714000,52.439999
2015-07-21,54.00,54.009998,52.970001,53.099998,2435800,53.099998
2015-07-20,53.029999,54.50,52.700001,54.16,2745700,54.16