2015-12-16,88.610001,90.129997,87.559998,88.93,3533000,88.93
2015-12-15,86.959999,89.309998,86.809998,88.050003,4147100,88.050003
2015-12-14,85.339996,85.809998,83.220001,85.720001,4013700,85.720001
2015-12-11,86.00,87.230003,85.199997,85.580002,4162000,85.580002
2015-12-10,88.300003,88.949997,87.139999,87.50,2426100,87.50
2015-12-09,88.25,90.970001,87.410004,88.830002,6489800,88.830002
2015-12-08,88.699997,89.370003,85.82,87.370003,7115000,87.370003
2015-12-07,95.50,95.629997,89.57,90.489998,5429100,90.489998
2015-12-04,94.940002,96.639999,93.889999,96.330002,3582900,96.330002
2015-12-03,95.660004,96.300003,94.279999,95.169998,3879900,95.169998
2015-12-02,96.370003,96.82,94.50,95.080002,2541500,95.080002
2015-12-01,96.00,97.199997,95.709999,97.080002,3352500,97.080002
2015-11-30,95.610001,96.800003,95.410004,95.82,2828400,95.82
2015-11-27,94.480003,95.889999,94.480003,95.160004,1115100,95.160004
2015-11-25,96.019997,96.870003,95.269997,95.949997,2031800,95.949997
2015-11-24,94.269997,96.82,93.93,96.32,3666000,96.32
2015-11-23,93.620003,95.089996,93.599998,94.419998,2672200,94.419998
2015-11-20,93.449997,94.93,93.139999,93.290001,2252500,93.290001
2015-11-19,94.849998,95.099998,92.900002,93.120003,2332300,93.120003
2015-11-18,94.379997,95.120003,93.989998,95.07,2870300,94.290002
2015-11-17,94.00,95.370003,93.00,93.989998,2828000,93.218861
2015-11-16,91.849998,94.519997,91.629997,94.419998,2861700,93.645333
2015-11-13,90.099998,92.279999,90.080002,91.779999,3130500,91.026993
2015-11-12,90.75,91.00,88.769997,90.050003,4101900,89.311191
2015-11-11,93.779999,94.43,92.339996,92.529999,2149900,91.77084
2015-11-10,94.330002,94.720001,92.129997,93.470001,2729800,92.70313
2015-11-09,95.779999,96.779999,94.230003,94.489998,2484700,93.714758
2015-11-06,94.550003,96.220001,94.199997,96.18,3653000,95.390895
2015-11-05,94.830002,95.82,93.879997,94.989998,3028900,94.210656
2015-11-04,95.580002,96.50,94.970001,95.419998,4021000,94.637129
2015-11-03,93.589996,96.199997,93.50,95.309998,4619900,94.52803
2015-11-02,92.690002,94.290001,92.260002,93.620003,3314700,92.851901
2015-10-30,92.279999,93.57,91.629997,92.910004,5478900,92.147727
2015-10-29,91.580002,92.470001,91.559998,92.00,3095500,91.24519
2015-10-28,90.910004,92.980003,90.239998,92.150002,5376500,91.393961
2015-10-27,91.389999,92.389999,89.650002,90.43,5199200,89.688071
2015-10-26,93.839996,94.540001,92.400002,92.410004,3254700,91.651829
2015-10-23,95.160004,95.50,90.75,94.160004,5286700,93.387472
2015-10-22,93.269997,94.610001,92.919998,94.510002,5116200,93.734599
2015-10-21,93.93,94.00,90.839996,91.25,4963400,90.501343
2015-10-20,93.330002,95.400002,92.739998,93.339996,3158600,92.574192
2015-10-19,93.449997,93.709999,92.400002,93.360001,3647900,92.594032
2015-10-16,94.660004,95.239998,92.529999,94.160004,3310700,93.387472
2015-10-15,93.75,94.150002,91.489998,93.400002,4289700,92.633705
2015-10-14,92.50,94.529999,92.00,94.150002,2982000,93.377552
2015-10-13,92.129997,94.440002,91.739998,92.279999,4469500,91.522891
2015-10-12,94.709999,94.790001,91.959999,92.68,4156200,91.919611
2015-10-09,98.150002,98.25,94.730003,95.449997,5172600,94.666881
2015-10-08,95.57,97.510002,95.160004,97.50,3712300,96.700065
2015-10-07,95.230003,96.629997,92.769997,95.589996,5468700,94.805732
2015-10-06,90.879997,94.57,90.529999,93.629997,4996400,92.861814
2015-10-05,89.489998,91.290001,89.370003,90.550003,4334000,89.807089
2015-10-02,83.93,88.470001,83.839996,88.43,2967800,87.70448
2015-10-01,84.720001,87.040001,84.129997,85.980003,5318500,85.274584
2015-09-30,82.330002,84.059998,81.959999,83.360001,3580500,82.676077
2015-09-29,80.839996,81.900002,80.139999,80.959999,3733000,80.295766
2015-09-28,83.489998,83.660004,80.220001,80.599998,3504700,79.938719
2015-09-25,85.050003,85.230003,83.669998,84.510002,2758900,83.816643
2015-09-24,82.160004,84.300003,80.82,83.849998,4057700,83.162055
2015-09-23,84.93,85.860001,83.089996,83.199997,3066200,82.517386
2015-09-22,85.019997,85.690002,84.019997,84.93,3770900,84.233196
2015-09-21,86.220001,87.510002,85.739998,86.760002,3102100,86.048183
2015-09-18,84.529999,85.769997,84.010002,85.690002,6854800,84.986962
2015-09-17,86.269997,87.620003,85.860001,86.199997,4302200,85.492773
2015-09-16,84.300003,87.419998,83.669998,87.300003,3935700,86.583754
2015-09-15,82.800003,84.410004,82.650002,83.779999,3989700,83.092629
2015-09-14,83.68,83.730003,81.650002,82.389999,3496100,81.714034
2015-09-11,83.489998,83.970001,82.620003,83.769997,3845200,83.082709
2015-09-10,82.879997,85.029999,82.779999,84.110001,3701000,83.419923
2015-09-09,85.010002,86.080002,82.660004,83.120003,5653900,82.438048
2015-09-08,81.889999,83.50,81.699997,83.169998,3429000,82.487633
2015-09-04,80.82,81.760002,79.779999,80.25,4031700,79.591592
2015-09-03,83.339996,84.129997,82.150002,82.690002,3706800,82.011576
2015-09-02,82.980003,82.980003,80.940002,82.760002,3565800,82.081001
2015-09-01,82.309998,84.82,81.110001,81.550003,4562700,80.880929
2015-08-31,83.239998,86.169998,82.50,85.379997,3472500,84.6795
2015-08-28,84.019997,86.349998,84.019997,85.43,4249100,84.729093
2015-08-27,83.00,85.940002,82.610001,85.260002,6441000,84.56049
2015-08-26,80.769997,81.580002,79.739998,80.900002,7122200,80.236261
2015-08-25,81.75,82.230003,77.650002,77.720001,7428200,77.082351
2015-08-24,75.00,80.690002,72.760002,77.25,7916800,76.616205
2015-08-21,82.860001,83.470001,80.150002,80.25,6246500,79.591592
2015-08-20,84.480003,85.760002,83.790001,83.910004,4695800,82.447967
2015-08-19,85.309998,85.690002,82.800003,84.93,5802000,83.450191
2015-08-18,87.190002,87.690002,85.919998,86.18,3215300,84.678411
2015-08-17,86.760002,87.699997,85.50,87.32,3411200,85.798548
2015-08-14,89.089996,90.099998,86.550003,87.110001,4581000,85.592207
2015-08-13,89.489998,89.879997,88.489998,89.279999,3137300,87.724396
2015-08-12,87.93,89.82,87.300003,89.379997,3899300,87.822652
2015-08-11,89.269997,89.550003,88.150002,89.360001,3525400,87.803004
2015-08-10,87.50,91.50,86.360001,91.419998,4384200,89.827108
2015-08-07,89.800003,90.519997,86.870003,86.989998,4421800,85.474296
2015-08-06,91.400002,92.099998,90.010002,90.18,3443100,88.608716
2015-08-05,92.449997,93.459999,90.889999,91.639999,3867900,90.043276
2015-08-04,90.529999,91.93,90.440002,91.559998,3098800,89.964668
2015-08-03,93.349998,93.529999,89.059998,90.07,6221200,88.500632
2015-07-31,94.940002,95.75,93.50,93.830002,3303000,92.19512
2015-07-30,93.800003,94.199997,92.660004,94.150002,2351400,92.509544
2015-07-29,92.949997,94.989998,91.269997,93.760002,5471600,92.12634
2015-07-28,93.239998,93.360001,88.699997,92.459999,6223800,90.848988
2015-07-27,89.040001,90.699997,88.760002,89.849998,4871200,88.284464
2015-07-24,93.989998,93.989998,88.510002,90.370003,6388500,88.795408
2015-07-23,96.089996,96.110001,93.779999,93.800003,4504800,92.165644
2015-07-22,95.949997,96.279999,95.099998,95.709999,2980000,94.042361
2015-07-21,96.370003,97.559998,95.190002,96.059998,3223800,94.386261
2015-07-20,97.050003,97.50,95.32,96.230003,3873500,94.553304