2015-12-16,67.160004,68.099998,65.93,67.160004,3466600,67.160004
2015-12-15,67.07,67.160004,66.019997,66.620003,3113100,66.620003
2015-12-14,66.779999,67.209999,65.550003,66.43,3154500,66.43
2015-12-11,67.120003,67.830002,66.709999,66.849998,2136000,66.849998
2015-12-10,68.730003,68.910004,67.870003,68.230003,1954800,68.230003
2015-12-09,69.080002,70.019997,67.57,68.019997,2904900,68.019997
2015-12-08,69.279999,69.910004,68.480003,69.580002,2449000,69.580002
2015-12-07,70.75,71.00,69.150002,69.50,3064500,69.50
2015-12-04,70.489998,71.089996,69.239998,71.040001,3464200,71.040001
2015-12-03,71.75,71.879997,68.550003,68.779999,3219100,68.779999
2015-12-02,72.080002,72.68,71.519997,71.690002,2827300,71.690002
2015-12-01,71.510002,72.379997,71.07,72.260002,2562200,72.260002
2015-11-30,71.379997,71.400002,69.889999,70.910004,3118700,70.910004
2015-11-27,71.650002,71.919998,71.370003,71.480003,642500,71.480003
2015-11-25,71.25,72.080002,71.050003,71.839996,2248100,71.839996
2015-11-24,71.099998,71.68,69.93,70.980003,4296200,70.980003
2015-11-23,72.309998,73.099998,72.199997,72.400002,2274900,72.400002
2015-11-20,72.980003,73.040001,71.900002,72.309998,2331200,72.309998
2015-11-19,72.400002,72.690002,71.580002,72.57,3243300,72.57
2015-11-18,72.769997,73.440002,70.800003,72.230003,5285100,72.230003
2015-11-17,74.370003,74.449997,72.550003,72.769997,7677800,72.769997
2015-11-16,71.580002,74.529999,70.43,73.720001,13437000,73.470001
2015-11-13,74.129997,74.480003,72.690002,72.739998,1643100,72.493322
2015-11-12,75.50,75.50,74.449997,74.519997,1284900,74.267284
2015-11-11,76.699997,76.830002,75.389999,75.459999,1261500,75.204099
2015-11-10,75.720001,76.639999,75.440002,76.519997,1024700,76.260502
2015-11-09,76.540001,76.669998,74.440002,75.760002,1237500,75.503084
2015-11-06,76.760002,77.339996,76.150002,76.68,1395400,76.419963
2015-11-05,77.059998,77.449997,76.099998,76.720001,1215700,76.459828
2015-11-04,76.839996,77.089996,76.279999,77.019997,1352500,76.758806
2015-11-03,77.260002,77.559998,75.919998,76.709999,1930500,76.44986
2015-11-02,77.00,77.900002,76.739998,77.459999,1614200,77.197316
2015-10-30,77.330002,77.879997,76.650002,76.779999,2561100,76.519622
2015-10-29,74.410004,77.160004,73.830002,76.980003,3891300,76.718948
2015-10-28,79.559998,79.879997,75.290001,76.889999,5232900,76.62925
2015-10-27,76.599998,79.029999,76.18,77.989998,4555700,77.725518
2015-10-26,75.339996,77.00,74.879997,76.610001,2077200,76.3502
2015-10-23,75.940002,76.190002,74.400002,75.300003,4880400,75.044645
2015-10-22,74.519997,77.330002,74.330002,76.870003,3517100,76.609321
2015-10-21,74.849998,75.50,73.779999,73.849998,1541100,73.599558
2015-10-20,74.349998,75.389999,74.160004,74.889999,1776500,74.636032
2015-10-19,73.620003,74.459999,73.089996,73.379997,2426600,73.131151
2015-10-16,74.699997,74.699997,73.480003,73.830002,2752300,73.579629
2015-10-15,74.75,75.00,73.18,74.839996,1858000,74.586198
2015-10-14,75.199997,75.589996,73.980003,74.169998,2326200,73.918472
2015-10-13,75.370003,76.400002,74.800003,75.279999,2917300,75.024709
2015-10-12,76.510002,76.900002,75.980003,76.410004,1516400,76.150882
2015-10-09,76.650002,77.00,75.599998,76.470001,2007400,76.210676
2015-10-08,73.900002,76.900002,73.809998,76.559998,3493700,76.300367
2015-10-07,72.050003,74.190002,72.010002,74.169998,2406400,73.918472
2015-10-06,72.349998,72.959999,71.760002,71.910004,2560700,71.666142
2015-10-05,71.809998,72.910004,70.599998,72.760002,2101400,72.513258
2015-10-02,69.099998,71.489998,68.839996,71.459999,2748900,71.217663
2015-10-01,68.389999,70.160004,68.25,70.110001,3393900,69.872243
2015-09-30,66.110001,68.370003,65.760002,68.199997,3578200,67.968717
2015-09-29,66.190002,66.629997,65.309998,65.440002,3576100,65.218082
2015-09-28,67.730003,67.970001,66.040001,66.169998,2552200,65.945602
2015-09-25,68.589996,69.519997,68.040001,68.50,2276400,68.267702
2015-09-24,68.980003,68.980003,67.779999,68.199997,2969700,67.968717
2015-09-23,68.379997,68.449997,67.57,67.720001,1374400,67.490349
2015-09-22,68.839996,69.330002,67.580002,68.050003,3303200,67.819231
2015-09-21,70.199997,70.800003,69.790001,70.220001,1980400,69.981871
2015-09-18,70.860001,70.860001,69.059998,69.68,7984800,69.443701
2015-09-17,72.870003,73.339996,72.010002,72.160004,2208100,71.915294
2015-09-16,72.519997,72.910004,72.029999,72.790001,1895100,72.543155
2015-09-15,73.07,73.07,70.870003,72.239998,3177500,71.995017
2015-09-14,72.940002,73.220001,72.360001,72.989998,1706800,72.742474
2015-09-11,71.720001,73.029999,71.610001,73.010002,1560100,72.76241
2015-09-10,71.099998,72.459999,70.870003,72.269997,1605900,72.024914
2015-09-09,72.699997,73.160004,71.029999,71.190002,1775300,70.948582
2015-09-08,71.330002,72.480003,70.690002,72.419998,2292700,72.174407
2015-09-04,69.970001,70.949997,69.800003,70.019997,1533300,69.782544
2015-09-03,71.089996,72.160004,70.669998,71.07,1615400,70.828987
2015-09-02,70.32,71.209999,69.809998,70.919998,2373300,70.679494
2015-09-01,68.68,69.610001,68.660004,69.089996,3175700,68.855698
2015-08-31,71.160004,71.169998,70.339996,70.660004,2026200,70.420381
2015-08-28,70.720001,71.620003,70.629997,71.580002,1532900,71.337259
2015-08-27,70.449997,71.129997,69.699997,71.110001,2250600,70.868852
2015-08-26,68.260002,69.989998,67.360001,69.919998,4370200,69.682885
2015-08-25,68.660004,68.980003,66.489998,66.559998,4220800,66.334279
2015-08-24,65.220001,68.989998,63.950001,66.690002,5148700,66.463843
2015-08-21,69.25,70.32,68.870003,69.330002,4293500,69.094889
2015-08-20,71.25,71.25,69.919998,70.00,2792600,69.762616
2015-08-19,71.959999,72.540001,71.419998,71.910004,1959000,71.666142
2015-08-18,72.910004,72.910004,72.230003,72.379997,1073500,72.134542
2015-08-17,71.599998,73.230003,71.440002,72.940002,1294400,72.443493
2015-08-14,72.25,72.400002,71.440002,71.849998,1352000,71.360909
2015-08-13,71.809998,72.75,71.610001,72.300003,1533100,71.807851
2015-08-12,71.129997,72.400002,70.260002,72.269997,2758000,71.778048
2015-08-11,72.029999,72.50,71.68,72.139999,1926900,71.648936
2015-08-10,72.150002,72.709999,71.860001,72.550003,1788300,72.056149
2015-08-07,70.93,71.470001,70.07,71.370003,2691800,70.884181
2015-08-06,70.970001,71.080002,70.07,70.93,3782400,70.447173
2015-08-05,73.080002,73.400002,70.440002,70.699997,4158500,70.218736
2015-08-04,72.599998,72.599998,71.879997,72.220001,1862100,71.728393
2015-08-03,72.160004,72.910004,71.940002,72.57,2314200,72.076009
2015-07-31,73.849998,73.879997,71.889999,72.610001,3438900,72.115738
2015-07-30,76.00,76.129997,72.150002,72.639999,6515300,72.145532
2015-07-29,74.800003,77.370003,74.779999,77.00,3417900,76.475854
2015-07-28,74.190002,75.639999,74.029999,74.589996,2632500,74.082256
2015-07-27,73.540001,74.400002,72.919998,73.900002,2378000,73.396958
2015-07-24,74.800003,74.809998,73.309998,74.019997,2747300,73.516136
2015-07-23,76.919998,76.919998,74.040001,74.620003,3260600,74.112058
2015-07-22,76.540001,77.169998,76.239998,76.93,1601900,76.406331
2015-07-21,78.110001,78.110001,76.389999,76.599998,2271100,76.078575
2015-07-20,77.739998,78.260002,77.68,77.830002,1276000,77.300206