2015-12-16,46.389999,47.299999,45.830002,47.110001,3234200,47.110001
2015-12-15,44.900002,46.299999,44.900002,46.07,3321000,46.07
2015-12-14,44.82,44.98,44.16,44.610001,1680100,44.610001
2015-12-11,44.880001,45.419998,44.580002,44.639999,2149900,44.639999
2015-12-10,45.48,45.669998,45.00,45.349998,1517500,45.349998
2015-12-09,46.009998,46.279999,45.310001,45.509998,1768100,45.509998
2015-12-08,46.169998,46.349998,45.75,46.209999,1677900,46.209999
2015-12-07,47.240002,47.48,46.549999,46.68,1439200,46.68
2015-12-04,46.490002,47.490002,46.150002,47.369999,2850100,47.369999
2015-12-03,47.049999,47.419998,46.07,46.43,1825600,46.43
2015-12-02,48.09,48.400002,46.50,46.66,3008300,46.66
2015-12-01,48.549999,48.68,47.919998,48.490002,1684600,48.490002
2015-11-30,47.709999,48.529999,47.66,48.279999,2167000,48.279999
2015-11-27,47.16,47.799999,46.880001,47.689999,720900,47.689999
2015-11-25,47.189999,47.419998,46.880001,47.150002,1092000,47.150002
2015-11-24,46.48,47.279999,45.630001,47.23,1579900,47.23
2015-11-23,47.490002,47.490002,46.43,46.599998,1197600,46.599998
2015-11-20,47.349998,47.610001,47.029999,47.380001,1086000,47.380001
2015-11-19,47.07,47.580002,46.43,47.18,1142000,47.18
2015-11-18,45.68,47.07,45.669998,46.98,1671100,46.98
2015-11-17,45.849998,46.310001,45.630001,46.080002,1433000,45.721002
2015-11-16,44.009998,45.98,44.009998,45.950001,1761800,45.592013
2015-11-13,46.349998,46.959999,45.529999,45.639999,1535000,45.284427
2015-11-12,46.790001,47.389999,46.349998,46.369999,1877700,46.008739
2015-11-11,47.220001,47.619999,47.080002,47.099998,1072400,46.733052
2015-11-10,47.509998,47.580002,46.939999,47.16,1611200,46.792586
2015-11-09,47.540001,47.880001,46.919998,47.82,2909700,47.447443
2015-11-06,47.580002,48.169998,47.400002,47.849998,2955500,47.477209
2015-11-05,49.75,49.84,47.32,47.91,2690400,47.536742
2015-11-04,48.75,49.119999,48.419998,48.990002,2184000,48.60833
2015-11-03,48.919998,48.990002,48.369999,48.82,1404600,48.439653
2015-11-02,48.200001,48.950001,48.09,48.889999,1679400,48.509107
2015-10-30,47.41,48.419998,47.41,48.290001,2555100,47.913783
2015-10-29,48.029999,48.23,47.200001,47.389999,1927400,47.020793
2015-10-28,47.959999,48.599998,47.529999,48.560001,1893700,48.18168
2015-10-27,48.130001,49.25,47.790001,47.93,2168800,47.556587
2015-10-26,49.009998,49.599998,48.360001,48.509998,1601000,48.132066
2015-10-23,49.389999,49.549999,48.59,49.110001,2292200,48.727394
2015-10-22,47.93,48.970001,47.52,48.860001,3525600,48.479342
2015-10-21,47.68,48.240002,47.09,47.16,2050300,46.792586
2015-10-20,47.00,47.560001,46.950001,47.400002,1173000,47.030717
2015-10-19,46.880001,47.50,46.779999,47.23,1450600,46.86204
2015-10-16,47.349998,47.419998,46.68,46.939999,1807000,46.574298
2015-10-15,47.73,48.369999,47.209999,47.330002,2689200,46.961263
2015-10-14,45.970001,48.169998,45.970001,47.310001,3620400,46.941418
2015-10-13,46.02,46.209999,45.77,46.060001,1670700,45.701157
2015-10-12,46.09,46.540001,45.75,46.279999,1405400,45.91944
2015-10-09,46.50,47.099998,46.139999,46.27,1205000,45.90952
2015-10-08,45.889999,46.700001,45.599998,46.650002,2123000,46.286561
2015-10-07,45.50,46.299999,45.119999,45.98,1886700,45.621778
2015-10-06,44.889999,45.48,44.52,45.360001,2226200,45.00661
2015-10-05,43.700001,45.509998,43.689999,45.080002,2957200,44.728792
2015-10-02,41.610001,43.389999,41.349998,43.380001,2696200,43.042036
2015-10-01,43.09,43.259998,41.580002,42.189999,2546200,41.861305
2015-09-30,42.189999,43.16,41.68,43.09,1997100,42.754294
2015-09-29,41.00,41.77,40.740002,41.669998,1943800,41.345355
2015-09-28,41.48,41.740002,40.830002,40.860001,2716800,40.541668
2015-09-25,41.599998,41.950001,41.02,41.380001,947500,41.057618
2015-09-24,40.98,41.509998,40.09,41.279999,1530900,40.958394
2015-09-23,41.919998,42.290001,41.25,41.349998,1951400,41.027849
2015-09-22,42.040001,42.880001,41.759998,41.990002,1339800,41.662866
2015-09-21,43.200001,43.369999,42.560001,42.73,1241000,42.397098
2015-09-18,42.810001,43.32,42.50,42.799999,2524200,42.466553
2015-09-17,43.889999,44.00,43.09,43.330002,3183300,42.992426
2015-09-16,43.970001,44.029999,43.709999,43.91,2986700,43.567906
2015-09-15,44.169998,44.349998,43.779999,44.009998,3024400,43.667125
2015-09-14,44.049999,44.32,43.77,43.919998,2685100,43.577826
2015-09-11,43.849998,44.650002,43.630001,43.889999,2968000,43.548061
2015-09-10,44.23,44.630001,43.369999,44.200001,3348200,43.855647
2015-09-09,45.029999,45.75,44.279999,44.369999,5766200,44.024321
2015-09-08,43.52,45.00,42.630001,44.860001,5631300,44.155296
2015-09-04,41.099998,41.470001,40.849998,41.00,1895800,40.355932
2015-09-03,41.290001,41.849998,41.139999,41.740002,2512100,41.084309
2015-09-02,40.84,41.119999,40.220001,41.09,3783200,40.444518
2015-09-01,41.450001,41.75,40.16,40.34,3447000,39.7063
2015-08-31,43.02,43.23,42.48,42.50,2063400,41.832368
2015-08-28,42.50,43.310001,42.450001,43.240002,2367600,42.560745
2015-08-27,41.830002,42.740002,41.630001,42.73,2872700,42.058755
2015-08-26,40.580002,41.220001,39.82,41.09,4666600,40.444518
2015-08-25,41.349998,41.540001,39.57,39.57,3947300,38.948395
2015-08-24,38.00,41.709999,37.77,40.139999,5173800,39.509441
2015-08-21,41.369999,41.849998,40.799999,40.84,3202900,40.198445
2015-08-20,42.139999,42.540001,41.52,41.529999,2360300,40.877605
2015-08-19,42.93,43.16,42.139999,42.68,2455700,42.009541
2015-08-18,43.34,43.50,42.84,42.93,2117700,42.255614
2015-08-17,43.110001,43.59,42.799999,43.52,1727900,42.836346
2015-08-14,43.23,43.389999,42.610001,43.290001,1807100,42.609959
2015-08-13,43.77,43.84,43.279999,43.389999,1657600,42.708387
2015-08-12,43.240002,44.080002,42.860001,43.849998,2380000,43.16116
2015-08-11,43.990002,44.040001,43.470001,43.720001,2710500,43.033204
2015-08-10,44.00,44.630001,43.860001,44.419998,1849700,43.722205
2015-08-07,43.119999,43.599998,42.860001,43.560001,2128100,42.875718
2015-08-06,43.869999,43.869999,42.889999,43.23,2585600,42.5509
2015-08-05,43.130001,44.169998,43.07,43.830002,4911200,43.141477
2015-08-04,42.09,42.799999,41.439999,42.790001,7134000,42.117814
2015-08-03,42.189999,42.84,42.009998,42.790001,2977100,42.117814
2015-07-31,42.950001,42.970001,42.689999,42.84,1756000,42.167027
2015-07-30,42.720001,43.099998,42.560001,42.91,3685000,42.235927
2015-07-29,42.599998,43.009998,42.439999,42.77,2500000,42.098127
2015-07-28,41.259998,42.880001,41.139999,42.66,2574900,41.989855
2015-07-27,41.639999,42.02,41.150002,41.779999,2682300,41.123677
2015-07-24,42.720001,43.139999,40.91,41.869999,3730600,41.212264
2015-07-23,42.369999,43.610001,42.139999,42.669998,3319400,41.999696
2015-07-22,42.529999,42.869999,41.68,42.09,5568600,41.428809
2015-07-21,43.990002,44.599998,43.709999,43.799999,2582200,43.111946
2015-07-20,44.529999,44.59,43.810001,43.990002,2060300,43.298963