2015-12-16,99.379997,100.32,98.059998,99.32,1515500,99.32
2015-12-15,97.870003,99.889999,97.190002,98.660004,2093600,98.660004
2015-12-14,96.010002,97.00,95.370003,96.779999,1435600,96.779999
2015-12-11,98.25,98.949997,95.220001,95.730003,2050000,95.730003
2015-12-10,99.699997,100.260002,99.379997,99.529999,670700,99.529999
2015-12-09,100.970001,102.32,99.239998,99.339996,1249700,99.339996
2015-12-08,102.980003,103.580002,101.370003,101.489998,1200800,101.489998
2015-12-07,103.050003,104.230003,103.00,104.050003,2068800,104.050003
2015-12-04,101.690002,104.050003,101.480003,104.019997,928100,104.019997
2015-12-03,103.129997,103.349998,101.089996,101.360001,1980500,101.360001
2015-12-02,103.599998,103.699997,102.629997,102.900002,1055000,102.900002
2015-12-01,103.489998,103.809998,102.589996,103.440002,1165200,103.440002
2015-11-30,103.75,104.089996,102.970001,103.120003,1188200,103.120003
2015-11-27,103.169998,104.019997,102.739998,103.790001,486300,103.790001
2015-11-25,103.730003,103.779999,102.449997,102.879997,823500,102.879997
2015-11-24,103.330002,103.75,102.940002,103.489998,970500,103.489998
2015-11-23,104.550003,104.830002,104.050003,104.169998,1385500,104.169998
2015-11-20,103.809998,104.629997,103.400002,104.339996,1224400,104.339996
2015-11-19,103.260002,103.68,102.699997,103.43,995300,103.43
2015-11-18,101.449997,103.290001,99.139999,103.199997,1271400,103.199997
2015-11-17,99.300003,102.540001,98.82,101.199997,2234800,100.859998
2015-11-16,96.610001,98.139999,96.07,98.089996,1309400,97.760446
2015-11-13,99.599998,99.599998,96.389999,96.900002,2056100,96.574449
2015-11-12,99.870003,101.110001,99.029999,99.400002,2992900,99.06605
2015-11-11,100.639999,101.080002,99.919998,100.730003,971200,100.391583
2015-11-10,99.830002,100.459999,99.330002,100.099998,1582300,99.763695
2015-11-09,102.349998,102.519997,99.870003,100.379997,1865300,100.042753
2015-11-06,102.050003,102.599998,101.199997,102.550003,2239300,102.205468
2015-11-05,100.110001,101.919998,99.389999,101.599998,1239300,101.258655
2015-11-04,99.199997,100.110001,99.169998,99.629997,1510100,99.295273
2015-11-03,96.120003,99.239998,95.870003,99.199997,1761100,98.866717
2015-11-02,95.00,96.519997,94.199997,96.449997,3106900,96.125956
2015-10-30,98.599998,100.720001,96.110001,96.160004,1724500,95.836937
2015-10-29,100.139999,101.800003,99.610001,101.529999,960800,101.188891
2015-10-28,99.690002,100.389999,98.779999,100.389999,1146900,100.052722
2015-10-27,100.25,100.980003,99.300003,99.410004,588100,99.076018
2015-10-26,100.50,101.120003,99.989998,100.970001,379700,100.630775
2015-10-23,99.739998,100.669998,99.400002,100.50,896900,100.162353
2015-10-22,98.089996,99.57,98.07,99.019997,799600,98.687322
2015-10-21,100.449997,100.459999,97.690002,97.730003,656600,97.401662
2015-10-20,99.650002,100.43,99.639999,100.150002,510600,99.81353
2015-10-19,100.040001,100.589996,99.290001,99.910004,807400,99.574338
2015-10-16,100.540001,101.00,100.010002,100.580002,768100,100.242086
2015-10-15,98.589996,100.050003,97.650002,100.040001,699900,99.703899
2015-10-14,97.849998,99.139999,97.129997,97.629997,782000,97.301992
2015-10-13,98.760002,99.279999,97.980003,98.089996,666500,97.760446
2015-10-12,98.910004,99.459999,98.669998,99.040001,292500,98.707259
2015-10-09,98.419998,99.379997,98.400002,98.879997,896200,98.547793
2015-10-08,99.220001,99.599998,98.07,98.379997,1922800,98.049472
2015-10-07,99.639999,100.129997,98.190002,99.440002,1112600,99.105916
2015-10-06,100.610001,101.080002,99.029999,99.099998,875700,98.767055
2015-10-05,100.370003,101.959999,99.82,101.080002,1368100,100.740406
2015-10-02,95.889999,99.190002,95.639999,99.050003,1401100,98.717227
2015-10-01,98.040001,98.760002,96.230003,97.489998,1458000,97.162463
2015-09-30,98.50,99.010002,96.949997,98.199997,1375200,97.870077
2015-09-29,97.279999,97.75,96.849998,97.529999,993300,97.20233
2015-09-28,99.610001,100.040001,96.860001,96.889999,2040900,96.56448
2015-09-25,101.00,101.279999,99.68,100.419998,661500,100.08262
2015-09-24,100.099998,100.379997,98.709999,99.940002,1112700,99.604236
2015-09-23,100.50,101.559998,99.550003,101.120003,492600,100.780272
2015-09-22,100.410004,101.050003,99.889999,100.629997,632600,100.291913
2015-09-21,101.519997,102.639999,100.980003,101.779999,599900,101.438051
2015-09-18,99.839996,102.230003,99.839996,100.75,1829100,100.411513
2015-09-17,103.07,103.910004,102.00,102.309998,873100,101.966269
2015-09-16,102.43,103.239998,102.160004,102.900002,801700,102.554291
2015-09-15,101.230003,102.730003,100.989998,102.43,795800,102.085869
2015-09-14,101.57,101.980003,100.699997,100.919998,828500,100.58094
2015-09-11,100.330002,101.830002,100.00,101.559998,693200,101.218789
2015-09-10,99.860001,101.489998,99.860001,100.82,1076800,100.481277
2015-09-09,102.529999,102.970001,99.93,100.169998,679900,99.833459
2015-09-08,101.099998,101.589996,100.010002,101.410004,1139400,101.069299
2015-09-04,99.589996,101.059998,98.550003,99.199997,923300,98.866717
2015-09-03,100.839996,102.339996,100.610001,100.940002,1020900,100.600877
2015-09-02,99.949997,101.18,98.440002,100.559998,1084400,100.222149
2015-09-01,99.910004,101.059998,98.410004,98.989998,1264200,98.657424
2015-08-31,103.830002,104.379997,102.260002,102.309998,841000,101.966269
2015-08-28,104.57,104.730003,103.449997,104.389999,871400,104.039283
2015-08-27,103.550003,104.860001,102.760002,104.57,1264100,104.218678
2015-08-26,100.839996,102.769997,98.839996,102.519997,1256800,102.175563
2015-08-25,102.199997,104.900002,98.82,98.940002,1809600,98.607596
2015-08-24,98.330002,103.00,96.00,99.470001,1831400,99.135814
2015-08-21,107.00,107.559998,103.580002,103.629997,1258600,103.281834
2015-08-20,109.529999,109.779999,107.540001,107.57,788900,107.208599
2015-08-19,110.760002,111.480003,109.839996,110.599998,619300,110.228418
2015-08-18,110.970001,111.690002,110.760002,110.980003,397200,110.607147
2015-08-17,110.110001,111.349998,109.529999,111.279999,475500,110.567277
2015-08-14,110.059998,111.50,110.059998,110.809998,804200,110.100286
2015-08-13,109.660004,110.610001,109.239998,110.18,711500,109.474324
2015-08-12,109.610001,110.050003,108.010002,109.43,881400,108.729128
2015-08-11,110.830002,111.440002,110.209999,110.540001,510200,109.832019
2015-08-10,110.660004,111.739998,110.540001,111.669998,630000,110.954779
2015-08-07,110.309998,110.339996,109.279999,109.809998,509100,109.106691
2015-08-06,111.870003,111.870003,110.139999,110.309998,573000,109.603489
2015-08-05,111.800003,112.580002,111.339996,111.800003,732500,111.083951
2015-08-04,110.400002,111.760002,110.400002,111.190002,544700,110.477857
2015-08-03,110.660004,110.660004,109.339996,110.620003,837800,109.911508
2015-07-31,111.779999,111.93,110.32,110.43,729400,109.722723
2015-07-30,110.209999,111.760002,109.730003,111.529999,643500,110.815676
2015-07-29,109.93,110.50,109.379997,110.330002,669100,109.623365
2015-07-28,111.059998,111.059998,109.360001,109.75,653900,109.047078
2015-07-27,111.559998,111.919998,109.830002,110.32,1394200,109.613427
2015-07-24,111.269997,113.440002,111.019997,111.82,994400,111.10382
2015-07-23,112.459999,112.739998,111.230003,111.760002,869100,111.044206
2015-07-22,111.900002,112.870003,111.730003,112.370003,726700,111.6503
2015-07-21,113.099998,113.870003,112.040001,112.309998,880500,111.590679
2015-07-20,112.870003,113.540001,112.379997,112.900002,641400,112.176904