2015-12-16,77.849998,78.639999,76.980003,78.57,5185500,78.57
2015-12-15,77.209999,78.040001,76.809998,77.099998,6225000,77.099998
2015-12-14,76.639999,77.190002,75.589996,76.650002,5438800,76.650002
2015-12-11,76.50,77.129997,76.129997,76.650002,6082900,76.650002
2015-12-10,77.720001,78.279999,77.190002,77.440002,4995000,77.440002
2015-12-09,77.889999,78.779999,77.099998,77.559998,5390600,77.559998
2015-12-08,77.599998,78.220001,77.410004,78.080002,6715100,78.080002
2015-12-07,78.279999,78.50,77.269997,77.949997,5373000,77.949997
2015-12-04,76.989998,78.349998,76.910004,78.139999,8903800,78.139999
2015-12-03,76.690002,78.610001,76.410004,76.669998,11676300,76.669998
2015-12-02,76.389999,76.449997,75.620003,76.110001,7920200,76.110001
2015-12-01,75.839996,76.589996,75.379997,76.510002,5705100,76.510002
2015-11-30,76.550003,76.760002,75.32,75.339996,9880300,75.339996
2015-11-27,76.830002,77.00,76.269997,76.459999,2403100,76.459999
2015-11-25,76.470001,76.860001,76.129997,76.559998,4428800,76.559998
2015-11-24,75.970001,76.769997,75.779999,76.559998,4226100,76.559998
2015-11-23,76.239998,76.75,75.889999,76.559998,4708900,76.559998
2015-11-20,76.199997,76.629997,75.769997,76.089996,6229500,76.089996
2015-11-19,77.370003,77.489998,75.68,75.75,6832600,75.75
2015-11-18,76.559998,77.669998,76.25,77.559998,5147100,77.559998
2015-11-17,76.099998,76.980003,75.839996,76.580002,4348600,76.580002
2015-11-16,74.489998,76.300003,74.449997,76.239998,4400600,76.239998
2015-11-13,74.379997,75.089996,74.25,74.459999,4331000,74.459999
2015-11-12,75.620003,75.620003,74.190002,74.209999,5046000,74.209999
2015-11-11,76.519997,76.75,75.790001,76.059998,4265300,76.059998
2015-11-10,75.830002,76.639999,75.57,76.400002,3832600,76.400002
2015-11-09,75.879997,76.169998,75.209999,75.870003,4363900,75.870003
2015-11-06,75.940002,76.07,75.489998,76.059998,4178100,76.059998
2015-11-05,76.00,76.43,75.589996,76.169998,3776300,76.169998
2015-11-04,76.50,76.660004,75.910004,76.160004,4221000,76.160004
2015-11-03,75.660004,76.660004,75.290001,76.300003,5021300,76.300003
2015-11-02,74.040001,75.839996,73.889999,75.75,6131600,75.75
2015-10-30,73.809998,74.349998,73.550003,73.919998,5315800,73.919998
2015-10-29,73.480003,74.120003,73.260002,73.760002,3833000,73.760002
2015-10-28,72.860001,73.580002,72.260002,73.540001,4037800,73.540001
2015-10-27,73.07,73.459999,72.269997,72.68,4762300,72.68
2015-10-26,73.599998,73.959999,72.629997,72.760002,6459200,72.760002
2015-10-23,73.400002,74.150002,73.019997,73.690002,5619100,73.690002
2015-10-22,73.720001,73.839996,72.650002,73.07,5648200,73.07
2015-10-21,74.00,74.129997,72.529999,73.419998,4324900,73.419998
2015-10-20,73.959999,74.029999,73.370003,73.639999,3805600,73.639999
2015-10-19,74.220001,74.50,73.50,74.239998,5190700,74.239998
2015-10-16,73.769997,74.400002,73.400002,74.110001,5144600,74.110001
2015-10-15,72.449997,73.449997,71.720001,73.43,5966000,73.43
2015-10-14,72.68,73.300003,72.050003,72.199997,4607900,72.199997
2015-10-13,73.160004,73.779999,72.639999,72.790001,5762000,72.790001
2015-10-12,72.480003,73.43,72.389999,73.010002,5557900,73.010002
2015-10-09,72.089996,73.75,71.760002,72.599998,9449500,72.599998
2015-10-08,70.339996,72.18,70.120003,72.050003,6663200,72.050003
2015-10-07,70.110001,71.300003,69.739998,70.940002,5794200,70.940002
2015-10-06,70.620003,70.839996,68.849998,69.919998,8340500,69.919998
2015-10-05,71.620003,71.660004,70.440002,70.870003,7794100,70.870003
2015-10-02,67.629997,71.290001,67.230003,71.129997,12348400,71.129997
2015-10-01,66.860001,68.480003,66.349998,68.400002,10973200,68.400002
2015-09-30,67.489998,67.610001,66.239998,66.940002,7986700,66.940002
2015-09-29,65.019997,68.010002,64.949997,66.370003,11377700,66.370003
2015-09-28,66.080002,66.300003,63.98,64.519997,9965800,64.519997
2015-09-25,69.199997,69.269997,66.080002,66.529999,8229200,66.529999
2015-09-24,68.580002,68.879997,67.860001,68.379997,6840700,68.379997
2015-09-23,69.769997,70.120003,69.129997,69.290001,4513300,69.290001
2015-09-22,69.519997,70.25,69.309998,70.139999,7009300,69.759997
2015-09-21,70.809998,71.419998,69.989998,70.239998,5613900,69.859454
2015-09-18,70.019997,70.760002,69.959999,70.330002,11475700,69.94897
2015-09-17,70.230003,71.849998,70.129997,70.809998,6031100,70.426366
2015-09-16,69.690002,70.419998,69.559998,70.120003,5159400,69.740109
2015-09-15,68.889999,70.019997,68.550003,69.93,6392000,69.551136
2015-09-14,69.769997,69.889999,68.510002,68.730003,6219600,68.35764
2015-09-11,69.790001,70.160004,69.260002,69.900002,5707900,69.5213
2015-09-10,69.669998,70.709999,69.209999,70.010002,6230700,69.630704
2015-09-09,71.160004,71.400002,69.440002,69.589996,7820900,69.212974
2015-09-08,70.339996,70.860001,69.519997,70.800003,7393500,70.416425
2015-09-04,68.860001,69.50,67.889999,68.980003,12536800,68.606286
2015-09-03,72.150002,72.50,69.830002,69.980003,9501700,69.600868
2015-09-02,70.720001,71.550003,70.269997,71.550003,9125800,71.162362
2015-09-01,70.669998,71.059998,69.00,69.529999,8976400,69.153302
2015-08-31,73.720001,74.160004,71.989998,72.290001,7463100,71.898351
2015-08-28,73.480003,73.849998,72.889999,73.559998,5513000,73.161467
2015-08-27,73.800003,73.860001,71.940002,73.519997,8603200,73.121683
2015-08-26,71.809998,72.389999,70.269997,72.239998,10681500,71.848619
2015-08-25,72.879997,72.910004,69.839996,69.879997,8199900,69.501404
2015-08-24,67.800003,72.900002,55.540001,70.910004,13366500,70.52583
2015-08-21,75.839996,76.029999,74.269997,74.269997,8817900,73.867619
2015-08-20,76.610001,77.010002,76.440002,76.489998,5062000,76.075593
2015-08-19,77.709999,78.129997,76.959999,77.470001,3838300,77.050287
2015-08-18,78.379997,78.720001,78.029999,78.089996,3796800,77.666923
2015-08-17,77.339996,78.800003,77.160004,78.739998,3622500,78.313403
2015-08-14,77.099998,77.730003,77.099998,77.580002,2158100,77.159692
2015-08-13,77.32,77.809998,76.989998,77.480003,2989700,77.060235
2015-08-12,76.949997,77.400002,76.080002,77.389999,4858200,76.970719
2015-08-11,77.099998,77.629997,76.919998,77.389999,4643800,76.970719
2015-08-10,77.730003,78.239998,77.580002,77.620003,3383300,77.199476
2015-08-07,77.510002,77.68,76.839996,77.480003,3233600,77.060235
2015-08-06,78.599998,78.800003,77.129997,77.410004,4262400,76.990615
2015-08-05,78.50,78.910004,78.269997,78.669998,3561900,78.243783
2015-08-04,78.059998,78.199997,77.489998,77.769997,2854300,77.348657
2015-08-03,78.089996,78.480003,77.559998,78.00,4195600,77.577414
2015-07-31,78.489998,78.900002,78.160004,78.389999,5180300,77.965301
2015-07-30,77.650002,78.410004,77.400002,78.279999,3842600,77.855896
2015-07-29,77.529999,77.940002,77.00,77.879997,4981300,77.458062
2015-07-28,76.290001,77.510002,75.779999,77.470001,4902200,77.050287
2015-07-27,75.720001,75.959999,75.330002,75.660004,4821000,75.250096
2015-07-24,76.360001,76.620003,75.900002,76.010002,3887300,75.598198
2015-07-23,76.739998,77.18,76.449997,76.800003,3647900,76.383919
2015-07-22,76.849998,77.110001,76.559998,76.82,4578700,76.403807
2015-07-21,76.82,77.139999,76.190002,76.540001,3737500,76.125325
2015-07-20,77.110001,77.150002,76.709999,77.00,3205100,76.582832