2015-12-16,48.110001,48.900002,47.77,48.700001,8116200,48.700001
2015-12-15,47.240002,47.779999,46.990002,47.57,7882000,47.57
2015-12-14,47.299999,47.639999,46.02,46.419998,10044300,46.419998
2015-12-11,48.080002,48.110001,46.700001,47.119999,9162300,47.119999
2015-12-10,48.630001,49.57,48.400002,48.869999,6959200,48.869999
2015-12-09,49.02,49.970001,48.23,48.59,6538800,48.59
2015-12-08,49.580002,49.77,48.830002,49.23,6919100,49.23
2015-12-07,50.84,51.040001,49.900002,50.119999,5674400,50.119999
2015-12-04,50.310001,51.25,49.889999,51.07,5492800,51.07
2015-12-03,51.200001,51.23,49.779999,50.060001,7784300,50.060001
2015-12-02,51.610001,51.73,50.75,50.860001,5953700,50.860001
2015-12-01,51.220001,51.720001,51.110001,51.560001,5358800,51.560001
2015-11-30,50.889999,51.18,50.450001,51.09,5321400,51.09
2015-11-27,50.689999,51.119999,50.450001,50.959999,1900500,50.959999
2015-11-25,50.59,50.779999,50.32,50.650002,4121700,50.650002
2015-11-24,49.970001,50.669998,49.950001,50.52,4557900,50.52
2015-11-23,51.02,51.240002,50.650002,50.689999,4698700,50.689999
2015-11-20,50.950001,51.330002,50.919998,51.02,5105800,51.02
2015-11-19,50.93,51.209999,50.389999,50.75,5991100,50.75
2015-11-18,50.48,51.169998,50.459999,51.080002,6406900,51.080002
2015-11-17,50.610001,51.029999,50.130001,50.279999,6394100,50.279999
2015-11-16,49.619999,50.470001,49.619999,50.470001,4599100,50.470001
2015-11-13,49.220001,50.060001,49.119999,49.889999,8834400,49.889999
2015-11-12,49.880001,50.139999,49.400002,49.459999,4694200,49.459999
2015-11-11,50.400002,50.869999,50.240002,50.279999,4882200,50.279999
2015-11-10,50.720001,51.169998,50.150002,50.77,5099100,50.77
2015-11-09,51.73,51.869999,50.490002,50.799999,6519600,50.799999
2015-11-06,51.220001,52.450001,51.220001,51.689999,9466400,51.689999
2015-11-05,49.259998,50.099998,48.950001,49.900002,9761000,49.900002
2015-11-04,51.049999,51.32,50.330002,50.490002,6279500,50.490002
2015-11-03,51.099998,51.759998,50.68,51.400002,6915600,51.025001
2015-11-02,50.599998,51.200001,50.48,51.07,5253000,50.697407
2015-10-30,50.959999,51.060001,50.360001,50.380001,4658800,50.012442
2015-10-29,51.18,51.50,50.77,50.990002,4287300,50.617993
2015-10-28,49.540001,51.299999,49.32,51.25,6547700,50.876094
2015-10-27,49.849998,49.900002,48.860001,49.220001,5689900,48.860905
2015-10-26,50.889999,50.959999,50.150002,50.25,5148300,49.88339
2015-10-23,50.360001,51.110001,50.00,50.98,6577900,50.608063
2015-10-22,49.419998,50.169998,49.419998,49.68,4879800,49.317549
2015-10-21,49.459999,49.810001,49.029999,49.09,4044600,48.731853
2015-10-20,49.02,49.490002,48.91,49.299999,3631700,48.94032
2015-10-19,48.599998,49.130001,48.439999,48.93,3862700,48.57302
2015-10-16,48.50,48.880001,48.209999,48.84,4496700,48.483677
2015-10-15,47.779999,48.41,47.459999,48.400002,4969900,48.046888
2015-10-14,47.639999,47.709999,46.810001,47.200001,6748600,46.855642
2015-10-13,48.130001,48.549999,47.82,47.880001,4167900,47.530682
2015-10-12,48.389999,48.57,48.16,48.34,3202800,47.987325
2015-10-09,48.560001,49.00,48.200001,48.389999,4656600,48.036959
2015-10-08,47.939999,48.790001,47.830002,48.619999,5124100,48.265281
2015-10-07,48.099998,48.490002,47.540001,48.189999,5058700,47.838418
2015-10-06,47.669998,47.939999,47.130001,47.540001,6520700,47.193162
2015-10-05,47.43,47.880001,47.209999,47.790001,9413000,47.441338
2015-10-02,46.16,46.970001,45.549999,46.970001,7314800,46.627321
2015-10-01,47.560001,47.619999,46.639999,47.439999,6344300,47.093889
2015-09-30,47.060001,47.25,46.509998,47.150002,6998400,46.806008
2015-09-29,47.07,47.07,45.700001,46.34,6950200,46.001916
2015-09-28,46.740002,46.849998,45.990002,46.07,7237700,45.733886
2015-09-25,47.32,47.630001,46.970001,47.23,7396600,46.885422
2015-09-24,45.84,46.57,45.560001,46.43,6686400,46.09126
2015-09-23,46.470001,47.130001,46.200001,46.52,7017000,46.180603
2015-09-22,46.07,46.279999,45.57,46.200001,9586300,45.862938
2015-09-21,47.029999,47.400002,46.509998,46.900002,5968200,46.557832
2015-09-18,46.77,47.060001,45.970001,46.52,11832900,46.180603
2015-09-17,49.50,49.639999,47.52,47.779999,9233300,47.431409
2015-09-16,49.330002,49.720001,49.16,49.59,4091000,49.228205
2015-09-15,48.549999,49.540001,48.299999,49.310001,5696700,48.950249
2015-09-14,48.43,48.459999,47.970001,48.189999,3841000,47.838418
2015-09-11,48.27,48.560001,47.849998,48.529999,5539100,48.175937
2015-09-10,48.299999,49.049999,47.91,48.700001,4978900,48.344699
2015-09-09,49.630001,50.060001,48.220001,48.419998,6611800,48.066739
2015-09-08,48.880001,49.209999,48.439999,49.07,6620900,48.711998
2015-09-04,48.360001,48.419998,47.50,47.860001,5156600,47.510827
2015-09-03,49.049999,49.68,48.75,48.959999,5679200,48.6028
2015-09-02,48.970001,48.98,48.029999,48.849998,7798900,48.493602
2015-09-01,48.459999,48.830002,47.650002,47.990002,9153100,47.63988
2015-08-31,49.790001,50.459999,49.50,50.099998,6434800,49.734483
2015-08-28,50.119999,50.400002,49.790001,50.32,7141100,49.952879
2015-08-27,49.41,50.509998,49.23,50.400002,9397900,50.032297
2015-08-26,47.93,48.990002,47.169998,48.790001,12102800,48.434042
2015-08-25,49.209999,49.369999,46.549999,46.59,12117200,46.250092
2015-08-24,46.360001,48.869999,44.490002,47.400002,15504500,47.054184
2015-08-21,51.349998,51.470001,49.529999,49.549999,10517600,49.188496
2015-08-20,53.139999,53.290001,51.91,51.91,7402000,51.531279
2015-08-19,53.950001,54.130001,53.07,53.630001,7421600,53.238731
2015-08-18,54.439999,54.66,54.150002,54.279999,5332900,53.883987
2015-08-17,54.490002,54.669998,54.00,54.50,4768000,54.102383
2015-08-14,54.580002,54.900002,54.330002,54.759998,3414200,54.360484
2015-08-13,54.439999,54.669998,54.07,54.369999,4410400,53.97333
2015-08-12,54.259998,54.439999,52.779999,54.18,6882800,53.784718
2015-08-11,55.540001,55.75,54.720001,54.98,6281600,54.57888
2015-08-10,55.419998,56.57,55.419998,56.360001,4774600,55.948813
2015-08-07,55.279999,55.630001,54.360001,54.919998,4333900,54.519317
2015-08-06,55.669998,55.919998,55.240002,55.509998,3826200,55.105012
2015-08-05,56.07,56.380001,55.450001,55.509998,4043900,55.105012
2015-08-04,56.009998,56.150002,55.52,55.93,3866100,55.149687
2015-08-03,55.849998,56.189999,55.360001,55.73,4526200,54.952477
2015-07-31,56.619999,56.669998,55.52,55.740002,6873600,54.962339
2015-07-30,56.139999,56.869999,55.720001,56.830002,6703400,56.037132
2015-07-29,56.259998,57.470001,56.169998,57.220001,5287700,56.421691
2015-07-28,56.299999,56.490002,55.41,56.27,5434300,55.484944
2015-07-27,55.740002,55.860001,54.84,55.599998,7235400,54.82429
2015-07-24,56.610001,57.119999,55.810001,56.150002,8949500,55.366619
2015-07-23,57.25,57.549999,56.599998,56.75,4304000,55.958247
2015-07-22,57.52,57.68,57.139999,57.330002,3796100,56.530157
2015-07-21,57.310001,57.900002,57.110001,57.48,2470200,56.678062
2015-07-20,57.740002,57.84,57.139999,57.349998,3693900,56.549874