2015-12-16,194.759995,200.419998,194.050003,199.850006,674300,199.850006
2015-12-15,192.809998,195.339996,191.779999,193.690002,674000,193.690002
2015-12-14,191.059998,192.839996,187.289993,191.759995,651200,191.759995
2015-12-11,188.320007,191.990005,188.320007,190.389999,649600,190.389999
2015-12-10,190.910004,192.479996,188.75,190.699997,466200,190.699997
2015-12-09,190.75,195.660004,189.600006,190.229996,641200,190.229996
2015-12-08,189.619995,193.940002,189.399994,192.399994,918500,192.399994
2015-12-07,189.479996,191.789993,188.199997,190.830002,554300,190.830002
2015-12-04,184.970001,189.690002,184.139999,189.479996,579300,189.479996
2015-12-03,190.399994,190.399994,183.139999,184.139999,713100,184.139999
2015-12-02,191.259995,192.270004,189.070007,190.059998,431300,190.059998
2015-12-01,192.020004,192.550003,189.279999,191.020004,603800,191.020004
2015-11-30,192.800003,193.559998,190.179993,190.720001,543700,190.720001
2015-11-27,193.199997,193.550003,192.00,192.710007,148400,192.710007
2015-11-25,192.460007,193.75,191.639999,193.160004,243400,193.160004
2015-11-24,193.830002,195.360001,191.740005,192.559998,683600,192.559998
2015-11-23,192.00,195.330002,192.00,194.309998,666300,194.309998
2015-11-20,191.589996,193.270004,190.899994,192.289993,676500,192.289993
2015-11-19,189.309998,191.660004,188.860001,191.380005,768600,191.380005
2015-11-18,182.779999,189.199997,182.449997,188.979996,678800,188.979996
2015-11-17,183.699997,186.149994,181.910004,182.470001,708900,182.470001
2015-11-16,180.220001,182.800003,180.00,182.679993,696900,182.679993
2015-11-13,184.210007,184.929993,180.440002,180.75,660000,180.75
2015-11-12,186.460007,186.460007,184.210007,184.559998,717600,184.559998
2015-11-11,189.059998,189.570007,186.570007,187.690002,636200,187.690002
2015-11-10,185.970001,188.929993,185.490005,188.210007,713900,188.210007
2015-11-09,186.029999,188.729996,184.300003,186.389999,1103100,186.389999
2015-11-06,194.210007,201.880005,182.979996,187.139999,3088000,187.139999
2015-11-05,198.00,199.179993,194.740005,197.460007,1189400,197.460007
2015-11-04,198.910004,200.589996,196.889999,198.169998,574800,198.169998
2015-11-03,199.639999,199.639999,196.419998,198.190002,590400,198.190002
2015-11-02,196.220001,198.710007,194.429993,198.320007,649900,198.320007
2015-10-30,193.190002,197.300003,192.389999,195.50,974900,195.50
2015-10-29,196.089996,196.300003,188.029999,192.389999,1240000,192.389999
2015-10-28,195.850006,197.360001,194.25,196.399994,556100,196.399994
2015-10-27,195.630005,197.630005,192.380005,195.229996,551300,195.229996
2015-10-26,195.570007,197.619995,193.149994,196.839996,473200,196.839996
2015-10-23,197.619995,198.110001,193.100006,195.479996,679100,195.479996
2015-10-22,195.419998,198.539993,194.009995,196.259995,823000,196.259995
2015-10-21,197.589996,198.289993,193.669998,195.009995,631900,195.009995
2015-10-20,197.789993,199.729996,195.550003,195.919998,538400,195.919998
2015-10-19,195.949997,198.699997,195.949997,198.00,579800,198.00
2015-10-16,192.229996,196.639999,191.820007,196.110001,1120500,196.110001
2015-10-15,190.580002,192.050003,187.350006,191.490005,783800,191.490005
2015-10-14,193.690002,194.610001,189.820007,190.110001,625100,190.110001
2015-10-13,196.509995,197.470001,193.610001,193.75,502200,193.75
2015-10-12,196.880005,198.630005,196.110001,197.800003,432900,197.800003
2015-10-09,197.429993,198.25,195.360001,196.320007,439400,196.320007
2015-10-08,194.100006,197.770004,193.910004,197.520004,1172500,197.520004
2015-10-07,192.139999,195.229996,189.580002,194.820007,1002300,194.820007
2015-10-06,196.610001,197.880005,189.360001,191.020004,1217200,191.020004
2015-10-05,189.960007,195.509995,189.960007,195.119995,1127400,195.119995
2015-10-02,184.770004,189.070007,182.570007,188.970001,978700,188.970001
2015-10-01,182.960007,186.720001,180.880005,186.130005,1584900,186.130005
2015-09-30,178.039993,182.320007,177.979996,181.789993,1370500,181.789993
2015-09-29,179.899994,181.389999,174.490005,176.190002,1877300,176.190002
2015-09-28,190.350006,190.440002,178.889999,179.520004,1612600,179.520004
2015-09-25,194.889999,195.669998,190.740005,191.490005,1091800,191.490005
2015-09-24,195.089996,196.009995,191.580002,192.820007,1090500,192.820007
2015-09-23,198.839996,199.809998,195.649994,196.979996,408300,196.979996
2015-09-22,199.550003,199.830002,196.389999,198.389999,537700,198.389999
2015-09-21,203.149994,205.279999,200.509995,201.100006,689300,201.100006
2015-09-18,204.550003,205.509995,201.529999,202.190002,756700,202.190002
2015-09-17,205.779999,209.979996,205.089996,206.970001,674800,206.970001
2015-09-16,206.330002,206.729996,204.75,205.75,502700,205.75
2015-09-15,206.839996,208.020004,205.160004,206.610001,509600,206.610001
2015-09-14,206.970001,207.119995,204.529999,205.369995,551700,205.369995
2015-09-11,201.919998,207.679993,201.919998,206.710007,649300,206.710007
2015-09-10,200.679993,203.580002,200.649994,202.210007,514500,202.210007
2015-09-09,206.580002,206.800003,201.130005,201.490005,679900,201.490005
2015-09-08,201.419998,204.360001,201.070007,204.190002,765700,204.190002
2015-09-04,197.869995,200.389999,196.660004,197.50,508700,197.50
2015-09-03,198.679993,201.550003,198.300003,200.380005,667400,200.380005
2015-09-02,195.070007,197.869995,194.050003,197.869995,478400,197.869995
2015-09-01,193.50,195.110001,192.070007,192.860001,635400,192.860001
2015-08-31,197.130005,200.410004,196.369995,196.970001,567800,196.970001
2015-08-28,194.009995,198.399994,193.369995,197.589996,797600,197.589996
2015-08-27,194.990005,196.210007,191.220001,194.369995,745500,194.369995
2015-08-26,193.699997,194.990005,188.009995,192.809998,1174700,192.809998
2015-08-25,195.789993,196.339996,189.179993,189.179993,1097200,189.179993
2015-08-24,191.889999,198.300003,183.520004,190.330002,1184400,190.330002
2015-08-21,202.339996,205.009995,199.800003,200.179993,643600,200.179993
2015-08-20,209.360001,211.009995,204.270004,204.410004,517000,204.410004
2015-08-19,209.860001,212.160004,208.279999,210.839996,706600,210.839996
2015-08-18,209.279999,211.979996,208.25,211.330002,817400,211.330002
2015-08-17,206.779999,209.009995,206.00,208.429993,444500,208.429993
2015-08-14,205.699997,207.789993,205.199997,207.380005,675900,207.380005
2015-08-13,205.289993,207.389999,204.910004,205.889999,705500,205.889999
2015-08-12,203.369995,206.050003,200.550003,205.300003,1007100,205.300003
2015-08-11,203.889999,206.009995,203.309998,204.919998,805700,204.919998
2015-08-10,204.899994,207.75,204.600006,205.419998,1052300,205.419998
2015-08-07,205.25,207.389999,202.919998,203.850006,2044700,203.850006
2015-08-06,202.139999,203.589996,195.600006,197.639999,1014900,197.639999
2015-08-05,204.339996,204.339996,200.800003,202.759995,675800,202.759995
2015-08-04,201.130005,202.880005,200.020004,202.789993,466700,202.789993
2015-08-03,204.00,204.389999,199.50,200.830002,781500,200.830002
2015-07-31,201.460007,202.369995,199.460007,201.589996,368700,201.589996
2015-07-30,198.669998,201.199997,197.990005,200.660004,367000,200.660004
2015-07-29,196.970001,200.009995,196.210007,199.580002,341200,199.580002
2015-07-28,193.100006,196.580002,192.520004,196.100006,426400,196.100006
2015-07-27,194.820007,195.059998,190.089996,191.550003,665800,191.550003
2015-07-24,198.889999,199.130005,194.020004,196.00,621500,196.00
2015-07-23,198.559998,202.220001,197.880005,197.990005,711100,197.990005
2015-07-22,195.070007,200.520004,194.929993,197.820007,763600,197.820007
2015-07-21,196.75,196.75,193.570007,195.149994,504900,195.149994
2015-07-20,194.009995,197.50,193.830002,196.820007,481400,196.820007