2015-12-16,56.799999,57.439999,56.59,57.330002,2985200,57.330002
2015-12-15,55.580002,56.700001,55.27,56.419998,2697500,56.419998
2015-12-14,55.049999,55.360001,54.240002,54.970001,3313900,54.970001
2015-12-11,55.18,55.93,54.77,54.889999,2579200,54.889999
2015-12-10,55.560001,56.200001,55.18,55.98,2858100,55.98
2015-12-09,55.50,56.32,55.209999,55.549999,1753400,55.549999
2015-12-08,56.369999,56.48,55.720001,55.869999,2756200,55.869999
2015-12-07,56.580002,57.00,56.34,56.790001,2649700,56.790001
2015-12-04,55.48,56.880001,55.48,56.860001,2899700,56.860001
2015-12-03,55.880001,56.099998,55.009998,55.349998,2632400,55.349998
2015-12-02,56.029999,56.299999,55.759998,55.830002,2156500,55.830002
2015-12-01,55.57,56.049999,55.450001,56.009998,2278000,56.009998
2015-11-30,55.560001,55.59,55.169998,55.299999,2592300,55.299999
2015-11-27,55.310001,55.50,55.080002,55.389999,581100,55.389999
2015-11-25,55.509998,55.66,55.330002,55.43,1052000,55.43
2015-11-24,55.25,55.650002,55.060001,55.50,1349400,55.50
2015-11-23,55.950001,56.099998,55.560001,55.73,914700,55.73
2015-11-20,55.900002,56.130001,55.73,55.889999,1621200,55.889999
2015-11-19,55.57,55.73,55.27,55.580002,1177500,55.580002
2015-11-18,54.869999,55.610001,54.689999,55.580002,1442100,55.580002
2015-11-17,54.98,55.130001,54.57,54.639999,1537100,54.639999
2015-11-16,54.00,54.860001,53.950001,54.849998,1850200,54.849998
2015-11-13,54.689999,54.990002,54.09,54.150002,2234700,54.150002
2015-11-12,55.16,55.400002,54.830002,54.830002,1661200,54.830002
2015-11-11,55.740002,55.830002,55.389999,55.549999,2162300,55.549999
2015-11-10,55.57,55.860001,55.490002,55.66,1964800,55.66
2015-11-09,56.02,56.080002,55.459999,55.630001,2333100,55.630001
2015-11-06,56.700001,56.700001,55.84,56.110001,2083200,56.110001
2015-11-05,56.18,56.380001,55.93,56.299999,1896200,56.299999
2015-11-04,56.43,56.650002,56.119999,56.200001,1863500,56.200001
2015-11-03,56.34,56.580002,56.009998,56.389999,2351600,56.389999
2015-11-02,55.860001,56.52,55.720001,56.369999,2110200,56.369999
2015-10-30,56.23,56.290001,55.720001,55.740002,2930700,55.740002
2015-10-29,55.990002,56.419998,55.779999,56.290001,1655500,56.290001
2015-10-28,55.650002,56.209999,55.630001,56.209999,2116900,56.209999
2015-10-27,53.689999,55.59,53.689999,55.450001,3494400,55.450001
2015-10-26,55.310001,55.419998,54.689999,54.689999,2356600,54.689999
2015-10-23,55.200001,55.470001,54.889999,55.299999,1582600,55.299999
2015-10-22,54.23,55.27,54.23,55.00,1849900,55.00
2015-10-21,54.43,54.580002,53.91,53.970001,1316800,53.970001
2015-10-20,53.580002,54.380001,53.57,54.23,1874100,54.23
2015-10-19,53.900002,53.970001,53.540001,53.68,1462100,53.68
2015-10-16,53.700001,53.990002,53.700001,53.959999,2330700,53.959999
2015-10-15,53.200001,53.549999,52.959999,53.549999,2306400,53.549999
2015-10-14,53.360001,53.490002,52.720001,52.77,2192800,52.77
2015-10-13,53.580002,53.82,53.349998,53.400002,1698500,53.400002
2015-10-12,53.400002,54.189999,53.369999,53.919998,2370300,53.919998
2015-10-09,53.740002,54.049999,53.389999,53.439999,2245900,53.439999
2015-10-08,52.970001,53.900002,52.959999,53.75,1850900,53.75
2015-10-07,53.07,53.48,52.93,53.169998,1850000,53.169998
2015-10-06,53.389999,53.459999,52.860001,53.00,2707000,52.69
2015-10-05,52.959999,53.790001,52.709999,53.77,2047500,53.455496
2015-10-02,51.279999,52.59,51.049999,52.580002,2121800,52.272458
2015-10-01,52.299999,52.389999,51.650002,52.080002,1909100,51.775383
2015-09-30,52.27,52.369999,51.580002,52.220001,2271600,51.914563
2015-09-29,51.560001,51.84,51.099998,51.790001,2576000,51.487078
2015-09-28,52.299999,52.490002,51.41,51.540001,2398500,51.23854
2015-09-25,52.740002,53.130001,52.380001,52.650002,1703900,52.342048
2015-09-24,52.259998,52.529999,52.07,52.189999,2992100,51.884736
2015-09-23,52.84,53.07,52.650002,52.860001,1243000,52.550819
2015-09-22,52.50,52.990002,52.25,52.900002,2840500,52.590586
2015-09-21,53.490002,53.830002,53.369999,53.66,2225300,53.346139
2015-09-18,52.560001,53.669998,52.560001,53.09,4592100,52.779473
2015-09-17,54.720001,55.099998,54.139999,54.240002,3440000,53.922748
2015-09-16,54.59,54.82,54.34,54.639999,2600100,54.320407
2015-09-15,54.200001,54.91,53.830002,54.610001,2717300,54.290583
2015-09-14,54.07,54.150002,53.66,53.959999,2915900,53.644384
2015-09-11,53.470001,54.09,53.220001,54.09,2458100,53.773624
2015-09-10,53.400002,53.990002,53.330002,53.599998,3440100,53.286489
2015-09-09,54.650002,54.990002,53.59,53.700001,3926900,53.385906
2015-09-08,53.310001,54.450001,53.099998,54.259998,5207600,53.942628
2015-09-04,52.259998,52.529999,51.740002,51.990002,3621400,51.685909
2015-09-03,52.880001,53.380001,52.830002,53.02,1880200,52.709883
2015-09-02,52.77,52.950001,52.119999,52.759998,1850900,52.451402
2015-09-01,52.650002,52.82,51.880001,52.099998,2733300,51.795262
2015-08-31,53.880001,53.959999,53.57,53.73,2622600,53.415729
2015-08-28,54.380001,54.73,53.77,54.130001,3008800,53.813391
2015-08-27,53.91,54.709999,53.59,54.639999,2588400,54.320407
2015-08-26,53.27,53.48,51.950001,53.360001,3606900,53.047895
2015-08-25,53.93,54.119999,51.740002,51.869999,4511500,51.566608
2015-08-24,53.150002,54.32,50.900002,52.669998,5431300,52.361928
2015-08-21,56.27,56.66,55.279999,55.32,3461800,54.99643
2015-08-20,57.18,57.349998,56.68,56.689999,2059100,56.358415
2015-08-19,57.970001,58.110001,57.509998,57.669998,1554700,57.332683
2015-08-18,58.25,58.349998,58.110001,58.290001,935900,57.949059
2015-08-17,57.790001,58.43,57.59,58.299999,1078400,57.958999
2015-08-14,57.59,58.18,57.59,58.16,930200,57.819818
2015-08-13,57.650002,58.099998,57.59,57.73,1096300,57.392333
2015-08-12,57.75,58.099998,57.080002,57.759998,1534200,57.422156
2015-08-11,58.290001,58.34,57.84,58.139999,1780900,57.799935
2015-08-10,58.18,58.75,58.18,58.580002,1157100,58.237364
2015-08-07,57.700001,58.290001,57.27,57.810001,1382800,57.471867
2015-08-06,58.459999,58.59,57.740002,57.830002,1392000,57.49175
2015-08-05,58.290001,58.48,58.07,58.290001,1106800,57.949059
2015-08-04,57.790001,58.130001,57.740002,57.900002,1095900,57.561341
2015-08-03,58.09,58.139999,57.490002,57.880001,1154900,57.541457
2015-07-31,58.310001,58.330002,57.880001,57.939999,1743100,57.601104
2015-07-30,57.790001,58.299999,57.740002,58.139999,1454100,57.799935
2015-07-29,57.34,58.00,57.259998,57.950001,2375200,57.611048
2015-07-28,57.849998,58.099998,57.32,57.369999,3000000,57.034438
2015-07-27,58.040001,58.34,57.75,58.07,2002600,57.730345
2015-07-24,58.279999,58.529999,58.200001,58.25,1674300,57.909292
2015-07-23,58.549999,58.689999,58.290001,58.439999,1060400,58.098179
2015-07-22,58.259998,58.830002,58.259998,58.59,1574500,58.247304
2015-07-21,58.470001,58.810001,58.240002,58.439999,1204500,58.098179
2015-07-20,58.360001,58.669998,58.130001,58.450001,1198500,58.108123