2015-12-16,73.949997,74.82,72.32,74.449997,1619900,74.449997
2015-12-15,70.870003,74.279999,70.699997,73.639999,2573900,73.639999
2015-12-14,69.699997,71.540001,66.980003,69.220001,1618300,69.220001
2015-12-11,70.150002,71.010002,67.459999,69.370003,2069600,69.370003
2015-12-10,70.919998,71.919998,70.080002,71.239998,1464900,71.239998
2015-12-09,71.830002,73.199997,69.919998,70.879997,2700900,70.879997
2015-12-08,73.440002,73.760002,69.769997,72.150002,3154500,72.150002
2015-12-07,74.980003,75.93,71.349998,74.730003,3243900,74.730003
2015-12-04,72.300003,74.830002,71.949997,74.730003,2255200,74.730003
2015-12-03,74.339996,76.50,71.730003,72.199997,6093200,72.199997
2015-12-02,71.239998,74.480003,71.120003,72.360001,3872700,72.360001
2015-12-01,68.449997,71.510002,67.419998,71.480003,3026600,71.480003
2015-11-30,66.400002,68.519997,65.199997,67.910004,2237600,67.910004
2015-11-27,66.32,67.300003,66.150002,66.290001,735700,66.290001
2015-11-25,65.989998,67.980003,65.910004,66.059998,1654100,66.059998
2015-11-24,65.040001,67.620003,65.00,66.089996,2495100,66.089996
2015-11-23,65.800003,66.93,63.389999,66.099998,6017100,66.099998
2015-11-20,59.810001,62.990002,59.599998,61.00,2474500,61.00
2015-11-19,58.150002,60.540001,56.459999,60.080002,3360100,60.080002
2015-11-18,56.450001,57.799999,55.560001,57.610001,3080400,57.610001
2015-11-17,57.130001,60.709999,55.23,57.50,2504500,57.50
2015-11-16,56.50,58.959999,55.369999,57.220001,2891500,57.220001
2015-11-13,53.220001,57.68,53.07,56.939999,3865500,56.939999
2015-11-12,56.189999,56.360001,52.59,53.41,7330800,53.41
2015-11-11,61.759998,62.939999,56.25,57.119999,5374100,57.119999
2015-11-10,57.57,64.68,54.169998,62.580002,14017300,62.580002
2015-11-09,70.00,70.209999,52.009998,58.009998,12305200,58.009998
2015-11-06,67.349998,70.349998,65.769997,69.889999,2433700,69.889999
2015-11-05,70.339996,71.419998,65.459999,66.510002,2715700,66.510002
2015-11-04,70.410004,73.360001,69.599998,70.629997,2187100,70.629997
2015-11-03,67.919998,70.510002,67.059998,70.309998,1562400,70.309998
2015-11-02,66.480003,69.099998,66.410004,67.790001,2231800,67.790001
2015-10-30,69.910004,70.709999,65.550003,65.669998,2714200,65.669998
2015-10-29,70.089996,73.68,69.43,69.989998,2276200,69.989998
2015-10-28,67.57,73.279999,67.029999,70.089996,2962800,70.089996
2015-10-27,67.089996,68.389999,65.300003,67.900002,2148200,67.900002
2015-10-26,65.110001,67.720001,63.689999,66.959999,3311700,66.959999
2015-10-23,59.57,69.690002,59.57,65.75,4520400,65.75
2015-10-22,60.57,60.970001,56.16,58.610001,4354500,58.610001
2015-10-21,64.389999,64.709999,55.299999,60.48,5930300,60.48
2015-10-20,67.190002,67.470001,63.450001,64.07,3911200,64.07
2015-10-19,67.699997,68.489998,66.50,67.620003,2229500,67.620003
2015-10-16,67.290001,68.68,66.779999,68.129997,1736900,68.129997
2015-10-15,62.889999,67.190002,62.400002,66.900002,2425200,66.900002
2015-10-14,65.879997,67.370003,64.260002,65.580002,2089400,65.580002
2015-10-13,65.699997,67.349998,64.839996,64.989998,2555200,64.989998
2015-10-12,66.75,67.25,64.629997,65.889999,1379600,65.889999
2015-10-09,69.00,69.18,66.129997,66.730003,2360000,66.730003
2015-10-08,64.870003,69.379997,64.589996,68.540001,3795700,68.540001
2015-10-07,63.200001,66.279999,61.849998,65.269997,3871900,65.269997
2015-10-06,63.139999,66.50,59.720001,62.98,6270200,62.98
2015-10-05,66.309998,66.860001,61.259998,61.41,3862500,61.41
2015-10-02,61.75,65.879997,61.630001,65.870003,3937900,65.870003
2015-10-01,63.93,64.199997,61.369999,63.48,4081800,63.48
2015-09-30,59.709999,64.220001,59.450001,63.939999,4831200,63.939999
2015-09-29,59.57,61.689999,56.57,57.959999,6621400,57.959999
2015-09-28,68.190002,68.760002,58.279999,59.799999,8874400,59.799999
2015-09-25,71.080002,71.099998,67.57,68.449997,2480300,68.449997
2015-09-24,70.690002,70.959999,67.309998,70.139999,3066900,70.139999
2015-09-23,73.25,73.919998,71.440002,71.639999,1282200,71.639999
2015-09-22,72.839996,75.510002,72.00,72.900002,3532100,72.900002
2015-09-21,81.75,81.75,72.809998,73.870003,6822200,73.870003
2015-09-18,83.919998,83.919998,81.68,82.099998,2580800,82.099998
2015-09-17,83.68,86.059998,83.029999,84.949997,1526800,84.949997
2015-09-16,83.089996,84.279999,82.239998,83.610001,1383400,83.610001
2015-09-15,82.00,83.50,81.199997,83.300003,982400,83.300003
2015-09-14,82.269997,82.610001,81.029999,81.690002,871600,81.690002
2015-09-11,82.739998,82.849998,80.779999,82.080002,1374800,82.080002
2015-09-10,83.620003,84.919998,82.800003,83.00,1002600,83.00
2015-09-09,86.169998,87.279999,83.379997,83.620003,1362500,83.620003
2015-09-08,84.730003,85.699997,83.93,85.50,1359800,85.50
2015-09-04,82.220001,83.93,81.800003,82.860001,1264300,82.860001
2015-09-03,85.019997,85.879997,82.169998,82.779999,1541100,82.779999
2015-09-02,85.480003,85.720001,82.449997,84.370003,2184500,84.370003
2015-09-01,84.290001,87.68,83.629997,84.059998,1461300,84.059998
2015-08-31,89.510002,90.449997,85.650002,86.239998,1565200,86.239998
2015-08-28,88.690002,90.199997,87.800003,89.93,1697700,89.93
2015-08-27,86.720001,90.639999,86.720001,89.169998,2625200,89.169998
2015-08-26,81.370003,86.480003,80.239998,85.82,3978800,85.82
2015-08-25,84.25,84.739998,78.57,78.660004,3975700,78.660004
2015-08-24,83.160004,86.260002,81.830002,81.959999,3907800,81.959999
2015-08-21,88.230003,90.220001,86.510002,88.300003,4011900,88.300003
2015-08-20,93.489998,94.68,88.730003,89.440002,3807100,89.440002
2015-08-19,97.580002,98.00,94.440002,95.489998,1611000,95.489998
2015-08-18,98.489998,99.860001,97.00,97.790001,1492600,97.790001
2015-08-17,97.989998,99.610001,97.510002,98.839996,1365700,98.839996
2015-08-14,98.00,98.919998,97.660004,98.540001,1119200,98.540001
2015-08-13,100.57,101.459999,97.529999,98.029999,1627400,98.029999
2015-08-12,102.139999,102.260002,98.860001,100.199997,1500800,100.199997
2015-08-11,102.860001,103.50,100.239998,102.330002,1527400,102.330002
2015-08-10,100.57,103.849998,96.949997,103.50,2428100,103.50
2015-08-07,98.50,100.699997,96.150002,100.379997,2790000,100.379997
2015-08-06,104.190002,104.389999,94.900002,98.489998,6466000,98.489998
2015-08-05,106.739998,106.900002,102.349998,104.510002,4242800,104.510002
2015-08-04,120.769997,122.040001,101.949997,106.730003,6685700,106.730003
2015-08-03,124.25,125.349998,122.389999,124.209999,744900,124.209999
2015-07-31,122.00,124.139999,121.809998,123.959999,924300,123.959999
2015-07-30,122.599998,122.599998,119.559998,121.699997,859000,121.699997
2015-07-29,124.580002,125.269997,121.849998,122.730003,1630500,122.730003
2015-07-28,123.169998,123.910004,121.589996,123.870003,739400,123.870003
2015-07-27,122.949997,123.269997,120.690002,123.080002,815800,123.080002
2015-07-24,124.32,125.949997,122.389999,123.82,732300,123.82
2015-07-23,127.00,127.00,124.239998,124.989998,573800,124.989998
2015-07-22,123.989998,126.650002,123.82,126.510002,764500,126.510002
2015-07-21,122.900002,124.040001,121.760002,123.980003,716300,123.980003
2015-07-20,123.129997,123.949997,122.00,122.940002,601700,122.940002