2015-12-16,153.179993,154.220001,150.789993,153.309998,792100,153.309998
2015-12-15,152.630005,153.820007,150.899994,152.580002,915000,152.580002
2015-12-14,149.899994,152.139999,149.220001,151.910004,842000,151.910004
2015-12-11,150.020004,151.869995,149.139999,149.740005,924800,149.740005
2015-12-10,151.289993,153.570007,151.020004,151.830002,745100,151.830002
2015-12-09,155.479996,156.419998,150.580002,152.00,1343100,152.00
2015-12-08,154.740005,157.619995,153.509995,156.50,1167500,156.50
2015-12-07,160.190002,160.50,154.399994,155.580002,1594000,155.580002
2015-12-04,153.089996,158.270004,153.089996,156.699997,1139700,156.699997
2015-12-03,154.350006,158.059998,152.110001,153.070007,1094000,153.070007
2015-12-02,157.00,157.789993,154.50,154.809998,890900,154.809998
2015-12-01,155.550003,158.259995,155.009995,157.220001,978400,157.220001
2015-11-30,156.710007,158.350006,154.350006,154.610001,1152100,154.610001
2015-11-27,156.410004,157.660004,155.589996,156.539993,414800,156.539993
2015-11-25,152.190002,157.020004,151.550003,156.410004,1168500,156.410004
2015-11-24,150.580002,152.860001,149.100006,152.259995,1022400,152.259995
2015-11-23,148.600006,152.320007,148.509995,150.410004,1266100,150.410004
2015-11-20,150.389999,150.440002,147.419998,148.089996,1485100,148.089996
2015-11-19,148.929993,149.929993,147.949997,149.360001,748200,149.360001
2015-11-18,145.570007,149.339996,145.460007,149.130005,762400,149.130005
2015-11-17,147.50,149.149994,144.850006,145.610001,817200,145.610001
2015-11-16,147.149994,147.520004,145.020004,147.470001,738000,147.470001
2015-11-13,148.020004,150.00,146.149994,146.729996,903800,146.729996
2015-11-12,151.929993,151.929993,147.139999,148.460007,1032900,148.460007
2015-11-11,153.160004,153.899994,150.119995,152.050003,1595800,152.050003
2015-11-10,149.119995,152.539993,147.509995,151.889999,1474800,151.889999
2015-11-09,149.759995,149.970001,146.740005,149.050003,1524700,149.050003
2015-11-06,143.00,152.869995,143.00,150.240005,4162700,150.240005
2015-11-05,133.529999,133.770004,130.830002,132.240005,1696500,132.240005
2015-11-04,134.50,134.929993,131.240005,132.820007,1562100,132.820007
2015-11-03,134.089996,136.50,132.529999,134.699997,1118100,134.699997
2015-11-02,135.949997,136.389999,133.350006,134.979996,789200,134.979996
2015-10-30,136.729996,138.089996,136.00,136.320007,1086500,136.320007
2015-10-29,140.080002,140.080002,133.960007,136.639999,1646300,136.639999
2015-10-28,140.800003,141.410004,138.740005,141.339996,499000,141.339996
2015-10-27,141.110001,142.929993,139.770004,140.610001,624100,140.610001
2015-10-26,141.460007,143.50,140.50,141.460007,1054900,141.460007
2015-10-23,143.059998,143.070007,139.520004,141.580002,669300,141.580002
2015-10-22,139.339996,143.490005,139.039993,142.470001,1089700,142.470001
2015-10-21,140.600006,141.710007,137.800003,138.889999,1133600,138.889999
2015-10-20,134.00,142.490005,133.339996,139.610001,2637500,139.610001
2015-10-19,132.050003,132.889999,131.380005,132.699997,625000,132.699997
2015-10-16,131.809998,133.639999,131.059998,132.25,839500,132.25
2015-10-15,129.220001,130.869995,127.339996,130.559998,1005600,130.559998
2015-10-14,130.809998,131.610001,127.360001,128.570007,1359600,128.570007
2015-10-13,137.380005,137.600006,131.350006,131.679993,1110500,131.679993
2015-10-12,137.50,138.630005,136.929993,137.460007,486900,137.460007
2015-10-09,135.910004,138.729996,134.820007,137.429993,917700,137.429993
2015-10-08,134.520004,136.380005,133.330002,136.160004,805100,136.160004
2015-10-07,134.520004,135.869995,133.119995,134.660004,911800,134.660004
2015-10-06,135.149994,136.00,133.570007,133.899994,740700,133.899994
2015-10-05,134.960007,137.399994,134.100006,135.119995,1332100,135.119995
2015-10-02,132.850006,134.020004,131.00,133.929993,1056800,133.929993
2015-10-01,134.440002,135.300003,132.059998,134.199997,961600,134.199997
2015-09-30,136.00,137.880005,134.199997,135.139999,1059700,135.139999
2015-09-29,134.330002,135.220001,133.289993,134.550003,1119400,134.550003
2015-09-28,136.179993,137.139999,133.00,134.080002,1143600,134.080002
2015-09-25,138.550003,138.979996,135.449997,136.229996,848200,136.229996
2015-09-24,136.100006,138.190002,134.25,137.139999,1474400,137.139999
2015-09-23,134.350006,135.240005,133.050003,134.360001,696900,134.360001
2015-09-22,133.690002,135.789993,132.809998,134.539993,1323700,134.539993
2015-09-21,134.880005,135.809998,134.229996,135.240005,946400,135.240005
2015-09-18,133.020004,136.630005,133.020004,134.600006,4127800,134.600006
2015-09-17,134.380005,136.770004,133.899994,134.699997,924100,134.699997
2015-09-16,130.449997,134.440002,130.25,133.929993,1164600,133.929993
2015-09-15,131.380005,133.529999,130.50,132.479996,796900,132.479996
2015-09-14,133.399994,133.50,130.729996,132.160004,1081400,132.160004
2015-09-11,132.25,133.460007,131.600006,132.770004,754800,132.770004
2015-09-10,131.919998,133.880005,131.179993,132.240005,792100,132.240005
2015-09-09,138.199997,138.550003,126.510002,132.399994,1210900,132.399994
2015-09-08,136.089996,138.160004,134.580002,136.899994,1685900,136.899994
2015-09-04,133.679993,135.899994,132.710007,134.240005,1160800,134.240005
2015-09-03,136.860001,137.580002,134.990005,135.639999,1062900,135.639999
2015-09-02,136.380005,136.699997,134.130005,136.399994,1420700,136.399994
2015-09-01,135.789993,137.360001,134.449997,135.029999,1190200,135.029999
2015-08-31,140.059998,141.779999,136.50,138.460007,1654200,138.460007
2015-08-28,138.610001,140.509995,137.869995,140.429993,1202400,140.429993
2015-08-27,139.619995,141.860001,137.350006,140.009995,1231900,140.009995
2015-08-26,136.869995,138.710007,134.309998,138.589996,1545800,138.589996
2015-08-25,138.240005,138.929993,134.360001,134.360001,1841100,134.360001
2015-08-24,128.520004,137.830002,115.620003,135.460007,2578800,135.460007
2015-08-21,142.559998,143.199997,138.899994,138.910004,1687800,138.910004
2015-08-20,145.639999,147.270004,144.600006,144.600006,1020500,144.600006
2015-08-19,149.529999,150.660004,147.220001,147.25,1249600,147.25
2015-08-18,151.649994,151.699997,149.979996,150.520004,796300,150.520004
2015-08-17,149.559998,150.970001,149.399994,150.710007,802900,150.710007
2015-08-14,148.360001,150.669998,147.979996,150.399994,1167500,150.399994
2015-08-13,143.839996,150.509995,143.770004,149.059998,1994300,149.059998
2015-08-12,140.979996,142.330002,138.600006,142.149994,1247000,142.149994
2015-08-11,143.259995,144.720001,141.630005,142.800003,1213300,142.800003
2015-08-10,150.369995,150.679993,144.169998,144.729996,1810200,144.729996
2015-08-07,149.089996,152.740005,146.020004,149.169998,2615000,149.169998
2015-08-06,153.899994,153.899994,144.289993,144.869995,3427800,144.869995
2015-08-05,152.00,154.550003,151.509995,154.00,1691000,154.00
2015-08-04,155.520004,155.520004,151.600006,151.720001,1798300,151.720001
2015-08-03,154.610001,155.830002,153.550003,155.809998,1179600,155.809998
2015-07-31,153.169998,154.070007,152.429993,153.550003,789200,153.550003
2015-07-30,150.979996,152.529999,149.600006,152.179993,644800,152.179993
2015-07-29,149.940002,151.869995,149.220001,151.320007,831600,151.320007
2015-07-28,148.919998,150.580002,147.479996,149.990005,857000,149.990005
2015-07-27,148.740005,149.550003,147.229996,148.759995,977700,148.759995
2015-07-24,147.440002,149.270004,147.320007,148.889999,882200,148.889999
2015-07-23,147.559998,149.759995,146.539993,148.529999,897300,148.529999
2015-07-22,144.860001,148.899994,144.580002,147.850006,1136600,147.850006
2015-07-21,142.860001,144.419998,142.080002,144.050003,1013600,144.050003
2015-07-20,140.139999,143.160004,140.139999,142.75,727200,142.75