2015-12-16,57.720001,59.150002,57.400002,58.950001,6758600,58.950001
2015-12-15,57.779999,58.240002,57.16,57.34,6015200,57.34
2015-12-14,56.389999,57.59,56.169998,57.52,6393600,57.52
2015-12-11,56.720001,57.09,56.240002,56.459999,5166900,56.459999
2015-12-10,57.48,57.66,56.830002,57.18,4694700,57.18
2015-12-09,58.02,58.470001,57.049999,57.330002,5427900,57.330002
2015-12-08,58.18,58.360001,57.759998,58.23,3196400,58.23
2015-12-07,58.59,58.91,58.07,58.27,4046100,58.27
2015-12-04,57.459999,58.57,57.43,58.509998,7449400,58.509998
2015-12-03,57.700001,58.00,56.860001,57.09,5064700,57.09
2015-12-02,57.889999,58.400002,57.75,57.84,5257900,57.84
2015-12-01,57.66,57.959999,57.27,57.889999,4791500,57.889999
2015-11-30,57.959999,58.50,57.50,57.599998,7117800,57.599998
2015-11-27,57.59,58.029999,57.50,57.75,1767900,57.75
2015-11-25,57.599998,57.73,57.16,57.50,2980100,57.50
2015-11-24,57.389999,57.830002,57.009998,57.57,3714300,57.57
2015-11-23,57.32,57.84,57.139999,57.619999,4521800,57.619999
2015-11-20,57.549999,58.380001,57.080002,57.130001,6329000,57.130001
2015-11-19,57.220001,58.029999,57.220001,57.459999,5583700,57.459999
2015-11-18,56.889999,57.150002,56.439999,57.060001,6322200,57.060001
2015-11-17,56.849998,57.099998,56.509998,56.68,3883400,56.68
2015-11-16,56.279999,56.919998,56.25,56.77,5152000,56.77
2015-11-13,56.759998,57.040001,56.259998,56.279999,4651700,56.279999
2015-11-12,57.150002,57.400002,56.59,56.759998,5254100,56.759998
2015-11-11,57.00,57.740002,57.00,57.209999,8123400,57.209999
2015-11-10,57.009998,57.290001,56.709999,56.790001,4866800,56.790001
2015-11-09,56.779999,57.380001,56.580002,57.080002,6247700,57.080002
2015-11-06,57.75,57.790001,56.349998,57.09,7996300,57.09
2015-11-05,58.400002,58.459999,57.77,58.049999,5382100,58.049999
2015-11-04,57.889999,58.23,57.77,58.029999,9298800,58.029999
2015-11-03,59.939999,60.00,57.73,57.849998,12133800,57.849998
2015-11-02,60.82,60.889999,59.990002,60.50,5921200,60.50
2015-10-30,61.200001,61.299999,60.450001,60.470001,6882500,60.470001
2015-10-29,61.459999,61.740002,60.529999,61.529999,6018100,61.529999
2015-10-28,61.330002,61.439999,60.57,61.439999,5143900,61.439999
2015-10-27,61.060001,61.279999,60.610001,61.060001,4500900,61.060001
2015-10-26,61.360001,61.580002,60.939999,61.400002,5101700,61.400002
2015-10-23,61.509998,61.580002,60.220001,61.049999,8025000,61.049999
2015-10-22,60.099998,61.57,60.09,61.400002,7372700,61.400002
2015-10-21,59.740002,60.330002,59.369999,59.84,5204700,59.84
2015-10-20,59.669998,59.939999,59.369999,59.740002,5432000,59.740002
2015-10-19,58.669998,59.720001,58.419998,59.66,6403700,59.66
2015-10-16,58.27,59.119999,58.049999,58.720001,9053400,58.720001
2015-10-15,57.970001,58.32,57.720001,57.869999,7314500,57.869999
2015-10-14,57.43,57.93,57.419998,57.549999,6087300,57.549999
2015-10-13,57.549999,57.77,57.16,57.619999,6167600,57.619999
2015-10-12,56.849998,57.669998,56.810001,57.459999,6053200,57.459999
2015-10-09,56.599998,57.50,56.50,56.810001,8383100,56.810001
2015-10-08,55.869999,56.380001,55.389999,56.369999,5587600,56.369999
2015-10-07,55.41,55.900002,55.34,55.900002,5922100,55.900002
2015-10-06,55.59,55.959999,55.25,55.41,5639300,55.41
2015-10-05,55.240002,55.75,55.009998,55.73,8563500,55.73
2015-10-02,53.82,54.869999,53.68,54.860001,5000000,54.860001
2015-10-01,54.459999,54.540001,53.75,54.220001,7114600,54.220001
2015-09-30,54.82,54.939999,54.02,54.400002,7766600,54.400002
2015-09-29,54.639999,54.82,53.869999,54.23,7335900,54.23
2015-09-28,54.34,55.50,54.299999,54.630001,7882700,54.630001
2015-09-25,54.77,55.360001,54.59,54.790001,5656800,54.790001
2015-09-24,54.139999,54.790001,54.040001,54.610001,5602300,54.610001
2015-09-23,54.07,54.490002,54.00,54.400002,3677100,54.400002
2015-09-22,54.189999,54.549999,53.889999,54.200001,4949900,54.200001
2015-09-21,54.490002,54.959999,54.279999,54.790001,4085100,54.790001
2015-09-18,54.00,55.240002,53.880001,54.049999,12866900,54.049999
2015-09-17,55.220001,55.360001,54.400002,54.689999,9801600,54.689999
2015-09-16,55.50,55.66,54.82,55.360001,10713500,55.360001
2015-09-15,52.689999,54.200001,52.27,54.110001,10665600,54.110001
2015-09-14,52.720001,52.799999,52.150002,52.450001,5568700,52.450001
2015-09-11,52.689999,53.119999,52.200001,52.59,5373400,52.59
2015-09-10,52.98,53.48,52.82,53.27,7974700,52.705
2015-09-09,53.98,54.150002,52.860001,53.02,6454000,52.457652
2015-09-08,52.959999,53.50,52.650002,53.490002,5792800,52.922668
2015-09-04,53.00,53.080002,52.139999,52.380001,7089600,51.824441
2015-09-03,53.400002,53.93,53.299999,53.59,4961600,53.021606
2015-09-02,52.57,53.200001,52.459999,53.130001,6616100,52.566486
2015-09-01,52.720001,52.720001,51.700001,52.029999,8717100,51.47815
2015-08-31,53.970001,54.119999,53.50,53.580002,5035700,53.011714
2015-08-28,53.700001,54.299999,53.639999,54.169998,7450100,53.595452
2015-08-27,53.66,53.98,52.68,53.709999,7654000,53.140332
2015-08-26,53.00,53.299999,51.599998,53.209999,10016200,52.645635
2015-08-25,53.509998,53.830002,51.82,51.82,9402700,51.270379
2015-08-24,48.709999,52.139999,47.41,52.139999,17160800,51.586984
2015-08-21,54.220001,54.990002,53.900002,53.939999,10551300,53.367892
2015-08-20,54.34,55.34,54.200001,54.73,6020800,54.149514
2015-08-19,55.00,55.279999,54.169998,54.810001,8330000,54.228667
2015-08-18,55.580002,55.68,55.099998,55.200001,4944400,54.61453
2015-08-17,55.50,55.77,55.099998,55.669998,3382600,55.079543
2015-08-14,55.57,55.790001,55.27,55.759998,4105000,55.168588
2015-08-13,55.509998,55.669998,55.119999,55.57,6094100,54.980605
2015-08-12,55.310001,55.740002,55.200001,55.740002,5880900,55.148804
2015-08-11,55.43,56.389999,55.240002,55.73,8357800,55.138908
2015-08-10,55.700001,55.990002,55.509998,55.709999,4658400,55.119119
2015-08-07,55.50,55.66,55.07,55.490002,5507700,54.901455
2015-08-06,55.650002,55.799999,55.48,55.57,5965500,54.980605
2015-08-05,55.130001,55.630001,54.950001,55.470001,6200800,54.881667
2015-08-04,54.549999,55.080002,54.50,54.919998,4901600,54.337498
2015-08-03,54.43,54.68,54.099998,54.66,4055000,54.080257
2015-07-31,54.549999,54.59,54.259998,54.380001,4843900,53.803228
2015-07-30,53.73,54.360001,53.50,54.200001,7259100,53.625137
2015-07-29,55.509998,55.720001,54.049999,54.400002,9425600,53.823016
2015-07-28,54.099998,55.299999,54.00,55.25,9298900,54.663999
2015-07-27,53.529999,54.130001,53.509998,53.950001,5979900,53.377788
2015-07-24,53.77,53.970001,53.610001,53.790001,5441200,53.219485
2015-07-23,53.950001,53.970001,53.48,53.82,4768800,53.249166
2015-07-22,53.66,54.02,53.650002,53.959999,7980000,53.387681
2015-07-21,53.669998,53.700001,53.43,53.549999,5658400,52.982029
2015-07-20,53.240002,53.84,53.23,53.709999,6382900,53.140332