2015-12-16,95.82,97.160004,95.449997,97.089996,3418000,97.089996
2015-12-15,94.589996,95.769997,93.809998,95.620003,4223000,95.620003
2015-12-14,93.529999,94.269997,92.910004,93.75,5146100,93.75
2015-12-11,94.989998,95.260002,93.43,93.629997,6286300,93.629997
2015-12-10,96.610001,97.32,95.830002,96.089996,2754500,96.089996
2015-12-09,97.260002,98.480003,95.739998,96.610001,3698000,96.610001
2015-12-08,96.669998,98.360001,96.080002,96.760002,3738000,96.760002
2015-12-07,97.470001,97.889999,96.220001,97.669998,3140200,97.669998
2015-12-04,96.68,98.459999,96.660004,97.849998,3202100,97.849998
2015-12-03,97.18,97.650002,95.699997,96.550003,4669700,96.550003
2015-12-02,96.589996,98.480003,96.309998,97.110001,3365800,97.110001
2015-12-01,96.129997,97.440002,95.50,97.309998,4474600,97.309998
2015-11-30,95.349998,95.839996,94.879997,95.160004,3336900,95.160004
2015-11-27,95.800003,96.160004,94.849998,95.43,1085800,95.43
2015-11-25,95.419998,96.419998,95.360001,95.599998,3412600,95.599998
2015-11-24,95.010002,95.93,94.580002,95.559998,2777100,95.559998
2015-11-23,96.190002,96.989998,95.239998,95.269997,2458800,95.269997
2015-11-20,96.519997,96.68,95.239998,96.089996,3533400,96.089996
2015-11-19,96.169998,97.110001,95.639999,95.830002,2589400,95.830002
2015-11-18,93.82,96.300003,93.099998,96.129997,3223300,96.129997
2015-11-17,95.75,96.709999,94.110001,94.410004,3990300,94.410004
2015-11-16,94.019997,95.610001,93.580002,95.339996,3823400,95.339996
2015-11-13,92.720001,94.489998,92.559998,93.779999,3264400,93.779999
2015-11-12,92.540001,93.410004,92.400002,92.879997,2795300,92.879997
2015-11-11,93.07,93.900002,92.610001,93.529999,2288200,93.529999
2015-11-10,93.790001,94.300003,92.519997,92.860001,4182000,92.860001
2015-11-09,93.269997,94.470001,92.68,94.269997,4691900,94.269997
2015-11-06,93.339996,93.870003,92.769997,93.489998,6733600,93.489998
2015-11-05,94.900002,95.209999,93.849998,93.959999,3266000,93.959999
2015-11-04,95.980003,96.870003,94.790001,94.900002,5310100,94.900002
2015-11-03,93.00,95.860001,92.690002,95.650002,5367100,95.650002
2015-11-02,93.230003,93.599998,92.980003,93.150002,3908100,93.150002
2015-10-30,93.690002,94.07,92.980003,93.220001,3804500,93.220001
2015-10-29,92.419998,94.00,92.050003,93.730003,3105700,93.730003
2015-10-28,91.330002,92.610001,91.330002,92.510002,2814800,92.510002
2015-10-27,91.25,91.620003,90.690002,91.410004,2720000,91.410004
2015-10-26,91.199997,91.849998,90.760002,91.339996,2693000,91.339996
2015-10-23,91.900002,92.209999,90.43,91.360001,3559100,91.360001
2015-10-22,92.480003,92.93,91.080002,91.279999,4977600,91.279999
2015-10-21,91.160004,92.309998,91.050003,91.620003,3008200,91.620003
2015-10-20,90.849998,92.160004,90.779999,91.199997,2480400,91.199997
2015-10-19,89.610001,91.00,88.949997,90.830002,4091500,90.830002
2015-10-16,91.019997,91.150002,89.410004,89.970001,4423400,89.970001
2015-10-15,90.669998,90.980003,89.150002,90.690002,3239700,90.690002
2015-10-14,89.230003,91.199997,89.029999,90.239998,3436100,90.239998
2015-10-13,88.900002,89.75,88.370003,89.18,3188100,89.18
2015-10-12,90.300003,90.300003,88.900002,89.540001,3581000,89.540001
2015-10-09,89.489998,90.830002,88.82,89.699997,4966000,89.699997
2015-10-08,87.760002,90.169998,87.760002,89.25,4310900,89.25
2015-10-07,83.910004,89.800003,83.809998,88.059998,9063100,88.059998
2015-10-06,87.059998,88.860001,85.650002,88.080002,4553800,87.54
2015-10-05,87.50,88.669998,87.43,87.709999,3290800,87.172265
2015-10-02,84.610001,87.019997,84.110001,87.010002,3014400,86.47656
2015-10-01,85.360001,85.839996,84.68,85.779999,3588600,85.254098
2015-09-30,84.550003,85.599998,84.349998,85.339996,3863900,84.816793
2015-09-29,83.480003,84.290001,82.970001,83.599998,3908600,83.087462
2015-09-28,82.809998,83.559998,82.809998,83.110001,5255600,82.600469
2015-09-25,84.629997,84.739998,83.760002,84.510002,3449800,83.991887
2015-09-24,83.830002,84.269997,81.220001,83.949997,5608500,83.435315
2015-09-23,86.419998,86.790001,84.300003,84.379997,3247100,83.862679
2015-09-22,87.129997,87.129997,85.559998,86.50,3154500,85.969685
2015-09-21,88.459999,88.709999,87.449997,87.669998,2975100,87.13251
2015-09-18,89.089996,89.220001,87.68,88.099998,5253500,87.559874
2015-09-17,90.43,91.25,89.900002,90.099998,5276400,89.547612
2015-09-16,90.489998,90.779999,89.419998,90.389999,4945400,89.835835
2015-09-15,90.550003,91.110001,90.040001,90.879997,3526600,90.322829
2015-09-14,92.669998,92.699997,90.040001,90.139999,5180600,89.587368
2015-09-11,92.830002,93.209999,92.080002,92.489998,3889600,91.922959
2015-09-10,93.07,94.300003,93.00,93.760002,3255700,93.185177
2015-09-09,94.480003,95.68,92.550003,93.239998,6054400,92.668361
2015-09-08,95.82,96.290001,94.50,95.25,4066400,94.66604
2015-09-04,95.599998,96.540001,95.099998,95.75,2252900,95.162975
2015-09-03,97.379997,97.620003,96.769997,96.970001,2619900,96.375496
2015-09-02,96.739998,97.239998,95.489998,97.209999,2530600,96.614023
2015-09-01,95.220001,96.889999,94.919998,95.800003,4961800,95.212671
2015-08-31,98.080002,98.349998,97.25,97.650002,4238700,97.051327
2015-08-28,98.550003,98.580002,97.669998,98.379997,4888500,97.776848
2015-08-27,98.50,99.480003,97.120003,98.400002,7450400,97.796729
2015-08-26,91.309998,97.639999,89.699997,97.080002,12499700,96.484822
2015-08-25,96.739998,96.739998,89.339996,89.419998,6729200,88.871781
2015-08-24,92.580002,94.32,91.220001,93.550003,7905300,92.976465
2015-08-21,99.900002,100.00,97.349998,97.470001,4578100,96.872431
2015-08-20,101.93,102.089996,100.099998,100.150002,3353500,99.536
2015-08-19,102.370003,103.330002,101.559998,102.349998,3546600,101.72251
2015-08-18,103.339996,103.489998,102.699997,102.809998,1783600,102.179689
2015-08-17,103.099998,103.82,102.82,103.449997,1959900,102.815764
2015-08-14,102.910004,103.550003,102.849998,103.169998,2791300,102.537482
2015-08-13,103.169998,103.839996,102.57,103.32,1962200,102.686564
2015-08-12,101.790001,103.269997,100.959999,103.25,2818500,102.616993
2015-08-11,102.599998,102.650002,101.730003,102.529999,2141600,101.901406
2015-08-10,101.830002,103.449997,101.650002,103.190002,1747100,102.557364
2015-08-07,102.07,102.32,100.980003,101.25,1682600,100.629255
2015-08-06,102.360001,102.779999,101.879997,102.18,1566400,101.553554
2015-08-05,103.18,103.68,102.379997,102.760002,1885000,102.13
2015-08-04,102.010002,103.610001,101.809998,102.379997,2020000,101.752324
2015-08-03,101.690002,102.800003,101.669998,102.279999,3058000,101.652939
2015-07-31,103.330002,103.629997,101.730003,101.889999,2180900,101.265331
2015-07-30,102.160004,103.209999,101.959999,103.019997,1944800,102.3884
2015-07-29,101.690002,102.650002,101.370003,102.00,2275600,101.374657
2015-07-28,101.650002,101.779999,99.980003,101.620003,4864700,100.996989
2015-07-27,102.629997,102.639999,101.209999,101.459999,3382800,100.837967
2015-07-24,103.889999,104.050003,102.480003,102.860001,2945200,102.229385
2015-07-23,105.230003,105.330002,103.870003,104.050003,2187800,103.412092
2015-07-22,106.290001,106.650002,105.00,105.349998,2350600,104.704117
2015-07-21,107.089996,107.440002,106.110001,106.370003,2336400,105.717868
2015-07-20,106.93,107.239998,106.279999,107.00,2049700,106.344003