2015-12-16,29.68,30.129999,28.940001,30.09,4496700,30.09
2015-12-15,28.84,29.620001,28.84,29.469999,4209900,29.469999
2015-12-14,29.360001,29.49,28.27,28.700001,4997500,28.700001
2015-12-11,29.860001,29.940001,29.280001,29.370001,4174700,29.370001
2015-12-10,30.82,31.450001,30.02,30.07,4686100,30.07
2015-12-09,30.23,30.99,30.190001,30.84,5394200,30.84
2015-12-08,31.82,31.93,30.00,30.02,8154000,30.02
2015-12-07,30.719999,32.259998,30.370001,32.049999,9705100,32.049999
2015-12-04,31.00,31.049999,30.09,30.879999,6470700,30.879999
2015-12-03,30.940001,31.15,30.540001,31.030001,5467100,31.030001
2015-12-02,31.809999,31.85,30.43,30.709999,4906300,30.709999
2015-12-01,31.50,32.25,31.280001,31.82,5679100,31.82
2015-11-30,31.08,31.82,30.610001,31.639999,5514100,31.364999
2015-11-27,31.469999,31.52,30.82,31.049999,1899100,30.780127
2015-11-25,31.360001,31.82,31.08,31.459999,2881800,31.186563
2015-11-24,30.91,31.780001,30.67,31.530001,4340600,31.255956
2015-11-23,31.17,31.50,30.940001,30.959999,4505000,30.690909
2015-11-20,32.450001,32.66,31.09,31.26,4043500,30.988302
2015-11-19,32.049999,32.950001,32.00,32.310001,3625200,32.029177
2015-11-18,31.709999,32.130001,31.530001,31.950001,4567100,31.672306
2015-11-17,32.869999,32.959999,31.51,31.73,4526200,31.454217
2015-11-16,32.259998,32.970001,32.130001,32.68,3435500,32.39596
2015-11-13,31.690001,32.509998,31.530001,32.209999,4389300,31.930044
2015-11-12,31.459999,32.139999,31.26,31.66,3279600,31.384825
2015-11-11,31.85,31.940001,31.07,31.85,3597600,31.573175
2015-11-10,32.610001,32.740002,31.34,31.76,4424100,31.483957
2015-11-09,32.50,32.799999,31.700001,32.639999,4515500,32.356307
2015-11-06,32.669998,32.91,32.150002,32.50,4354400,32.217525
2015-11-05,33.450001,33.889999,32.48,32.669998,6326900,32.386045
2015-11-04,36.52,36.529999,33.189999,33.380001,8162100,33.089877
2015-11-03,33.540001,36.950001,33.240002,36.509998,7134600,36.19267
2015-11-02,33.860001,34.68,33.73,34.48,3900000,34.180315
2015-10-30,34.57,34.75,33.509998,33.790001,4941600,33.496313
2015-10-29,34.209999,34.919998,33.75,34.66,3931300,34.358751
2015-10-28,34.299999,34.919998,34.18,34.560001,5443100,34.259621
2015-10-27,35.099998,35.150002,33.759998,34.27,4006100,33.972141
2015-10-26,35.610001,36.049999,35.330002,35.389999,3432000,35.082405
2015-10-23,35.439999,35.700001,34.900002,35.619999,3719200,35.310406
2015-10-22,34.630001,35.240002,34.470001,35.16,3592200,34.854405
2015-10-21,34.790001,34.900002,34.049999,34.41,3772600,34.110924
2015-10-20,34.040001,34.880001,34.00,34.759998,4201100,34.45788
2015-10-19,34.599998,34.799999,33.950001,34.16,3185800,33.863097
2015-10-16,35.099998,35.189999,34.720001,34.93,5217200,34.626404
2015-10-15,35.32,35.470001,34.650002,34.93,5715900,34.626404
2015-10-14,33.439999,35.549999,33.419998,35.330002,7784900,35.022929
2015-10-13,32.790001,33.889999,32.759998,33.439999,5334100,33.149353
2015-10-12,33.950001,33.98,32.759998,33.080002,2928700,32.792485
2015-10-09,34.049999,34.259998,33.689999,33.93,4566200,33.635096
2015-10-08,33.330002,34.07,33.279999,33.889999,4452700,33.595443
2015-10-07,32.130001,33.59,32.02,33.490002,7142100,33.198922
2015-10-06,32.060001,32.48,31.950001,32.080002,5879500,31.801177
2015-10-05,31.48,32.169998,31.17,32.060001,5896300,31.78135
2015-10-02,29.809999,30.99,29.610001,30.99,8769600,30.720649
2015-10-01,31.08,31.25,29.92,30.139999,5355000,29.878036
2015-09-30,31.370001,31.60,30.530001,31.110001,4274900,30.839607
2015-09-29,31.129999,31.51,30.799999,31.040001,3769400,30.770215
2015-09-28,31.950001,31.959999,30.90,30.959999,4183700,30.690909
2015-09-25,32.650002,32.799999,31.940001,32.139999,4812200,31.860653
2015-09-24,31.76,32.580002,31.120001,32.450001,8785900,32.16796
2015-09-23,34.00,34.00,31.85,31.98,6815100,31.702044
2015-09-22,35.240002,35.389999,33.349998,33.880001,9122400,33.585531
2015-09-21,37.279999,37.279999,36.130001,36.439999,5172700,36.123279
2015-09-18,38.380001,38.380001,36.919998,36.98,10296600,36.658586
2015-09-17,39.27,39.50,38.73,38.830002,3170100,38.492509
2015-09-16,39.25,39.669998,39.16,39.41,2504500,39.067466
2015-09-15,38.810001,39.369999,38.560001,39.290001,2818000,38.94851
2015-09-14,39.189999,39.27,38.610001,38.68,2130900,38.343811
2015-09-11,39.00,39.27,38.75,39.139999,3215900,38.799812
2015-09-10,39.41,39.869999,39.169998,39.450001,3096000,39.107119
2015-09-09,40.389999,40.810001,39.52,39.580002,3099600,39.23599
2015-09-08,40.639999,41.349998,39.599998,40.299999,4342800,39.94973
2015-09-04,39.720001,39.919998,39.490002,39.669998,2964200,39.325204
2015-09-03,39.799999,40.630001,39.689999,40.369999,2696800,40.019121
2015-09-02,39.639999,39.82,39.080002,39.689999,2621600,39.345031
2015-09-01,39.57,40.029999,38.919998,39.209999,3638900,38.869203
2015-08-31,40.830002,40.959999,40.299999,40.830002,2815700,40.202517
2015-08-28,40.349998,41.049999,40.110001,41.040001,3580600,40.409289
2015-08-27,39.509998,40.709999,39.50,40.549999,4932700,39.926818
2015-08-26,38.32,38.990002,37.98,38.919998,5583500,38.321867
2015-08-25,39.25,39.439999,37.50,37.57,5670200,36.992616
2015-08-24,38.00,39.650002,37.200001,38.240002,8320200,37.652321
2015-08-21,41.23,41.330002,39.93,39.939999,5549400,39.326192
2015-08-20,42.259998,42.490002,41.48,41.48,3562800,40.842526
2015-08-19,43.299999,43.369999,42.41,42.57,3635900,41.915774
2015-08-18,43.57,43.790001,43.299999,43.59,2735800,42.920099
2015-08-17,43.34,43.849998,43.23,43.82,2819300,43.146564
2015-08-14,43.48,43.59,43.060001,43.279999,2716600,42.614862
2015-08-13,43.459999,43.599998,43.049999,43.34,2370100,42.673941
2015-08-12,43.529999,43.880001,43.150002,43.549999,3516700,42.880713
2015-08-11,44.50,44.650002,43.810001,43.849998,3796900,43.176102
2015-08-10,44.610001,45.360001,44.400002,45.279999,2436700,44.584126
2015-08-07,44.580002,44.950001,44.349998,44.400002,2891300,43.717652
2015-08-06,44.77,44.849998,44.169998,44.639999,3342800,43.953962
2015-08-05,44.459999,44.880001,44.23,44.580002,3922800,43.894886
2015-08-04,42.889999,44.119999,42.279999,43.98,4848600,43.304105
2015-08-03,42.950001,43.049999,42.52,42.759998,4786700,42.102853
2015-07-31,43.040001,43.299999,42.91,42.939999,3610900,42.280087
2015-07-30,42.82,43.27,42.73,42.830002,3984000,42.171781
2015-07-29,42.849998,42.93,42.549999,42.720001,5032700,42.063471
2015-07-28,42.360001,42.77,42.00,42.759998,3971400,42.102853
2015-07-27,42.490002,42.689999,42.139999,42.290001,5932800,41.640079
2015-07-24,43.779999,43.779999,42.540001,42.889999,6087900,42.230856
2015-07-23,44.209999,44.43,43.82,43.959999,3426800,43.284412
2015-07-22,44.549999,44.709999,44.029999,44.200001,5401700,43.520725
2015-07-21,45.029999,45.25,44.82,44.849998,2499000,44.160734
2015-07-20,45.189999,45.299999,44.869999,44.950001,3442300,44.259199