2015-12-16,33.169998,33.77,32.68,33.610001,13569200,33.610001
2015-12-15,32.639999,33.080002,32.560001,32.84,13666800,32.84
2015-12-14,32.130001,32.52,31.389999,31.879999,14756600,31.879999
2015-12-11,32.810001,33.049999,31.93,32.080002,16125700,32.080002
2015-12-10,33.50,33.900002,33.279999,33.419998,10667200,33.419998
2015-12-09,33.799999,34.310001,33.09,33.369999,12884800,33.369999
2015-12-08,34.23,34.349998,33.84,34.060001,10476100,34.060001
2015-12-07,35.279999,35.310001,34.419998,34.68,8360700,34.68
2015-12-04,34.66,35.580002,34.41,35.32,13007500,35.32
2015-12-03,35.049999,35.220001,34.290001,34.450001,14960700,34.450001
2015-12-02,35.360001,35.400002,34.720001,34.889999,10992600,34.889999
2015-12-01,34.599998,35.349998,34.599998,35.27,18588500,35.27
2015-11-30,33.810001,34.529999,33.700001,34.299999,17025000,34.299999
2015-11-27,33.630001,33.919998,33.48,33.779999,3014600,33.779999
2015-11-25,33.619999,33.75,33.439999,33.610001,6210000,33.610001
2015-11-24,33.27,33.779999,33.18,33.59,7954500,33.59
2015-11-23,33.919998,34.139999,33.57,33.639999,7963000,33.639999
2015-11-20,34.330002,34.529999,33.779999,33.91,8624100,33.91
2015-11-19,34.279999,34.439999,33.950001,34.169998,8947800,34.169998
2015-11-18,33.689999,34.310001,33.610001,34.25,10396200,34.25
2015-11-17,34.439999,34.439999,33.470001,33.59,10853300,33.59
2015-11-16,33.740002,34.139999,33.220001,34.049999,11227400,34.049999
2015-11-13,34.040001,34.369999,33.779999,33.93,8728000,33.93
2015-11-12,34.740002,34.77,34.18,34.23,10403400,34.23
2015-11-11,35.380001,35.540001,34.950001,35.02,7506000,35.02
2015-11-10,35.00,35.32,34.73,35.240002,7335600,35.240002
2015-11-09,35.52,35.740002,34.84,35.110001,10976800,35.110001
2015-11-06,34.939999,35.610001,34.849998,35.41,19355200,35.41
2015-11-05,33.529999,34.049999,33.41,33.880001,12192300,33.880001
2015-11-04,33.400002,33.599998,33.240002,33.400002,9125400,33.400002
2015-11-03,33.27,33.540001,33.080002,33.290001,11389800,33.290001
2015-11-02,33.099998,33.720001,33.02,33.48,9887900,33.48
2015-10-30,33.439999,33.57,32.93,32.970001,13581100,32.970001
2015-10-29,33.439999,33.880001,33.349998,33.540001,12759600,33.540001
2015-10-28,32.150002,33.630001,32.110001,33.439999,17285600,33.439999
2015-10-27,32.349998,32.369999,31.799999,32.23,13302400,32.08
2015-10-26,32.630001,32.82,32.32,32.549999,10952300,32.39851
2015-10-23,32.580002,32.990002,32.34,32.619999,14730700,32.468184
2015-10-22,31.700001,32.43,31.629999,32.349998,18753800,32.19944
2015-10-21,32.400002,32.41,31.360001,31.48,22175900,31.33349
2015-10-20,32.209999,32.400002,31.67,32.25,23590400,32.099907
2015-10-19,31.92,32.330002,31.60,32.32,39255600,32.169581
2015-10-16,33.84,34.080002,33.50,33.950001,13713800,33.791996
2015-10-15,32.709999,33.68,32.360001,33.610001,12920500,33.453578
2015-10-14,32.580002,33.099998,32.380001,32.540001,9877500,32.388558
2015-10-13,32.52,33.169998,32.509998,32.610001,10943700,32.458232
2015-10-12,32.75,32.849998,32.529999,32.799999,7034500,32.647346
2015-10-09,32.950001,33.259998,32.41,32.720001,11711000,32.567721
2015-10-08,33.080002,33.209999,32.50,32.990002,11407600,32.836465
2015-10-07,33.139999,33.330002,32.619999,32.93,13458400,32.776742
2015-10-06,32.07,32.43,31.940001,32.360001,8875100,32.209396
2015-10-05,31.74,32.48,31.709999,32.290001,11635700,32.139722
2015-10-02,30.40,31.469999,30.15,31.43,22822500,31.283724
2015-10-01,31.42,31.809999,31.02,31.50,13358700,31.353397
2015-09-30,31.540001,31.790001,31.280001,31.50,15024800,31.353397
2015-09-29,31.09,31.27,30.469999,31.01,13715900,30.865678
2015-09-28,31.879999,31.92,30.809999,31.09,15445400,30.945306
2015-09-25,32.549999,32.790001,32.060001,32.189999,13797800,32.040185
2015-09-24,31.950001,32.060001,31.379999,31.969999,16766500,31.821209
2015-09-23,32.389999,32.779999,32.110001,32.32,12264700,32.169581
2015-09-22,32.77,32.869999,32.099998,32.439999,13385500,32.289021
2015-09-21,33.349998,33.599998,33.029999,33.34,8950900,33.184834
2015-09-18,33.560001,33.599998,32.84,33.029999,19591300,32.876276
2015-09-17,34.59,34.900002,33.889999,34.049999,13617200,33.891529
2015-09-16,34.610001,34.779999,34.299999,34.619999,10540400,34.458876
2015-09-15,33.939999,34.759998,33.790001,34.580002,8776700,34.419065
2015-09-14,33.919998,34.110001,33.630001,33.810001,9102200,33.652648
2015-09-11,33.77,34.009998,33.48,33.990002,7800900,33.831811
2015-09-10,33.630001,34.139999,33.470001,33.869999,9692500,33.712366
2015-09-09,34.849998,35.049999,33.650002,33.75,10657200,33.592926
2015-09-08,33.900002,34.419998,33.84,34.27,13449200,34.110506
2015-09-04,33.32,33.540001,32.849998,33.189999,12774100,33.035531
2015-09-03,33.849998,34.490002,33.639999,33.799999,11670800,33.642692
2015-09-02,33.75,33.810001,33.16,33.790001,12151000,33.632741
2015-09-01,33.419998,33.77,32.810001,33.119999,14590100,32.965857
2015-08-31,34.09,34.970001,33.869999,34.450001,13393000,34.289669
2015-08-28,34.110001,34.189999,33.720001,34.049999,13192400,33.891529
2015-08-27,34.00,34.349998,33.549999,34.299999,21258600,34.140365
2015-08-26,32.75,33.50,32.130001,33.299999,25346400,33.145019
2015-08-25,33.799999,33.799999,31.73,31.76,19890100,31.612188
2015-08-24,31.620001,33.610001,30.40,32.259998,24624100,32.109859
2015-08-21,35.57,35.889999,34.16,34.209999,30185700,34.050784
2015-08-20,36.939999,37.00,36.169998,36.169998,14129400,36.001661
2015-08-19,37.610001,37.779999,37.240002,37.439999,8549700,37.265751
2015-08-18,38.07,38.209999,37.790001,37.82,8794400,37.643984
2015-08-17,37.73,38.18,37.549999,38.139999,5109200,37.962494
2015-08-14,37.689999,38.060001,37.610001,38.049999,5029500,37.872913
2015-08-13,37.709999,37.950001,37.470001,37.75,6554200,37.57431
2015-08-12,37.57,37.639999,36.57,37.57,13981400,37.395147
2015-08-11,38.48,38.540001,37.73,37.919998,11188900,37.743517
2015-08-10,38.799999,39.16,38.799999,39.080002,5585000,38.898122
2015-08-07,38.950001,39.18,38.259998,38.580002,8329500,38.400449
2015-08-06,39.040001,39.18,38.66,38.93,7573500,38.748818
2015-08-05,39.290001,39.349998,38.799999,39.00,4981000,38.818492
2015-08-04,38.849998,39.18,38.740002,38.919998,6365800,38.738863
2015-08-03,38.959999,38.970001,38.419998,38.759998,7078100,38.579607
2015-07-31,39.279999,39.349998,38.790001,38.84,7347600,38.659237
2015-07-30,39.150002,39.400002,38.849998,39.299999,5512100,39.117095
2015-07-29,39.02,39.450001,38.919998,39.290001,9677800,39.107143
2015-07-28,39.599998,39.720001,39.029999,39.25,9201100,38.918027
2015-07-27,39.259998,39.380001,38.869999,39.25,11948000,38.918027
2015-07-24,40.110001,40.119999,39.240002,39.599998,8370100,39.265066
2015-07-23,40.48,40.740002,39.810001,39.939999,10281600,39.60219
2015-07-22,40.169998,40.619999,40.080002,40.540001,9435900,40.197118
2015-07-21,39.709999,40.32,39.709999,40.080002,11773400,39.741009
2015-07-20,40.900002,41.040001,39.900002,40.040001,15141800,39.701347