2015-12-16,12.42,12.95,12.29,12.77,7809300,12.77
2015-12-15,12.25,12.525,12.23,12.355,3796900,12.355
2015-12-14,12.36,12.56,12.01,12.16,4366100,12.16
2015-12-11,12.32,12.44,12.14,12.35,5466600,12.35
2015-12-10,11.75,12.52,11.72,12.38,4387800,12.38
2015-12-09,11.69,12.14,11.66,11.74,3540200,11.74
2015-12-08,11.83,11.925,11.59,11.72,3097300,11.72
2015-12-07,12.00,12.14,11.74,11.92,3763300,11.92
2015-12-04,11.76,12.15,11.76,12.04,3626300,12.04
2015-12-03,12.03,12.095,11.65,11.74,4800000,11.74
2015-12-02,12.04,12.20,11.87,11.98,5222300,11.98
2015-12-01,11.94,12.26,11.80,12.25,4723900,12.09
2015-11-30,11.90,11.93,11.52,11.91,5966600,11.754441
2015-11-27,11.78,11.82,11.61,11.77,676000,11.61627
2015-11-25,11.85,11.86,11.72,11.73,1470600,11.576791
2015-11-24,11.80,12.02,11.65,11.87,4027500,11.714963
2015-11-23,11.84,12.16,11.74,11.90,5254100,11.744571
2015-11-20,11.76,11.90,11.62,11.85,7120200,11.695225
2015-11-19,12.06,12.17,11.68,11.70,6968700,11.547183
2015-11-18,11.93,12.06,11.78,12.04,2368600,11.882743
2015-11-17,12.03,12.07,11.81,11.89,2199300,11.734702
2015-11-16,11.99,12.16,11.77,11.98,3678000,11.823526
2015-11-13,12.44,12.44,11.91,12.02,3754300,11.863005
2015-11-12,12.41,12.545,12.14,12.24,4548200,12.08013
2015-11-11,12.73,12.79,12.40,12.51,2600100,12.346604
2015-11-10,12.93,13.00,12.47,12.72,3285200,12.553861
2015-11-09,13.28,13.37,12.81,12.95,2205200,12.780857
2015-11-06,13.32,13.40,13.075,13.26,2480800,13.086808
2015-11-05,13.41,13.532,12.97,13.23,3037900,13.0572
2015-11-04,13.47,13.925,13.355,13.41,3981900,13.234849
2015-11-03,13.42,13.60,12.51,13.40,4316700,13.224979
2015-11-02,13.23,13.51,13.21,13.48,2363500,13.303934
2015-10-30,13.28,13.34,13.17,13.19,2088400,13.017722
2015-10-29,13.71,13.83,13.17,13.24,3052200,13.067069
2015-10-28,13.43,13.83,13.26,13.80,3507400,13.619755
2015-10-27,13.39,13.45,13.10,13.41,4673500,13.234849
2015-10-26,13.56,13.585,13.16,13.50,3931400,13.323673
2015-10-23,13.09,13.77,13.00,13.55,6200600,13.373021
2015-10-22,12.99,13.17,12.71,12.96,7368000,12.790727
2015-10-21,12.82,13.13,12.65,12.89,5366900,12.721641
2015-10-20,12.32,12.735,12.281,12.66,5913700,12.494645
2015-10-19,12.17,12.28,11.98,12.27,6179600,12.109739
2015-10-16,12.09,12.33,11.95,12.26,3073700,12.09987
2015-10-15,11.81,12.065,11.77,12.03,3922100,11.872873
2015-10-14,11.92,12.06,11.70,11.77,5383800,11.61627
2015-10-13,11.84,11.965,11.78,11.87,5283000,11.714963
2015-10-12,11.98,12.06,11.80,11.88,3388500,11.724833
2015-10-09,12.14,12.37,11.90,11.96,6033000,11.803788
2015-10-08,12.13,12.26,12.01,12.10,5464300,11.94196
2015-10-07,11.73,12.10,11.70,11.98,8565600,11.823526
2015-10-06,11.43,11.75,11.39,11.63,5169300,11.478098
2015-10-05,11.08,11.66,11.08,11.48,5702500,11.330057
2015-10-02,10.74,11.11,10.62,11.04,7013700,10.895804
2015-10-01,11.24,11.29,10.68,10.96,11040300,10.816849
2015-09-30,11.75,11.87,10.945,11.24,10417200,11.093192
2015-09-29,12.16,12.23,11.59,11.63,8504200,11.478098
2015-09-28,12.40,12.485,11.995,12.16,5161000,12.001175
2015-09-25,12.58,12.65,12.34,12.44,4674000,12.277518
2015-09-24,12.34,12.53,12.27,12.50,4376100,12.336735
2015-09-23,12.38,12.54,12.28,12.47,3997000,12.307127
2015-09-22,12.50,12.64,12.11,12.40,3926600,12.23804
2015-09-21,12.72,12.80,12.595,12.65,4150500,12.484775
2015-09-18,12.39,12.76,12.273,12.66,9403100,12.494645
2015-09-17,12.66,12.91,12.48,12.55,5278400,12.386082
2015-09-16,12.37,12.71,12.37,12.65,7558000,12.484775
2015-09-15,12.74,12.74,12.275,12.37,4439800,12.208433
2015-09-14,12.44,12.52,12.28,12.44,4123200,12.277518
2015-09-11,12.52,12.57,12.225,12.45,7487700,12.287388
2015-09-10,12.31,12.68,12.26,12.64,5694700,12.474906
2015-09-09,12.44,12.54,12.21,12.29,4643500,12.129478
2015-09-08,12.74,12.99,12.13,12.30,5676800,12.139347
2015-09-04,11.96,12.10,11.79,11.94,3019900,11.784049
2015-09-03,12.20,12.37,12.09,12.15,3555300,11.991306
2015-09-02,12.40,12.53,11.97,12.16,3843300,12.001175
2015-09-01,12.51,12.65,12.30,12.35,3658500,12.030784
2015-08-31,12.93,12.98,12.68,12.79,5772300,12.459411
2015-08-28,12.93,13.15,12.80,13.05,2634700,12.71269
2015-08-27,12.81,13.085,12.67,13.00,4580200,12.663983
2015-08-26,12.25,12.55,12.01,12.52,4831200,12.19639
2015-08-25,13.23,13.23,12.02,12.04,9032800,11.728796
2015-08-24,13.34,14.00,12.89,13.06,7450700,12.722432
2015-08-21,13.98,14.27,13.89,13.89,2829300,13.530979
2015-08-20,14.43,14.485,14.05,14.06,3007700,13.696585
2015-08-19,14.66,14.73,14.55,14.62,1921600,14.24211
2015-08-18,14.88,15.00,14.60,14.77,2603700,14.388233
2015-08-17,14.76,14.96,14.61,14.83,3503000,14.446682
2015-08-14,14.83,14.87,14.58,14.76,4360300,14.378491
2015-08-13,15.25,15.32,14.75,14.79,3443400,14.407716
2015-08-12,15.49,15.49,15.11,15.31,2995500,14.914275
2015-08-11,15.53,15.90,15.36,15.39,2697600,14.992207
2015-08-10,15.69,16.00,15.69,15.91,1713100,15.498766
2015-08-07,15.34,15.625,15.30,15.61,2263100,15.20652
2015-08-06,15.66,15.66,15.20,15.37,3549600,14.972724
2015-08-05,15.62,15.94,15.595,15.61,2891300,15.20652
2015-08-04,15.60,15.745,15.53,15.58,1749400,15.177296
2015-08-03,15.77,15.88,15.555,15.66,2110000,15.255228
2015-07-31,15.82,15.90,15.65,15.70,2987200,15.294194
2015-07-30,15.70,15.78,15.49,15.53,2955200,15.128588
2015-07-29,15.77,15.91,15.73,15.77,2008200,15.362385
2015-07-28,15.80,15.90,15.75,15.83,2273000,15.420834
2015-07-27,16.15,16.450001,15.72,15.72,2518500,15.313678
2015-07-24,16.450001,16.559999,16.200001,16.219999,2282200,15.800753
2015-07-23,16.33,16.475,16.16,16.389999,2610800,15.966359
2015-07-22,16.67,16.67,16.16,16.23,3441300,15.810495
2015-07-21,16.469999,16.754999,16.469999,16.60,3615900,16.170932
2015-07-20,16.969999,16.969999,16.389999,16.42,4692600,15.995584