2015-12-16,32.450001,33.169998,31.84,32.419998,4364600,32.419998
2015-12-15,32.310001,32.880001,31.91,32.82,4038900,32.82
2015-12-14,32.400002,32.57,31.049999,31.75,6959700,31.75
2015-12-11,33.639999,33.689999,32.450001,32.630001,5645100,32.630001
2015-12-10,32.990002,34.369999,32.650002,34.00,4702600,34.00
2015-12-09,33.580002,34.25,32.560001,33.060001,5196300,33.060001
2015-12-08,31.33,32.57,31.129999,32.299999,3782500,32.299999
2015-12-07,32.700001,32.759998,31.52,32.169998,6901100,32.169998
2015-12-04,34.950001,35.080002,33.82,33.869999,5652900,33.869999
2015-12-03,35.779999,36.279999,35.110001,35.48,3858900,35.48
2015-12-02,36.639999,37.02,35.18,35.419998,5529800,35.419998
2015-12-01,36.759998,37.040001,36.389999,36.990002,2609900,36.990002
2015-11-30,36.84,37.43,36.43,36.669998,2845400,36.669998
2015-11-27,36.509998,36.919998,36.279999,36.549999,1365200,36.549999
2015-11-25,36.599998,37.369999,35.860001,36.939999,1920500,36.939999
2015-11-24,36.540001,37.459999,36.540001,37.00,3725600,37.00
2015-11-23,35.59,36.389999,35.169998,36.299999,4267000,36.299999
2015-11-20,36.540001,36.560001,35.18,35.66,4051400,35.66
2015-11-19,36.959999,37.16,35.98,36.599998,2304400,36.599998
2015-11-18,36.689999,37.529999,36.34,37.400002,4017000,37.400002
2015-11-17,35.240002,37.00,35.240002,36.459999,3664300,36.459999
2015-11-16,35.240002,37.040001,35.09,37.00,3698300,37.00
2015-11-13,35.150002,35.310001,34.25,35.200001,4561600,35.200001
2015-11-12,35.970001,36.43,35.189999,35.279999,3917800,35.279999
2015-11-11,37.799999,37.860001,36.52,36.880001,4342400,36.880001
2015-11-10,37.029999,38.299999,36.810001,37.84,3180900,37.84
2015-11-09,36.849998,37.52,36.330002,37.220001,3291900,37.220001
2015-11-06,37.139999,37.650002,36.290001,36.790001,3698300,36.790001
2015-11-05,37.419998,38.650002,37.080002,37.650002,3703500,37.650002
2015-11-04,38.689999,38.880001,37.09,37.84,4486800,37.84
2015-11-03,38.52,39.849998,38.389999,38.700001,6031400,38.700001
2015-11-02,36.450001,38.560001,36.00,37.970001,7692200,37.970001
2015-10-30,35.27,36.450001,34.509998,35.84,5208800,35.84
2015-10-29,34.529999,35.599998,34.400002,35.099998,4357400,35.099998
2015-10-28,33.110001,35.139999,32.91,34.84,5612400,34.66
2015-10-27,33.689999,34.02,32.82,32.98,10418100,32.809609
2015-10-26,35.790001,35.860001,34.450001,34.59,3915900,34.411292
2015-10-23,36.240002,36.360001,35.540001,35.93,3912700,35.744369
2015-10-22,36.209999,36.740002,35.849998,36.48,4813300,36.291527
2015-10-21,36.32,36.720001,35.77,35.849998,3688200,35.66478
2015-10-20,36.18,36.919998,36.02,36.529999,3194300,36.341268
2015-10-19,36.110001,36.720001,35.98,36.209999,5159800,36.022921
2015-10-16,36.490002,37.200001,35.959999,37.099998,5018600,36.908322
2015-10-15,34.599998,36.810001,34.57,36.41,5661800,36.221889
2015-10-14,34.540001,35.049999,34.299999,34.779999,4731700,34.600309
2015-10-13,34.990002,35.57,34.490002,34.560001,4697900,34.381448
2015-10-12,36.700001,36.759998,34.98,35.48,4368800,35.296693
2015-10-09,37.509998,37.880001,36.389999,36.720001,5885600,36.530288
2015-10-08,35.02,37.41,34.799999,37.27,9433200,37.077446
2015-10-07,35.07,35.68,34.330002,35.049999,6751500,34.868914
2015-10-06,33.369999,34.599998,33.169998,34.509998,6563600,34.331703
2015-10-05,31.99,33.27,31.870001,33.259998,5348300,33.088162
2015-10-02,29.85,31.629999,29.559999,31.620001,4287200,31.456637
2015-10-01,30.690001,31.34,29.700001,30.110001,5501500,29.954438
2015-09-30,30.00,30.540001,29.60,30.18,4035300,30.024076
2015-09-29,29.969999,30.030001,29.129999,29.700001,4043000,29.546557
2015-09-28,31.32,31.33,29.559999,29.58,5472200,29.427176
2015-09-25,32.52,32.650002,31.42,31.610001,4580000,31.446688
2015-09-24,31.57,32.540001,31.309999,32.18,4764600,32.013743
2015-09-23,32.48,32.919998,31.68,31.870001,5384600,31.705345
2015-09-22,32.169998,33.389999,32.00,32.310001,4683900,32.143073
2015-09-21,32.66,33.099998,32.299999,32.75,4928600,32.580798
2015-09-18,32.439999,32.740002,31.950001,32.330002,7277800,32.16297
2015-09-17,33.200001,33.990002,32.82,33.110001,7894100,32.938939
2015-09-16,31.84,33.310001,31.83,33.25,7470600,33.078215
2015-09-15,31.110001,31.799999,30.90,31.549999,5139800,31.386997
2015-09-14,31.08,31.15,30.450001,30.90,7121600,30.740356
2015-09-11,30.379999,31.200001,30.030001,31.190001,7003800,31.028858
2015-09-10,30.18,31.08,29.959999,30.75,6811600,30.591131
2015-09-09,30.940001,31.719999,29.889999,30.190001,10660300,30.034025
2015-09-08,31.32,31.559999,30.360001,31.42,9292300,31.25767
2015-09-04,29.889999,31.120001,29.559999,30.73,15210700,30.571234
2015-09-03,30.76,31.690001,29.90,30.209999,13545900,30.05392
2015-09-02,31.68,31.76,29.48,30.34,14312000,30.183249
2015-09-01,32.369999,32.52,30.68,31.110001,10712900,30.949272
2015-08-31,32.50,34.09,31.559999,33.41,13431700,33.237388
2015-08-28,33.419998,35.27,33.32,34.529999,5596700,34.351601
2015-08-27,32.459999,34.240002,32.259998,33.669998,7281700,33.496043
2015-08-26,31.49,31.77,30.84,31.75,5143900,31.585965
2015-08-25,32.610001,32.630001,30.60,30.700001,6645300,30.54139
2015-08-24,29.200001,32.369999,29.17,31.17,9179600,31.008961
2015-08-21,32.91,33.349998,32.380001,32.849998,5688200,32.68028
2015-08-20,34.110001,34.48,33.119999,33.119999,4247000,32.948885
2015-08-19,34.84,35.099998,33.720001,34.220001,4985000,34.043205
2015-08-18,35.57,35.650002,34.84,35.099998,5064600,34.918655
2015-08-17,35.349998,36.099998,35.189999,35.439999,4279400,35.256899
2015-08-14,36.209999,37.099998,35.82,36.00,6692400,35.814007
2015-08-13,35.869999,36.32,34.849998,36.299999,12258600,36.112456
2015-08-12,33.950001,35.599998,33.880001,35.310001,5075800,35.127573
2015-08-11,33.290001,34.209999,32.98,34.169998,4045800,33.99346
2015-08-10,32.799999,34.32,32.610001,34.240002,4565700,34.063102
2015-08-07,33.75,34.240002,32.439999,32.700001,4168400,32.531057
2015-08-06,33.060001,33.990002,32.389999,33.91,6189300,33.734805
2015-08-05,34.540001,35.07,33.369999,33.41,4921400,33.237388
2015-08-04,34.060001,34.75,33.709999,34.009998,5022000,33.834287
2015-08-03,34.970001,34.970001,33.669998,33.75,6915300,33.575632
2015-07-31,35.900002,36.290001,34.990002,35.23,5629100,35.047985
2015-07-30,35.98,36.650002,35.540001,36.150002,4844900,35.963234
2015-07-29,35.34,36.450001,35.240002,36.16,6516300,35.794109
2015-07-28,35.360001,37.07,34.73,35.50,8547300,35.140787
2015-07-27,34.75,35.470001,34.25,34.73,4661800,34.378578
2015-07-24,36.830002,36.84,35.32,35.369999,4751500,35.012102
2015-07-23,36.939999,37.189999,36.209999,36.700001,3993200,36.328646
2015-07-22,36.939999,37.279999,36.41,36.900002,7017200,36.526623
2015-07-21,37.029999,37.540001,36.82,36.849998,7612100,36.477126
2015-07-20,38.09,38.09,36.91,36.970001,9410600,36.595914