2015-12-16,35.209999,35.439999,33.830002,34.439999,3304100,34.439999
2015-12-15,35.400002,35.860001,34.740002,35.049999,2815300,35.049999
2015-12-14,34.810001,35.669998,33.779999,34.790001,3885000,34.790001
2015-12-11,36.139999,36.279999,34.990002,35.259998,3954600,35.259998
2015-12-10,35.130001,36.799999,34.82,36.52,3004900,36.52
2015-12-09,36.209999,36.459999,34.639999,35.299999,3118600,35.299999
2015-12-08,34.48,35.459999,34.25,34.82,4850500,34.82
2015-12-07,35.66,36.810001,34.889999,35.41,5554700,35.41
2015-12-04,36.369999,36.669998,35.580002,36.16,3355200,36.16
2015-12-03,37.689999,38.549999,36.599998,36.970001,4147400,36.970001
2015-12-02,38.77,39.009998,36.790001,37.169998,3541000,37.169998
2015-12-01,38.32,39.220001,37.91,39.150002,2776900,39.150002
2015-11-30,38.619999,38.84,38.130001,38.259998,2138500,38.259998
2015-11-27,38.310001,38.779999,38.139999,38.32,1033400,38.32
2015-11-25,38.869999,39.380001,38.369999,38.66,1514200,38.66
2015-11-24,38.970001,40.02,38.869999,39.34,2732700,39.34
2015-11-23,37.720001,39.18,37.470001,38.470001,3143800,38.470001
2015-11-20,39.139999,39.139999,37.549999,37.779999,4197800,37.779999
2015-11-19,40.299999,40.720001,38.259998,39.16,4359500,39.16
2015-11-18,40.849998,41.09,39.959999,41.049999,2701200,41.049999
2015-11-17,39.880001,40.889999,39.23,40.380001,3063900,40.380001
2015-11-16,38.419998,40.169998,38.27,40.150002,2641600,40.150002
2015-11-13,38.099998,38.75,37.50,38.369999,2630800,38.369999
2015-11-12,38.830002,39.32,37.970001,38.189999,3544300,38.189999
2015-11-11,39.82,40.470001,39.389999,39.689999,4897100,39.689999
2015-11-10,39.16,40.25,38.919998,39.669998,2926300,39.669998
2015-11-09,39.349998,39.860001,39.060001,39.450001,3089100,39.450001
2015-11-06,38.57,39.759998,38.330002,39.369999,2508900,39.369999
2015-11-05,38.310001,39.98,37.34,38.950001,4853800,38.950001
2015-11-04,41.09,41.34,37.369999,38.299999,7152900,38.299999
2015-11-03,40.799999,41.130001,40.02,40.139999,5479900,40.139999
2015-11-02,39.869999,40.700001,39.66,40.32,4250600,40.32
2015-10-30,40.41,41.169998,39.380001,40.189999,2765100,40.189999
2015-10-29,39.689999,40.73,39.599998,40.200001,2547300,40.200001
2015-10-28,39.369999,40.650002,38.560001,39.860001,2923200,39.860001
2015-10-27,38.25,39.240002,37.98,39.189999,3874000,39.189999
2015-10-26,39.23,39.459999,38.52,39.139999,2233200,39.139999
2015-10-23,38.889999,39.849998,38.290001,39.389999,1781400,39.389999
2015-10-22,38.860001,39.860001,38.73,39.16,2993700,39.16
2015-10-21,39.82,39.880001,38.380001,38.459999,3030300,38.459999
2015-10-20,39.540001,40.669998,39.299999,39.98,1876800,39.98
2015-10-19,39.639999,40.75,39.130001,39.560001,2131400,39.560001
2015-10-16,40.310001,41.060001,39.82,40.68,3696100,40.68
2015-10-15,38.259998,40.360001,37.990002,40.169998,3693000,40.169998
2015-10-14,38.169998,38.959999,37.959999,38.509998,2371700,38.509998
2015-10-13,37.830002,38.98,37.59,38.209999,2435900,38.209999
2015-10-12,38.84,38.919998,37.810001,38.349998,1909400,38.349998
2015-10-09,38.599998,39.02,37.740002,38.82,3415500,38.82
2015-10-08,37.049999,38.580002,36.610001,38.209999,3516400,38.209999
2015-10-07,37.77,38.049999,36.41,37.099998,5517400,37.099998
2015-10-06,36.41,37.720001,36.200001,36.889999,5769500,36.889999
2015-10-05,35.900002,36.799999,35.740002,36.360001,4067700,36.360001
2015-10-02,33.349998,35.619999,33.119999,35.52,3418700,35.52
2015-10-01,33.669998,34.220001,33.310001,33.810001,3743900,33.810001
2015-09-30,32.50,33.360001,32.060001,32.900002,2373100,32.900002
2015-09-29,31.68,32.68,31.52,32.209999,3132500,32.209999
2015-09-28,32.82,33.009998,31.360001,31.40,3139800,31.40
2015-09-25,33.77,34.139999,33.00,33.299999,2823800,33.299999
2015-09-24,32.849998,33.630001,32.509998,33.349998,3112800,33.349998
2015-09-23,33.919998,34.259998,33.110001,33.18,1886900,33.18
2015-09-22,32.880001,34.18,32.860001,33.75,3536000,33.75
2015-09-21,34.209999,34.25,33.279999,33.669998,2519500,33.669998
2015-09-18,34.439999,34.849998,33.34,33.68,4335300,33.68
2015-09-17,35.919998,36.57,35.049999,35.380001,4034400,35.380001
2015-09-16,34.450001,36.029999,34.330002,35.93,5023800,35.93
2015-09-15,33.700001,34.360001,33.43,34.009998,2440700,34.009998
2015-09-14,33.970001,33.990002,33.220001,33.509998,2732500,33.509998
2015-09-11,33.759998,34.25,33.240002,34.130001,3908100,34.130001
2015-09-10,34.220001,34.869999,33.849998,34.470001,4979000,34.470001
2015-09-09,34.57,35.759998,33.790001,33.950001,4072200,33.950001
2015-09-08,33.490002,34.450001,32.889999,34.139999,3828400,34.139999
2015-09-04,32.41,33.50,32.299999,33.209999,3122800,33.209999
2015-09-03,33.09,34.400002,32.509998,33.139999,3316800,33.139999
2015-09-02,32.450001,32.869999,31.120001,32.82,3644600,32.82
2015-09-01,32.290001,33.32,31.530001,31.860001,5759100,31.860001
2015-08-31,31.040001,33.68,30.440001,33.310001,5120500,33.310001
2015-08-28,30.379999,32.310001,30.32,31.60,7266400,31.60
2015-08-27,29.15,31.780001,28.91,30.700001,5860800,30.700001
2015-08-26,27.85,28.15,27.00,28.059999,4437700,28.059999
2015-08-25,29.26,29.26,27.030001,27.049999,3463200,27.049999
2015-08-24,28.84,29.870001,26.780001,27.629999,7626100,27.629999
2015-08-21,32.130001,32.779999,30.75,30.82,5342900,30.82
2015-08-20,33.82,34.02,32.490002,32.50,3628300,32.50
2015-08-19,34.880001,35.189999,32.880001,33.93,4245300,33.93
2015-08-18,35.369999,35.59,34.73,35.299999,2501800,35.299999
2015-08-17,35.860001,36.279999,35.189999,35.48,2431600,35.48
2015-08-14,36.029999,36.610001,35.299999,36.189999,2478600,36.189999
2015-08-13,36.07,36.490002,35.419998,36.080002,2385400,36.080002
2015-08-12,35.16,36.68,35.139999,36.610001,3315300,36.610001
2015-08-11,34.59,35.450001,34.299999,35.360001,2595600,35.360001
2015-08-10,34.360001,35.73,33.220001,35.650002,4710100,35.650002
2015-08-07,34.619999,35.400002,34.02,34.23,3788500,34.23
2015-08-06,32.529999,34.849998,32.209999,34.77,4451000,34.77
2015-08-05,33.740002,34.23,31.530001,32.549999,9545000,32.549999
2015-08-04,32.630001,33.380001,32.240002,32.650002,5844800,32.650002
2015-08-03,32.310001,33.220001,32.029999,32.439999,4021100,32.439999
2015-07-31,33.169998,33.630001,32.66,32.790001,3189800,32.790001
2015-07-30,32.799999,33.669998,32.189999,33.360001,4419500,33.360001
2015-07-29,31.379999,32.959999,30.83,32.880001,5450200,32.880001
2015-07-28,31.040001,31.809999,29.84,31.530001,5375800,31.530001
2015-07-27,32.080002,32.599998,30.15,30.879999,7818900,30.879999
2015-07-24,33.68,33.759998,32.50,32.779999,2516500,32.779999
2015-07-23,33.459999,33.919998,32.669998,33.720001,3616300,33.720001
2015-07-22,33.529999,34.049999,33.169998,33.400002,3013100,33.400002
2015-07-21,33.950001,34.689999,33.700001,33.830002,3011100,33.830002
2015-07-20,34.009998,34.18,33.110001,33.610001,4855100,33.610001