2015-12-16,28.58,29.280001,28.530001,28.940001,3641100,28.940001
2015-12-15,28.92,29.01,28.52,28.57,6816500,28.57
2015-12-14,29.370001,29.370001,28.299999,28.67,4687000,28.67
2015-12-11,29.540001,29.709999,28.940001,29.059999,3363400,29.059999
2015-12-10,30.120001,30.50,29.85,30.190001,3175900,30.190001
2015-12-09,31.02,31.18,30.02,30.120001,3217400,30.120001
2015-12-08,31.25,31.389999,31.01,31.08,3618200,31.08
2015-12-07,31.299999,31.639999,31.200001,31.530001,5267200,31.530001
2015-12-04,30.889999,31.309999,30.620001,31.280001,3201400,31.280001
2015-12-03,31.02,31.030001,30.379999,30.860001,4044200,30.860001
2015-12-02,30.85,31.129999,30.700001,30.93,2524400,30.93
2015-12-01,30.290001,31.00,30.219999,30.969999,2472900,30.969999
2015-11-30,30.73,30.98,30.610001,30.66,2843900,30.66
2015-11-27,30.77,30.90,30.59,30.690001,945200,30.690001
2015-11-25,30.99,31.01,30.709999,30.76,1864700,30.76
2015-11-24,30.809999,31.10,30.690001,30.93,2043800,30.93
2015-11-23,31.110001,31.59,30.93,31.01,2370600,31.01
2015-11-20,31.120001,31.25,30.50,31.049999,3363800,31.049999
2015-11-19,31.35,31.48,30.120001,30.969999,7206400,30.969999
2015-11-18,31.200001,31.469999,30.76,31.040001,5732500,31.040001
2015-11-17,31.48,31.940001,31.139999,31.299999,3816400,31.299999
2015-11-16,31.280001,31.65,31.18,31.49,2793700,31.49
2015-11-13,31.379999,31.870001,30.83,31.309999,3980200,31.309999
2015-11-12,31.690001,32.439999,31.690001,31.84,4147500,31.84
2015-11-11,33.48,33.509998,32.310001,32.43,3901600,32.43
2015-11-10,34.009998,34.029999,33.209999,33.330002,2433100,33.330002
2015-11-09,34.310001,34.380001,33.959999,34.139999,2221600,34.139999
2015-11-06,33.959999,34.439999,33.880001,34.400002,2313500,34.400002
2015-11-05,33.950001,34.599998,33.93,34.200001,3309700,34.200001
2015-11-04,34.490002,34.529999,33.77,33.82,2833700,33.82
2015-11-03,34.279999,34.73,34.18,34.490002,2015100,34.490002
2015-11-02,33.93,34.389999,33.860001,34.380001,2187500,34.380001
2015-10-30,33.970001,34.09,33.389999,34.00,1900700,34.00
2015-10-29,33.73,34.07,33.610001,33.759998,1732000,33.759998
2015-10-28,33.560001,34.080002,33.380001,34.060001,2682200,34.060001
2015-10-27,32.970001,33.540001,32.860001,33.360001,3926400,33.360001
2015-10-26,33.919998,34.029999,33.110001,33.150002,3371900,33.150002
2015-10-23,34.50,34.810001,34.220001,34.669998,2917700,34.669998
2015-10-22,33.560001,34.400002,33.34,34.380001,2748300,34.380001
2015-10-21,33.779999,33.849998,33.32,33.400002,2947400,33.400002
2015-10-20,33.529999,33.84,33.50,33.720001,2017800,33.720001
2015-10-19,33.740002,33.919998,33.599998,33.68,1625900,33.68
2015-10-16,33.790001,33.830002,33.48,33.82,2324400,33.82
2015-10-15,33.630001,33.779999,33.369999,33.779999,3037400,33.779999
2015-10-14,33.459999,33.950001,33.419998,33.880001,3204400,33.880001
2015-10-13,33.099998,33.869999,32.900002,33.43,3464600,33.43
2015-10-12,33.57,33.66,32.68,33.369999,4380100,33.369999
2015-10-09,32.299999,33.200001,32.299999,33.16,4768200,33.16
2015-10-08,31.620001,32.279999,31.459999,32.27,3788800,32.27
2015-10-07,31.34,31.77,31.07,31.530001,3386500,31.530001
2015-10-06,30.84,31.58,30.84,31.33,2896400,31.15
2015-10-05,30.18,30.950001,30.120001,30.889999,2336700,30.712527
2015-10-02,28.889999,29.93,28.85,29.93,2737800,29.758044
2015-10-01,29.65,29.75,28.870001,29.24,3108500,29.072007
2015-09-30,29.200001,29.73,28.75,29.60,4669200,29.42994
2015-09-29,29.25,29.73,28.809999,28.950001,3255900,28.783675
2015-09-28,29.360001,29.66,29.09,29.10,3042800,28.932812
2015-09-25,29.58,29.700001,29.370001,29.57,4860400,29.400111
2015-09-24,29.50,29.889999,29.110001,29.49,3338700,29.320571
2015-09-23,30.139999,30.18,29.540001,29.700001,2588000,29.529366
2015-09-22,30.290001,30.389999,29.74,30.07,5679300,29.897239
2015-09-21,31.43,31.719999,31.15,31.219999,2690900,31.040631
2015-09-18,31.809999,32.119999,31.18,31.360001,7859100,31.179828
2015-09-17,32.34,32.73,32.16,32.209999,2754900,32.024943
2015-09-16,32.02,32.48,31.91,32.360001,2060400,32.174083
2015-09-15,31.379999,32.220001,31.219999,32.189999,3790400,32.005058
2015-09-14,31.620001,31.620001,31.049999,31.139999,2103700,30.961091
2015-09-11,31.18,31.59,31.049999,31.58,1930100,31.398564
2015-09-10,31.07,31.639999,30.950001,31.360001,2416800,31.179828
2015-09-09,31.73,31.950001,31.07,31.120001,2495300,30.941207
2015-09-08,30.90,31.549999,30.780001,31.49,3501500,31.309081
2015-09-04,30.75,30.950001,30.52,30.57,3484000,30.394366
2015-09-03,31.27,31.690001,31.120001,31.190001,3113000,31.010805
2015-09-02,31.42,31.450001,30.889999,31.27,2848400,31.090345
2015-09-01,31.07,31.280001,30.799999,30.959999,4465100,30.782125
2015-08-31,31.52,32.040001,31.41,31.959999,4870500,31.77638
2015-08-28,31.34,31.84,31.309999,31.620001,3294400,31.438335
2015-08-27,30.85,31.440001,30.73,31.389999,4360500,31.209655
2015-08-26,29.639999,30.639999,29.459999,30.58,5517600,30.404309
2015-08-25,30.51,30.51,29.049999,29.07,6646300,28.902984
2015-08-24,28.959999,29.870001,28.879999,29.870001,9015800,29.698389
2015-08-21,30.440001,31.190001,30.209999,30.209999,7086200,30.036434
2015-08-20,31.98,32.290001,30.48,30.780001,14103300,30.603161
2015-08-19,30.200001,30.27,29.540001,29.780001,6541300,29.608906
2015-08-18,30.40,30.73,29.92,30.280001,3342100,30.106033
2015-08-17,30.25,30.559999,30.00,30.540001,3448000,30.36454
2015-08-14,30.450001,30.799999,30.450001,30.75,2415700,30.573332
2015-08-13,30.940001,31.059999,30.540001,30.620001,2008700,30.44408
2015-08-12,30.549999,30.99,30.280001,30.99,2918000,30.811953
2015-08-11,31.35,31.360001,30.559999,30.709999,1968000,30.533561
2015-08-10,30.75,31.68,30.75,31.50,2843600,31.319023
2015-08-07,30.59,30.889999,30.469999,30.52,1911100,30.344654
2015-08-06,30.959999,31.00,30.52,30.690001,2813500,30.513678
2015-08-05,30.860001,31.24,30.549999,30.870001,3243400,30.692644
2015-08-04,30.639999,30.76,30.440001,30.58,2128300,30.404309
2015-08-03,31.17,31.450001,30.57,30.690001,1839400,30.513678
2015-07-31,31.620001,31.620001,31.10,31.15,2641900,30.971034
2015-07-30,30.90,31.639999,30.84,31.57,2484400,31.388621
2015-07-29,30.889999,31.17,30.809999,30.959999,3509100,30.782125
2015-07-28,31.00,31.110001,30.77,30.950001,4003800,30.772184
2015-07-27,30.870001,31.030001,30.620001,30.799999,3924500,30.623044
2015-07-24,31.459999,31.620001,31.030001,31.10,3067800,30.921322
2015-07-23,31.23,32.18,31.110001,31.40,4704000,31.219597
2015-07-22,30.68,31.25,30.42,31.15,3544400,30.971034
2015-07-21,30.84,30.92,30.25,30.889999,3298600,30.712527
2015-07-20,31.190001,31.290001,30.870001,30.940001,4063200,30.762241