2015-12-16,33.040001,33.279999,32.75,33.169998,5877000,33.169998
2015-12-15,32.939999,33.200001,32.759998,32.970001,7645900,32.970001
2015-12-14,32.52,32.75,32.18,32.57,6897300,32.57
2015-12-11,32.650002,32.880001,32.419998,32.490002,5642500,32.490002
2015-12-10,32.810001,33.16,32.700001,32.98,5902200,32.98
2015-12-09,33.549999,33.75,32.369999,32.709999,9316900,32.709999
2015-12-08,32.700001,33.700001,32.490002,33.560001,7862200,33.560001
2015-12-07,33.740002,33.740002,33.009998,33.110001,8339700,33.110001
2015-12-04,32.43,33.810001,32.43,33.75,11468900,33.75
2015-12-03,32.759998,33.099998,32.27,32.43,6166400,32.43
2015-12-02,32.799999,33.139999,32.43,32.50,7356000,32.50
2015-12-01,32.00,32.779999,31.969999,32.75,10237400,32.75
2015-11-30,31.42,31.860001,31.389999,31.719999,8181100,31.719999
2015-11-27,31.190001,31.49,31.030001,31.389999,2174900,31.389999
2015-11-25,31.110001,31.48,31.02,31.129999,3457500,31.129999
2015-11-24,30.92,31.440001,30.780001,31.17,4885700,31.17
2015-11-23,31.65,31.65,30.809999,30.92,6063800,30.92
2015-11-20,31.35,31.57,31.16,31.389999,5993600,31.389999
2015-11-19,31.139999,31.43,30.889999,31.120001,6351800,31.120001
2015-11-18,30.41,31.07,30.08,31.030001,8755400,31.030001
2015-11-17,30.48,30.66,30.27,30.40,6426200,30.285
2015-11-16,30.190001,30.42,29.950001,30.40,8607000,30.285
2015-11-13,30.43,30.559999,29.65,29.799999,7323500,29.68727
2015-11-12,30.440001,30.719999,30.27,30.40,7277000,30.285
2015-11-11,30.83,31.049999,30.40,30.51,15497400,30.394585
2015-11-10,31.00,31.17,30.15,30.809999,13806500,30.693449
2015-11-09,31.24,31.50,30.969999,31.41,12314200,31.29118
2015-11-06,30.450001,31.940001,29.82,31.549999,29306800,31.43065
2015-11-05,28.17,28.25,27.629999,27.709999,11970000,27.605176
2015-11-04,28.42,28.629999,27.90,28.030001,11056600,27.923967
2015-11-03,28.530001,28.690001,28.18,28.50,9419200,28.392188
2015-11-02,28.459999,28.73,28.290001,28.700001,4752200,28.591432
2015-10-30,27.98,28.57,27.77,28.370001,7529000,28.262681
2015-10-29,28.209999,28.50,27.629999,27.68,8179200,27.575291
2015-10-28,28.620001,28.67,28.200001,28.67,5425900,28.561545
2015-10-27,28.32,28.620001,28.299999,28.440001,5206700,28.332416
2015-10-26,28.610001,28.68,28.200001,28.459999,6185900,28.352339
2015-10-23,28.65,28.780001,28.219999,28.59,9544400,28.481848
2015-10-22,27.73,28.49,27.690001,28.40,7672100,28.292566
2015-10-21,27.940001,28.110001,27.360001,27.41,9657000,27.306311
2015-10-20,27.690001,27.90,27.48,27.77,6620600,27.66495
2015-10-19,27.950001,28.08,27.49,27.809999,7367800,27.704798
2015-10-16,27.52,28.120001,27.450001,27.860001,11184500,27.75461
2015-10-15,27.41,27.99,27.129999,27.43,13151200,27.326236
2015-10-14,26.43,27.790001,26.40,27.360001,15303700,27.256501
2015-10-13,26.139999,26.559999,26.049999,26.40,7461100,26.300132
2015-10-12,26.10,26.50,25.91,26.35,5689700,26.250322
2015-10-09,26.030001,26.280001,25.58,26.07,10581200,25.97138
2015-10-08,25.91,26.24,25.469999,26.17,11501700,26.071002
2015-10-07,25.809999,26.280001,25.389999,26.02,7753800,25.92157
2015-10-06,25.15,25.860001,25.049999,25.75,11360500,25.652591
2015-10-05,24.959999,25.73,24.83,25.42,12050600,25.32384
2015-10-02,24.040001,24.799999,23.790001,24.799999,9653600,24.706184
2015-10-01,24.65,24.719999,23.469999,24.17,12232400,24.078568
2015-09-30,23.93,24.68,23.790001,24.65,13909500,24.556752
2015-09-29,23.549999,23.75,23.219999,23.709999,9518400,23.620307
2015-09-28,23.610001,23.76,23.15,23.299999,9889600,23.211858
2015-09-25,23.73,24.07,23.379999,23.610001,9242300,23.520687
2015-09-24,22.860001,23.68,22.50,23.440001,9561000,23.35133
2015-09-23,22.91,23.139999,22.82,23.00,4040800,22.912994
2015-09-22,23.02,23.18,22.77,22.889999,5708900,22.80341
2015-09-21,23.32,23.58,23.200001,23.530001,7046000,23.44099
2015-09-18,22.99,23.49,22.85,23.290001,8160300,23.201898
2015-09-17,23.50,23.709999,23.26,23.309999,6717800,23.221821
2015-09-16,22.90,23.23,22.73,23.10,4337700,23.012616
2015-09-15,22.700001,23.059999,22.629999,22.940001,8199400,22.853222
2015-09-14,22.76,22.83,22.57,22.690001,4811500,22.604167
2015-09-11,22.33,22.799999,22.24,22.65,7539600,22.564318
2015-09-10,22.10,22.860001,22.00,22.58,8926900,22.494583
2015-09-09,22.75,22.940001,22.18,22.23,7234800,22.145906
2015-09-08,22.280001,22.77,22.190001,22.68,5961200,22.594205
2015-09-04,21.889999,22.24,21.74,21.75,7199300,21.667723
2015-09-03,22.540001,22.65,22.23,22.27,6563900,22.185756
2015-09-02,22.15,22.219999,21.780001,22.209999,8601100,22.125982
2015-09-01,21.83,22.200001,21.40,21.559999,8835200,21.478441
2015-08-31,22.620001,22.780001,22.389999,22.48,5483800,22.394961
2015-08-28,22.629999,22.870001,22.469999,22.73,8023600,22.644015
2015-08-27,22.040001,22.639999,21.91,22.629999,11594100,22.544393
2015-08-26,20.940001,21.83,20.780001,21.809999,15374400,21.727495
2015-08-25,21.620001,21.700001,20.280001,20.280001,15567100,20.203284
2015-08-24,20.27,21.83,20.00,20.709999,17057100,20.631656
2015-08-21,22.00,22.370001,21.450001,21.469999,9566600,21.388781
2015-08-20,22.73,22.84,22.049999,22.16,10673300,22.076171
2015-08-19,23.049999,23.309999,22.74,22.99,6231200,22.903032
2015-08-18,23.219999,23.379999,22.90,23.08,7177100,22.992691
2015-08-17,23.50,23.50,23.10,23.389999,6847000,23.203888
2015-08-14,23.50,23.68,23.360001,23.540001,5366300,23.352696
2015-08-13,23.75,23.799999,23.459999,23.52,6922100,23.332855
2015-08-12,23.280001,23.889999,23.280001,23.719999,9601200,23.531263
2015-08-11,23.43,23.889999,23.43,23.66,10875200,23.47174
2015-08-10,22.82,23.950001,22.68,23.780001,16557600,23.590786
2015-08-07,22.459999,23.370001,21.879999,22.98,35131200,22.797151
2015-08-06,20.530001,20.68,20.110001,20.450001,16391900,20.287283
2015-08-05,20.870001,20.889999,20.540001,20.58,5865700,20.416248
2015-08-04,20.219999,20.43,20.139999,20.370001,6502500,20.20792
2015-08-03,20.110001,20.309999,19.85,20.290001,9928300,20.128556
2015-07-31,20.10,20.110001,19.83,19.950001,5458500,19.791261
2015-07-30,19.92,20.219999,19.92,20.02,4754500,19.860704
2015-07-29,19.690001,20.129999,19.610001,19.969999,5817000,19.811101
2015-07-28,19.360001,19.860001,19.16,19.73,4957700,19.573011
2015-07-27,19.25,19.530001,19.09,19.309999,4810500,19.156352
2015-07-24,19.790001,19.809999,19.34,19.42,4721100,19.265478
2015-07-23,19.450001,19.940001,19.41,19.65,4247900,19.493647
2015-07-22,19.65,19.65,19.17,19.41,8911800,19.255557
2015-07-21,19.66,20.07,19.66,19.790001,3743000,19.632535
2015-07-20,20.07,20.15,19.65,19.700001,4710300,19.543251