2015-12-16,50.200001,51.259998,50.099998,51.23,2277700,51.23
2015-12-15,49.779999,50.380001,49.630001,49.939999,2213600,49.939999
2015-12-14,48.57,49.380001,48.509998,49.34,2065500,49.34
2015-12-11,48.630001,49.02,48.369999,48.650002,2323700,48.650002
2015-12-10,49.57,49.919998,48.919998,48.939999,1927900,48.939999
2015-12-09,49.740002,50.110001,49.34,49.619999,1673300,49.619999
2015-12-08,50.189999,50.490002,50.009998,50.139999,2861700,50.139999
2015-12-07,49.990002,50.459999,49.810001,50.27,2005700,50.27
2015-12-04,49.07,50.080002,49.00,50.009998,2044200,50.009998
2015-12-03,49.419998,49.639999,48.619999,48.779999,2538600,48.779999
2015-12-02,50.189999,50.470001,49.540001,49.610001,2102300,49.610001
2015-12-01,49.990002,50.68,49.790001,50.619999,2302800,50.619999
2015-11-30,50.130001,50.490002,49.419998,49.619999,4731900,49.619999
2015-11-27,49.389999,50.060001,49.380001,50.029999,1015000,50.029999
2015-11-25,49.450001,49.700001,49.349998,49.610001,1565300,49.419
2015-11-24,49.509998,49.580002,48.950001,49.450001,1558800,49.259616
2015-11-23,49.82,50.150002,49.549999,49.720001,1523900,49.528577
2015-11-20,49.41,50.040001,49.369999,49.669998,3168400,49.478767
2015-11-19,49.450001,49.459999,49.110001,49.369999,1886100,49.179922
2015-11-18,48.48,49.240002,48.43,49.220001,2428100,49.030502
2015-11-17,48.040001,48.669998,47.799999,48.439999,2287200,48.253503
2015-11-16,47.43,48.189999,47.25,48.189999,2162800,48.004465
2015-11-13,47.50,47.849998,47.02,47.439999,2188000,47.257353
2015-11-12,47.360001,47.799999,47.169998,47.439999,2010400,47.257353
2015-11-11,47.029999,47.700001,46.810001,47.439999,1656900,47.257353
2015-11-10,46.459999,47.07,46.389999,46.939999,2323400,46.759278
2015-11-09,47.41,47.41,45.98,46.389999,2676900,46.211396
2015-11-06,49.060001,49.080002,47.139999,47.470001,3896600,47.28724
2015-11-05,49.41,50.049999,49.119999,50.00,1818600,49.807498
2015-11-04,50.00,50.189999,49.240002,49.450001,1880300,49.259616
2015-11-03,50.400002,50.400002,49.810001,50.139999,1611100,49.946958
2015-11-02,49.400002,50.599998,49.27,50.59,2284100,50.395226
2015-10-30,49.66,49.990002,49.41,49.459999,3956800,49.269576
2015-10-29,49.09,50.00,49.049999,49.68,3167800,49.48873
2015-10-28,50.099998,50.98,49.75,50.599998,2914800,50.214922
2015-10-27,50.119999,50.450001,49.810001,50.310001,1936500,49.927132
2015-10-26,49.970001,50.259998,49.68,50.25,1564600,49.867587
2015-10-23,50.099998,50.400002,49.50,49.900002,1655200,49.520252
2015-10-22,49.369999,50.50,49.299999,50.189999,2537700,49.808043
2015-10-21,49.169998,49.259998,48.82,48.880001,1316000,48.508014
2015-10-20,48.779999,49.029999,48.610001,48.959999,1509900,48.587404
2015-10-19,48.599998,48.939999,48.52,48.880001,1359100,48.508014
2015-10-16,48.66,48.91,48.560001,48.610001,3770000,48.240069
2015-10-15,47.82,48.549999,47.759998,48.509998,1443900,48.140827
2015-10-14,48.110001,48.310001,47.529999,47.68,1613900,47.317146
2015-10-13,48.00,48.369999,47.880001,48.080002,1307000,47.714103
2015-10-12,47.77,48.68,47.529999,48.16,2807100,47.793493
2015-10-09,47.68,47.799999,47.32,47.77,1353700,47.406461
2015-10-08,47.450001,47.77,47.130001,47.650002,2330300,47.287375
2015-10-07,47.220001,47.43,46.830002,47.43,2460500,47.069048
2015-10-06,47.040001,47.16,46.84,46.990002,2032300,46.632398
2015-10-05,46.099998,47.110001,46.080002,47.110001,4673000,46.751484
2015-10-02,47.349998,47.349998,45.650002,46.00,11940000,45.649931
2015-10-01,47.619999,47.619999,46.970001,47.349998,1426100,46.989655
2015-09-30,47.330002,47.830002,46.919998,47.389999,2145100,47.029352
2015-09-29,46.41,47.150002,46.369999,47.110001,1490800,46.751484
2015-09-28,46.939999,47.200001,46.18,46.639999,1920200,46.095514
2015-09-25,47.09,47.389999,46.84,47.060001,1581500,46.510612
2015-09-24,47.279999,47.43,46.689999,46.970001,1421100,46.421663
2015-09-23,47.200001,47.619999,47.029999,47.330002,1234700,46.777461
2015-09-22,47.400002,47.75,46.950001,47.139999,1922300,46.589676
2015-09-21,47.639999,48.09,47.529999,47.669998,1714200,47.113488
2015-09-18,46.369999,48.299999,46.369999,47.490002,3631000,46.935593
2015-09-17,46.299999,47.720001,46.009998,46.889999,2115200,46.342595
2015-09-16,45.689999,46.400002,45.599998,46.279999,1233600,45.739716
2015-09-15,45.490002,45.91,45.080002,45.799999,1437000,45.26532
2015-09-14,45.18,45.450001,45.02,45.349998,1411400,44.820572
2015-09-11,44.16,45.09,44.09,45.080002,1380900,44.553728
2015-09-10,44.00,44.619999,43.919998,44.200001,1464300,43.684
2015-09-09,44.689999,44.740002,43.889999,43.970001,2588700,43.456686
2015-09-08,44.439999,44.439999,43.799999,44.310001,1944800,43.792716
2015-09-04,43.860001,43.900002,43.150002,43.380001,1853000,42.873573
2015-09-03,44.43,44.50,44.009998,44.169998,1312300,43.654348
2015-09-02,44.43,44.52,43.82,44.23,1804700,43.713649
2015-09-01,44.290001,44.57,43.630001,43.939999,2283600,43.427033
2015-08-31,45.98,46.00,44.669998,44.689999,2131800,44.168278
2015-08-28,46.060001,46.220001,45.610001,45.939999,1641500,45.403685
2015-08-27,46.029999,46.709999,45.529999,46.360001,1877000,45.631
2015-08-26,45.200001,45.540001,44.470001,45.470001,2467300,44.754996
2015-08-25,46.509998,46.900002,44.450001,44.470001,2889100,43.77072
2015-08-24,46.459999,46.75,45.599998,45.82,3713100,45.09949
2015-08-21,48.139999,48.34,47.610001,47.619999,2205100,46.871185
2015-08-20,47.82,48.650002,47.700001,48.099998,1561400,47.343637
2015-08-19,48.189999,48.299999,47.650002,48.049999,1444400,47.294424
2015-08-18,47.889999,48.459999,47.849998,48.459999,1228000,47.697976
2015-08-17,47.610001,48.09,47.52,48.02,1274600,47.264897
2015-08-14,47.560001,47.849998,47.27,47.84,1191600,47.087727
2015-08-13,47.68,47.77,47.099998,47.540001,1642900,46.792445
2015-08-12,47.380001,47.669998,47.150002,47.619999,1750000,46.871185
2015-08-11,47.200001,47.830002,47.139999,47.450001,1363500,46.70386
2015-08-10,47.630001,47.639999,47.16,47.360001,1171000,46.615275
2015-08-07,47.50,47.560001,46.970001,47.459999,1861100,46.713701
2015-08-06,47.32,47.650002,46.950001,47.529999,1807300,46.7826
2015-08-05,48.040001,48.220001,47.049999,47.380001,1869200,46.634961
2015-08-04,48.50,48.880001,48.040001,48.139999,1526600,47.383009
2015-08-03,48.279999,48.830002,48.150002,48.779999,1575300,48.012944
2015-07-31,47.900002,48.459999,47.849998,48.290001,3067100,47.530651
2015-07-30,47.50,47.990002,47.209999,47.610001,1620000,46.861344
2015-07-29,47.400002,47.939999,47.099998,47.830002,1681700,46.890876
2015-07-28,47.279999,47.68,47.07,47.419998,1694500,46.488922
2015-07-27,46.990002,47.50,46.990002,47.220001,1571100,46.292852
2015-07-24,46.700001,47.27,46.669998,47.080002,1450000,46.155602
2015-07-23,47.200001,47.25,46.48,46.779999,1410600,45.861489
2015-07-22,47.060001,47.400002,47.060001,47.27,1057900,46.34187
2015-07-21,47.130001,47.400002,47.00,47.00,1536600,46.077171
2015-07-20,46.860001,47.189999,46.66,47.189999,945900,46.263439