2015-12-16,73.980003,74.889999,73.559998,74.730003,1893400,74.730003
2015-12-15,74.389999,74.739998,73.769997,73.980003,1994500,73.480004
2015-12-14,74.449997,75.199997,73.669998,74.089996,2141700,73.589254
2015-12-11,74.480003,75.400002,73.839996,74.199997,1985900,73.698511
2015-12-10,75.190002,76.169998,75.07,75.440002,1540300,74.930136
2015-12-09,75.849998,76.589996,74.68,75.010002,2398300,74.503042
2015-12-08,76.120003,76.639999,75.660004,76.309998,2424000,75.794251
2015-12-07,75.010002,77.089996,74.620003,76.529999,3788900,76.012765
2015-12-04,74.269997,75.660004,74.190002,75.239998,2373800,74.731483
2015-12-03,74.169998,74.580002,73.480003,74.099998,2056100,73.599188
2015-12-02,75.050003,75.220001,74.059998,74.139999,1202300,73.638919
2015-12-01,74.419998,75.160004,74.190002,75.00,1956700,74.493107
2015-11-30,73.949997,74.099998,73.209999,73.919998,1727400,73.420405
2015-11-27,73.790001,74.300003,73.110001,73.690002,545700,73.191963
2015-11-25,73.059998,74.400002,72.690002,74.040001,1215400,73.539596
2015-11-24,73.260002,73.260002,72.139999,73.010002,1429900,72.516559
2015-11-23,73.75,74.220001,73.300003,73.879997,1360500,73.380674
2015-11-20,73.220001,73.75,73.220001,73.75,1302800,73.251555
2015-11-19,72.849998,73.489998,72.480003,73.150002,1266400,72.655612
2015-11-18,72.209999,73.00,71.989998,72.889999,1655600,72.397367
2015-11-17,73.040001,73.410004,71.82,72.029999,1596200,71.543179
2015-11-16,71.43,73.07,71.190002,72.989998,1620100,72.49669
2015-11-13,72.540001,72.660004,71.449997,71.529999,966600,71.046558
2015-11-12,72.599998,73.150002,72.440002,72.629997,1202400,72.139122
2015-11-11,73.230003,73.419998,72.830002,73.07,2913900,72.576151
2015-11-10,72.519997,73.230003,72.489998,73.120003,1257700,72.625816
2015-11-09,73.459999,73.589996,72.160004,72.519997,1530800,72.029865
2015-11-06,73.120003,73.519997,72.43,73.50,1141400,73.003245
2015-11-05,73.690002,73.879997,73.00,73.25,2178400,72.754935
2015-11-04,74.889999,74.989998,73.410004,73.529999,1506500,73.033041
2015-11-03,74.75,75.209999,74.269997,74.809998,1365900,74.304389
2015-11-02,74.93,75.309998,74.800003,75.00,3229800,74.493107
2015-10-30,75.370003,75.580002,74.809998,74.919998,1223800,74.413646
2015-10-29,74.849998,75.449997,74.389999,75.330002,1002200,74.820879
2015-10-28,75.07,75.260002,74.059998,74.839996,1498700,74.334185
2015-10-27,74.269997,74.980003,73.830002,74.919998,1610600,74.413646
2015-10-26,73.839996,74.620003,73.43,74.550003,1042700,74.046152
2015-10-23,74.879997,75.120003,73.540001,73.739998,2000000,73.241621
2015-10-22,73.019997,74.730003,73.019997,74.349998,2570900,73.847499
2015-10-21,72.860001,73.400002,72.470001,72.809998,1822600,72.317906
2015-10-20,72.75,73.800003,71.099998,72.360001,3965900,71.87095
2015-10-19,72.00,72.599998,71.400002,72.230003,1657200,71.741832
2015-10-16,72.029999,72.739998,71.809998,72.18,1872100,71.692167
2015-10-15,70.989998,72.209999,70.809998,71.709999,2380000,71.225342
2015-10-14,71.00,71.580002,70.620003,70.870003,927300,70.391023
2015-10-13,70.809998,71.459999,70.580002,70.919998,843500,70.44068
2015-10-12,71.120003,71.389999,70.709999,71.099998,607200,70.619464
2015-10-09,70.879997,71.220001,70.470001,70.940002,1106600,70.460549
2015-10-08,69.43,71.169998,69.43,70.949997,1192200,70.470476
2015-10-07,69.110001,70.029999,68.989998,69.93,1195500,69.457373
2015-10-06,68.900002,69.040001,68.190002,68.68,1528000,68.215822
2015-10-05,68.300003,68.970001,68.300003,68.75,1293200,68.285348
2015-10-02,64.870003,68.040001,64.870003,68.00,1552800,67.540417
2015-10-01,65.900002,66.139999,64.440002,65.910004,3472000,65.464546
2015-09-30,65.580002,66.040001,65.279999,65.900002,2323800,65.454612
2015-09-29,64.919998,65.089996,64.120003,64.849998,1408500,64.411705
2015-09-28,65.510002,65.720001,64.419998,64.790001,1479100,64.352113
2015-09-25,66.730003,67.279999,65.440002,65.739998,1170700,65.295689
2015-09-24,66.419998,66.699997,65.839996,66.379997,1023200,65.931363
2015-09-23,66.720001,66.970001,66.25,66.82,1102300,66.368392
2015-09-22,66.709999,67.089996,66.400002,66.779999,1241600,66.328661
2015-09-21,67.720001,68.110001,67.349998,67.650002,1318000,67.192784
2015-09-18,67.800003,68.510002,67.18,67.360001,2360200,66.904743
2015-09-17,69.690002,69.970001,68.800003,69.059998,1828700,68.096628
2015-09-16,68.550003,69.989998,68.379997,69.68,1890800,68.707982
2015-09-15,67.50,68.419998,67.050003,68.209999,1137400,67.258487
2015-09-14,67.699997,67.739998,66.830002,67.150002,808000,66.213276
2015-09-11,67.18,67.690002,66.889999,67.660004,743100,66.716163
2015-09-10,66.940002,67.93,66.599998,67.400002,922300,66.459788
2015-09-09,68.550003,68.580002,66.940002,67.059998,835400,66.124527
2015-09-08,67.279999,68.07,67.07,68.050003,816300,67.100722
2015-09-04,65.940002,66.519997,65.650002,66.040001,1712800,65.118759
2015-09-03,66.709999,67.519997,66.529999,66.839996,1228400,65.907595
2015-09-02,66.010002,66.470001,65.010002,66.459999,1301300,65.532899
2015-09-01,65.589996,66.419998,64.800003,65.169998,1708900,64.260893
2015-08-31,67.589996,67.949997,66.949997,66.980003,1234600,66.045649
2015-08-28,67.510002,68.00,67.190002,67.739998,1379100,66.795042
2015-08-27,68.089996,68.519997,66.57,67.790001,1871500,66.844347
2015-08-26,67.489998,67.610001,65.760002,67.419998,1882200,66.479506
2015-08-25,68.510002,68.580002,66.099998,66.160004,2143000,65.237088
2015-08-24,65.650002,68.209999,64.309998,66.800003,3091100,65.86816
2015-08-21,69.650002,70.449997,68.82,68.910004,1965000,67.948726
2015-08-20,71.889999,71.910004,70.32,70.400002,1839900,69.417939
2015-08-19,72.959999,73.199997,72.019997,72.550003,1189200,71.537949
2015-08-18,73.650002,73.879997,73.209999,73.260002,858300,72.238043
2015-08-17,73.00,73.910004,72.949997,73.870003,635200,72.839535
2015-08-14,73.00,73.739998,72.910004,73.57,1099300,72.543716
2015-08-13,73.18,73.459999,72.669998,73.110001,948300,72.090134
2015-08-12,72.470001,73.089996,71.300003,73.00,1210900,71.981668
2015-08-11,73.220001,74.019997,72.68,72.870003,1222400,71.853484
2015-08-10,73.169998,74.099998,73.139999,73.989998,1655400,72.957856
2015-08-07,72.059998,72.620003,71.68,72.459999,1386800,71.4492
2015-08-06,73.870003,73.889999,71.190002,72.269997,2155200,71.261848
2015-08-05,73.019997,74.07,72.989998,73.940002,1982800,72.908558
2015-08-04,72.75,73.300003,72.510002,72.779999,962200,71.764736
2015-08-03,73.139999,73.169998,72.349998,72.720001,1181700,71.705575
2015-07-31,73.230003,73.419998,72.800003,73.080002,983200,72.060554
2015-07-30,72.959999,73.150002,72.160004,72.879997,964800,71.863339
2015-07-29,72.559998,73.309998,72.080002,73.199997,1329000,72.178875
2015-07-28,71.800003,72.519997,71.209999,72.410004,1479300,71.399902
2015-07-27,71.589996,72.00,70.980003,71.470001,1662200,70.473012
2015-07-24,73.019997,73.110001,71.830002,71.839996,1255600,70.837846
2015-07-23,74.129997,74.510002,72.879997,73.040001,1795300,72.021111
2015-07-22,73.07,73.739998,72.510002,73.699997,2064000,72.6719
2015-07-21,74.300003,74.559998,71.589996,73.160004,4082300,72.13944
2015-07-20,73.699997,74.18,73.410004,74.059998,3645300,73.026879