2015-12-16,47.200001,47.48,45.990002,46.720001,2731000,46.720001
2015-12-15,47.740002,48.48,47.709999,47.880001,2360100,46.480001
2015-12-14,47.509998,47.919998,46.799999,47.509998,2525200,46.120817
2015-12-11,47.959999,49.00,46.91,47.25,2700600,45.868421
2015-12-10,48.700001,49.299999,48.549999,48.880001,1799100,47.450761
2015-12-09,48.380001,49.689999,48.23,48.84,3053800,47.41193
2015-12-08,48.639999,48.900002,47.990002,48.450001,3250100,47.033334
2015-12-07,49.59,49.689999,48.740002,49.02,2449800,47.586667
2015-12-04,48.860001,50.310001,48.630001,49.779999,4978500,48.324443
2015-12-03,49.889999,49.889999,48.27,48.790001,6483800,47.363392
2015-12-02,51.52,51.970001,51.169998,51.25,2599400,49.751462
2015-12-01,51.209999,51.68,50.91,51.59,3113400,50.08152
2015-11-30,51.669998,52.099998,51.02,51.959999,2763500,50.4407
2015-11-27,51.580002,52.080002,51.43,51.84,678200,50.32421
2015-11-25,51.459999,51.959999,51.450001,51.599998,1558400,50.091226
2015-11-24,50.869999,51.75,50.73,51.459999,1602100,49.95532
2015-11-23,51.580002,51.959999,51.240002,51.34,1312800,49.83883
2015-11-20,51.369999,51.790001,51.060001,51.439999,2578000,49.935905
2015-11-19,51.450001,51.50,50.560001,51.060001,1948500,49.567018
2015-11-18,50.049999,51.580002,49.889999,51.50,2202100,49.994152
2015-11-17,50.369999,50.509998,49.919998,50.009998,1575600,48.547717
2015-11-16,49.970001,50.470001,49.560001,50.360001,1862700,48.887486
2015-11-13,49.91,50.50,49.740002,50.009998,1345900,48.547717
2015-11-12,50.869999,51.110001,49.900002,49.98,2087000,48.518596
2015-11-11,51.66,51.720001,51.00,51.23,1479500,49.732046
2015-11-10,51.689999,52.189999,51.049999,51.400002,2483100,49.897077
2015-11-09,53.580002,54.50,51.790001,52.07,2073800,50.314503
2015-11-06,53.470001,54.23,53.099998,53.950001,2525100,52.131121
2015-11-05,52.880001,53.549999,52.389999,53.48,1988100,51.676965
2015-11-04,52.610001,53.389999,52.360001,52.759998,2166800,50.981238
2015-11-03,53.549999,53.939999,52.73,53.23,2516900,51.435394
2015-11-02,52.860001,54.00,52.599998,53.709999,1933200,51.899211
2015-10-30,53.169998,53.240002,52.07,52.650002,2284300,50.87495
2015-10-29,53.619999,53.759998,52.740002,53.139999,1852400,51.348428
2015-10-28,51.549999,53.799999,50.529999,53.73,4675800,51.918537
2015-10-27,51.43,53.990002,49.459999,51.200001,7052400,49.473835
2015-10-26,54.900002,55.169998,54.599998,54.889999,4122200,53.039428
2015-10-23,54.060001,55.040001,53.73,54.849998,3016900,53.000776
2015-10-22,53.830002,54.25,52.880001,53.93,2675800,52.111795
2015-10-21,53.259998,53.709999,52.599998,52.77,2485500,50.990903
2015-10-20,51.540001,53.189999,51.279999,53.02,3300900,51.232475
2015-10-19,52.439999,52.970001,51.939999,52.259998,2824500,50.498096
2015-10-16,53.689999,53.689999,51.939999,52.529999,4392400,50.758993
2015-10-15,53.560001,54.50,52.709999,53.48,2354900,51.676965
2015-10-14,54.209999,54.209999,53.169998,53.299999,1871200,51.503034
2015-10-13,54.630001,54.709999,53.73,53.91,2184000,52.092469
2015-10-12,55.349998,55.799999,54.75,54.860001,1480100,53.010441
2015-10-09,55.310001,56.049999,54.919998,55.279999,1926100,53.416279
2015-10-08,54.869999,55.970001,54.650002,55.799999,1893800,53.918748
2015-10-07,54.389999,55.66,54.16,55.049999,3233500,53.194034
2015-10-06,53.990002,54.50,53.66,54.09,2211000,52.2664
2015-10-05,52.540001,54.509998,52.009998,54.25,2822700,52.421006
2015-10-02,50.66,52.169998,50.00,52.060001,6356800,50.304841
2015-10-01,52.27,52.709999,51.02,51.66,2844800,49.918326
2015-09-30,52.549999,52.779999,51.509998,52.169998,3307300,50.41113
2015-09-29,51.860001,52.82,51.759998,52.209999,3276200,50.449782
2015-09-28,52.650002,53.16,51.560001,51.77,3515600,50.024618
2015-09-25,54.380001,54.709999,52.970001,53.16,3462800,51.367754
2015-09-24,54.470001,54.860001,53.630001,54.490002,2903500,52.652916
2015-09-23,54.990002,55.400002,54.450001,54.98,2226200,53.126394
2015-09-22,55.540001,56.259998,54.459999,55.040001,2436600,53.184373
2015-09-21,56.459999,57.119999,56.09,56.549999,1434700,54.643463
2015-09-18,57.02,57.150002,55.810001,56.310001,2895500,54.411556
2015-09-17,58.470001,58.82,57.599998,57.75,2212000,55.803006
2015-09-16,58.400002,58.77,58.209999,58.650002,1165900,56.672665
2015-09-15,57.360001,58.330002,56.869999,58.27,2100700,56.305475
2015-09-14,57.41,57.57,56.970001,57.060001,1337300,55.13627
2015-09-11,57.200001,57.509998,56.790001,57.470001,1714600,55.532448
2015-09-10,57.209999,57.830002,57.009998,57.34,2242500,55.406829
2015-09-09,58.110001,58.400002,57.25,57.380001,2065700,55.445482
2015-09-08,57.82,57.82,57.02,57.599998,2586800,55.658062
2015-09-04,57.200001,57.450001,56.630001,56.84,2310600,54.923686
2015-09-03,58.27,58.759998,57.939999,58.07,2502600,56.112218
2015-09-02,57.900002,58.150002,56.860001,58.150002,2713100,56.189522
2015-09-01,57.77,58.09,56.68,57.029999,2824900,55.107279
2015-08-31,59.139999,59.459999,58.740002,58.970001,1792900,56.981876
2015-08-28,59.02,59.68,58.939999,59.450001,1653100,57.445693
2015-08-27,59.860001,60.00,58.48,59.580002,3008700,57.571311
2015-08-26,57.57,58.43,56.330002,58.279999,4136600,56.315137
2015-08-25,57.369999,58.18,55.830002,55.900002,3437100,54.015379
2015-08-24,54.75,57.900002,53.450001,56.389999,5426200,54.488857
2015-08-21,60.150002,60.52,58.419998,58.439999,3514400,56.469742
2015-08-20,62.25,62.259998,60.82,60.82,2070300,58.769504
2015-08-19,62.669998,63.049999,61.810001,62.48,1895400,60.373538
2015-08-18,63.040001,63.169998,62.580002,62.939999,1373600,60.818028
2015-08-17,62.599998,63.169998,62.060001,63.029999,1179300,60.904994
2015-08-14,62.740002,63.139999,62.630001,62.919998,1055400,60.798702
2015-08-13,62.599998,63.009998,62.189999,62.669998,1054100,60.557131
2015-08-12,62.34,62.93,61.810001,62.77,2201800,60.653762
2015-08-11,63.450001,63.450001,62.369999,62.990002,2358400,60.634438
2015-08-10,63.689999,64.029999,63.439999,63.82,1947600,61.433398
2015-08-07,63.869999,63.869999,62.610001,62.950001,1714000,60.595933
2015-08-06,63.669998,63.73,62.990002,63.299999,1603800,60.932843
2015-08-05,64.120003,64.639999,63.349998,63.599998,1569200,61.221623
2015-08-04,64.050003,64.330002,62.799999,63.139999,2459100,60.778826
2015-08-03,64.879997,64.970001,63.810001,64.480003,2002900,62.06872
2015-07-31,65.220001,65.260002,64.269997,64.839996,2380400,62.415251
2015-07-30,64.760002,64.93,63.509998,64.760002,3147700,62.338248
2015-07-29,64.860001,65.720001,64.860001,65.660004,2929100,63.204593
2015-07-28,65.639999,66.43,63.759998,64.800003,3385800,62.376753
2015-07-27,64.769997,65.029999,64.199997,64.650002,3403200,62.232361
2015-07-24,65.330002,65.330002,64.459999,64.900002,3620400,62.473012
2015-07-23,65.300003,65.75,65.010002,65.290001,2499100,62.848427
2015-07-22,65.449997,65.660004,65.120003,65.459999,2300400,63.012068
2015-07-21,64.599998,65.510002,64.559998,65.230003,2508100,62.790673
2015-07-20,64.629997,65.059998,64.339996,64.889999,1589400,62.463384