2015-12-16,52.84,54.290001,52.73,54.23,2450100,54.23
2015-12-15,52.43,53.380001,52.400002,52.700001,2830600,52.700001
2015-12-14,51.84,52.34,51.48,52.279999,2014800,52.279999
2015-12-11,51.560001,52.139999,51.189999,51.709999,2283300,51.709999
2015-12-10,52.599998,52.799999,51.43,51.650002,3088500,51.650002
2015-12-09,52.540001,53.439999,52.41,52.57,2219500,52.57
2015-12-08,53.02,53.18,52.07,52.720001,2376600,52.720001
2015-12-07,53.060001,53.16,52.07,53.139999,3441900,53.139999
2015-12-04,52.009998,53.209999,52.009998,53.119999,4915000,53.119999
2015-12-03,51.799999,52.220001,51.400002,51.810001,3279500,51.810001
2015-12-02,52.720001,52.880001,52.139999,52.220001,2976400,52.220001
2015-12-01,53.040001,53.299999,52.389999,52.93,1619600,52.93
2015-11-30,52.75,53.290001,52.639999,52.73,3269300,52.73
2015-11-27,52.43,53.049999,52.43,52.77,726200,52.77
2015-11-25,52.669998,52.689999,52.169998,52.360001,1362000,52.360001
2015-11-24,52.529999,52.720001,52.029999,52.549999,2684900,52.549999
2015-11-23,52.669998,53.639999,52.529999,52.73,2954500,52.73
2015-11-20,53.490002,53.939999,53.34,53.580002,1873600,53.580002
2015-11-19,52.790001,53.400002,52.669998,53.189999,1663100,53.189999
2015-11-18,52.169998,52.779999,51.720001,52.669998,2248000,52.669998
2015-11-17,53.25,53.68,51.950001,52.150002,2870700,52.150002
2015-11-16,52.220001,53.450001,52.049999,53.439999,2170700,53.439999
2015-11-13,52.790001,53.32,52.130001,52.259998,2074500,52.259998
2015-11-12,53.560001,54.119999,52.77,52.790001,1734900,52.790001
2015-11-11,53.459999,53.790001,53.32,53.669998,2667600,53.669998
2015-11-10,52.470001,53.389999,52.279999,53.369999,2730900,53.369999
2015-11-09,51.720001,52.700001,51.619999,52.50,3455000,52.50
2015-11-06,52.849998,52.849998,51.049999,51.93,4892300,51.93
2015-11-05,54.07,54.380001,53.669998,53.720001,2902600,53.720001
2015-11-04,53.48,54.209999,53.389999,54.16,2823800,54.16
2015-11-03,53.369999,53.689999,52.970001,53.630001,2370400,53.630001
2015-11-02,53.349998,53.73,52.93,53.549999,2595200,53.549999
2015-10-30,52.470001,53.759998,52.369999,53.400002,4782300,53.400002
2015-10-29,52.75,53.34,51.470001,52.349998,5265500,52.349998
2015-10-28,53.900002,54.099998,52.139999,52.950001,3980000,52.950001
2015-10-27,53.73,54.209999,53.73,54.07,4097100,54.07
2015-10-26,53.77,53.91,53.27,53.790001,3388400,53.790001
2015-10-23,54.41,54.57,53.57,53.630001,2382500,53.630001
2015-10-22,54.240002,54.700001,54.220001,54.50,2286800,54.50
2015-10-21,54.709999,54.990002,54.130001,54.169998,1798400,54.169998
2015-10-20,54.09,54.830002,54.00,54.330002,1671000,54.330002
2015-10-19,53.93,54.290001,53.619999,54.290001,2782500,54.290001
2015-10-16,53.990002,54.349998,53.880001,54.029999,4209200,54.029999
2015-10-15,52.880001,54.080002,52.869999,54.049999,3015400,54.049999
2015-10-14,52.799999,53.290001,52.700001,52.77,2473000,52.77
2015-10-13,52.990002,53.23,52.68,52.740002,2323800,52.740002
2015-10-12,52.709999,53.400002,52.650002,53.00,4137900,53.00
2015-10-09,53.09,53.279999,52.459999,52.50,2921000,52.50
2015-10-08,52.580002,53.25,52.349998,53.09,2576500,53.09
2015-10-07,53.200001,53.27,52.470001,52.73,2464800,52.73
2015-10-06,53.419998,53.490002,52.689999,53.110001,3423500,53.110001
2015-10-05,53.27,53.50,52.720001,53.459999,3164600,53.459999
2015-10-02,52.740002,53.00,52.240002,53.00,2828400,53.00
2015-10-01,52.919998,53.00,52.259998,52.580002,3085600,52.580002
2015-09-30,52.299999,52.91,52.049999,52.799999,4164700,52.799999
2015-09-29,52.110001,52.18,51.459999,52.009998,3281500,52.009998
2015-09-28,52.259998,52.73,51.790001,52.009998,3278700,52.009998
2015-09-25,52.560001,53.59,52.369999,52.919998,3907200,52.464997
2015-09-24,51.709999,52.599998,51.349998,52.439999,4600600,51.989124
2015-09-23,51.490002,52.049999,51.18,52.00,6284200,51.552909
2015-09-22,50.919998,51.689999,50.52,51.450001,7625800,51.007638
2015-09-21,50.689999,51.349998,50.52,51.18,3629600,50.739959
2015-09-18,49.900002,51.099998,49.32,50.529999,9342800,50.095546
2015-09-17,49.209999,51.029999,48.939999,50.09,5314400,49.659331
2015-09-16,48.799999,49.380001,48.73,49.279999,2387100,48.856294
2015-09-15,48.580002,49.009998,48.200001,48.799999,4465200,48.380421
2015-09-14,48.52,48.84,48.02,48.490002,3257700,48.073089
2015-09-11,47.529999,48.48,47.470001,48.439999,3036500,48.023516
2015-09-10,47.779999,48.32,47.540001,47.700001,3056900,47.28988
2015-09-09,49.00,49.080002,47.82,47.91,3499300,47.498074
2015-09-08,48.299999,48.790001,47.900002,48.779999,5176200,48.360593
2015-09-04,47.830002,47.970001,47.419998,47.599998,2813600,47.190738
2015-09-03,47.98,48.43,47.73,48.299999,2566000,47.88472
2015-09-02,48.34,48.799999,47.330002,47.93,3055600,47.517902
2015-09-01,48.52,48.900002,47.59,47.880001,3462200,47.468333
2015-08-31,50.240002,50.529999,49.41,49.580002,3144400,49.153717
2015-08-28,50.290001,50.509998,49.759998,50.419998,2511100,49.986492
2015-08-27,49.68,50.400002,49.27,50.34,5577500,49.907181
2015-08-26,49.630001,49.669998,48.509998,49.43,4967600,49.005006
2015-08-25,51.080002,51.16,48.900002,48.959999,3850600,48.539045
2015-08-24,51.50,52.48,49.939999,50.41,7272100,49.976579
2015-08-21,53.490002,53.959999,53.040001,53.080002,2665500,52.623625
2015-08-20,53.799999,54.459999,53.549999,53.880001,1707200,53.416746
2015-08-19,54.18,54.389999,53.720001,54.130001,2337900,53.664596
2015-08-18,54.080002,54.509998,53.810001,54.41,2317500,53.942188
2015-08-17,54.139999,54.630001,53.970001,54.27,1872500,53.803392
2015-08-14,53.220001,54.099998,53.009998,54.080002,1673200,53.615027
2015-08-13,53.02,53.619999,52.50,53.360001,2276300,52.901216
2015-08-12,52.400002,53.299999,52.299999,53.18,4918800,52.722763
2015-08-11,52.23,53.049999,52.130001,52.630001,2059600,52.177493
2015-08-10,52.950001,53.16,52.139999,52.240002,1848200,51.790847
2015-08-07,51.98,53.00,51.790001,52.889999,2071000,52.435256
2015-08-06,51.990002,52.240002,51.639999,52.16,6080400,51.711533
2015-08-05,51.84,52.040001,51.549999,51.830002,7303400,51.384372
2015-08-04,52.43,52.470001,51.889999,51.990002,2390900,51.542996
2015-08-03,52.66,52.91,52.299999,52.639999,2403700,52.187405
2015-07-31,52.560001,53.25,52.43,52.509998,2825700,52.058522
2015-07-30,52.060001,52.490002,51.799999,52.18,3044000,51.731361
2015-07-29,51.900002,52.689999,51.66,52.34,3111900,51.889986
2015-07-28,51.73,52.290001,51.560001,52.279999,4114900,51.8305
2015-07-27,50.439999,51.869999,50.439999,51.830002,3111000,51.384372
2015-07-24,50.290001,50.580002,50.110001,50.349998,2835000,49.917094
2015-07-23,51.139999,51.27,50.150002,50.330002,2534700,49.897269
2015-07-22,50.630001,51.48,50.59,51.32,3136400,50.878755
2015-07-21,51.080002,51.16,50.34,50.599998,2105900,50.164944
2015-07-20,51.279999,51.450001,50.82,51.189999,1428400,50.749872