2015-12-16,47.380001,48.540001,47.189999,48.400002,1196600,48.400002
2015-12-15,47.16,47.540001,46.860001,47.18,1348100,47.18
2015-12-14,47.880001,48.080002,46.759998,47.060001,1703300,47.060001
2015-12-11,48.18,48.57,47.529999,47.830002,1014800,47.830002
2015-12-10,49.220001,49.220001,48.439999,48.630001,1190200,48.630001
2015-12-09,49.369999,49.990002,48.880001,49.110001,879900,49.110001
2015-12-08,49.869999,49.959999,49.439999,49.59,683100,49.59
2015-12-07,50.150002,50.32,49.709999,49.939999,871700,49.939999
2015-12-04,49.599998,50.540001,49.509998,50.369999,962300,50.369999
2015-12-03,49.990002,50.080002,49.080002,49.41,1131900,49.41
2015-12-02,50.59,50.82,49.849998,49.990002,775700,49.990002
2015-12-01,50.889999,51.630001,50.529999,50.639999,1309100,50.639999
2015-11-30,51.099998,51.259998,50.560001,50.810001,2444600,50.810001
2015-11-27,50.73,51.330002,50.630001,51.080002,875200,51.080002
2015-11-25,50.630001,50.900002,50.34,50.73,1277000,50.73
2015-11-24,49.84,50.560001,49.57,50.540001,1325100,50.540001
2015-11-23,50.349998,50.669998,49.919998,50.09,1710400,50.09
2015-11-20,50.23,50.639999,50.099998,50.41,1555100,50.41
2015-11-19,50.00,50.25,49.779999,50.009998,1629900,50.009998
2015-11-18,48.50,49.98,48.32,49.959999,2070200,49.959999
2015-11-17,47.509998,48.950001,47.150002,48.43,2296500,48.43
2015-11-16,46.099998,47.639999,45.959999,47.119999,3539100,47.119999
2015-11-13,46.759998,46.889999,45.860001,46.189999,2367900,46.189999
2015-11-12,46.709999,46.82,46.330002,46.529999,2696800,46.529999
2015-11-11,45.849998,47.07,45.82,46.950001,4230900,46.950001
2015-11-10,46.75,46.939999,46.150002,46.209999,4443500,46.209999
2015-11-09,45.259998,47.560001,45.00,47.259998,13632100,46.819999
2015-11-06,40.650002,40.759998,39.93,40.290001,1121500,39.914894
2015-11-05,41.049999,41.189999,40.810001,41.07,718300,40.68763
2015-11-04,41.18,41.299999,40.93,41.060001,669900,40.677725
2015-11-03,41.419998,41.419998,41.00,41.169998,663500,40.786698
2015-11-02,40.68,41.59,40.529999,41.509998,910400,41.123533
2015-10-30,40.869999,40.959999,40.580002,40.740002,843200,40.360705
2015-10-29,40.830002,40.91,40.529999,40.82,706400,40.439958
2015-10-28,40.349998,41.110001,40.080002,40.990002,1284400,40.608377
2015-10-27,40.619999,41.380001,39.93,40.369999,1348900,39.994147
2015-10-26,40.91,40.91,40.380001,40.790001,1117100,40.410238
2015-10-23,41.349998,41.48,40.490002,40.849998,1273800,40.469677
2015-10-22,40.98,41.490002,40.869999,41.349998,851400,40.965022
2015-10-21,40.950001,41.139999,40.740002,40.799999,605500,40.420144
2015-10-20,41.099998,41.200001,40.779999,40.950001,1000500,40.568749
2015-10-19,40.939999,41.150002,40.740002,41.130001,518600,40.747073
2015-10-16,40.849998,41.09,40.490002,41.00,1107900,40.618282
2015-10-15,41.099998,41.209999,40.490002,40.849998,1051800,40.469677
2015-10-14,41.16,41.32,41.00,41.080002,711100,40.697539
2015-10-13,41.049999,41.34,41.049999,41.18,641300,40.796607
2015-10-12,41.279999,41.48,40.990002,41.189999,557000,40.806512
2015-10-09,41.34,41.529999,41.029999,41.200001,581000,40.816421
2015-10-08,40.990002,41.380001,40.91,41.32,666300,40.935303
2015-10-07,40.700001,41.029999,40.669998,41.029999,754000,40.648002
2015-10-06,40.720001,40.82,40.509998,40.59,613400,40.2121
2015-10-05,40.130001,40.759998,40.110001,40.720001,1026200,40.34089
2015-10-02,39.299999,39.990002,39.009998,39.990002,895500,39.617687
2015-10-01,39.59,39.68,39.169998,39.52,742300,39.152062
2015-09-30,39.68,39.810001,39.299999,39.509998,1088000,39.142153
2015-09-29,39.220001,39.560001,39.16,39.43,812400,39.0629
2015-09-28,39.52,39.700001,39.029999,39.25,864000,38.884575
2015-09-25,39.50,39.779999,39.279999,39.669998,992800,39.300663
2015-09-24,39.77,39.869999,39.259998,39.459999,727500,39.092619
2015-09-23,40.09,40.220001,39.639999,39.91,861100,39.53843
2015-09-22,40.360001,40.619999,39.84,40.080002,1165400,39.70685
2015-09-21,40.18,40.619999,39.91,40.619999,1259900,40.241819
2015-09-18,39.900002,40.700001,39.900002,40.07,1895500,39.696941
2015-09-17,39.580002,41.02,39.41,40.41,2306200,40.033775
2015-09-16,38.00,39.779999,38.00,39.619999,2521600,39.251129
2015-09-15,37.400002,37.490002,37.099998,37.400002,821800,37.051801
2015-09-14,37.490002,37.540001,37.209999,37.360001,1134800,37.012172
2015-09-11,37.130001,37.540001,36.950001,37.490002,1036200,37.140963
2015-09-10,37.130001,37.580002,37.130001,37.310001,818800,36.962638
2015-09-09,37.900002,38.00,37.240002,37.310001,1143500,36.962638
2015-09-08,38.00,38.18,37.610001,37.669998,1272500,37.319283
2015-09-04,38.099998,38.189999,37.419998,37.669998,946800,37.319283
2015-09-03,38.470001,38.779999,38.279999,38.349998,1012600,37.992953
2015-09-02,38.610001,38.669998,38.119999,38.389999,883800,38.032581
2015-09-01,37.91,38.52,37.849998,38.25,1915400,37.893885
2015-08-31,39.009998,39.150002,38.490002,38.490002,1277900,38.131653
2015-08-28,38.98,39.150002,38.799999,39.119999,1248000,38.755784
2015-08-27,38.869999,39.209999,38.50,39.009998,1853300,38.646808
2015-08-26,38.759998,38.849998,38.110001,38.610001,2184900,38.250534
2015-08-25,40.32,40.419998,38.07,38.099998,3942500,37.74528
2015-08-24,40.150002,40.77,39.580002,39.869999,2869400,39.498802
2015-08-21,41.23,41.360001,40.740002,40.77,1623700,40.390424
2015-08-20,41.459999,41.720001,41.139999,41.389999,839300,41.004651
2015-08-19,41.799999,41.93,41.439999,41.650002,618900,41.262232
2015-08-18,41.720001,41.990002,41.50,41.919998,692800,41.529715
2015-08-17,41.549999,41.779999,41.040001,41.77,887400,41.381114
2015-08-14,41.349998,41.669998,41.130001,41.610001,908500,41.222604
2015-08-13,40.919998,41.43,40.779999,41.299999,888300,40.915489
2015-08-12,40.889999,41.009998,40.580002,40.959999,1152100,40.578654
2015-08-11,41.290001,41.59,41.150002,41.400002,881200,40.578655
2015-08-10,41.360001,41.68,41.259998,41.360001,965600,40.539448
2015-08-07,41.189999,41.349998,41.029999,41.18,859200,40.363018
2015-08-06,41.52,41.580002,40.959999,41.279999,819300,40.461033
2015-08-05,41.619999,41.779999,41.470001,41.560001,949200,40.735481
2015-08-04,41.330002,41.75,40.950001,41.470001,955600,40.647266
2015-08-03,41.009998,41.380001,40.790001,41.349998,658500,40.529644
2015-07-31,41.060001,41.23,40.900002,41.00,778000,40.186589
2015-07-30,40.73,41.029999,40.560001,40.799999,889200,39.990556
2015-07-29,40.939999,41.029999,40.439999,40.889999,951700,40.078771
2015-07-28,40.490002,41.130001,40.400002,40.869999,1782800,40.059167
2015-07-27,40.099998,40.34,39.990002,40.220001,1587400,39.422065
2015-07-24,40.029999,40.27,39.990002,40.119999,774700,39.324047
2015-07-23,40.330002,40.43,39.810001,40.110001,1057100,39.314247
2015-07-22,40.139999,40.540001,40.139999,40.32,882000,39.52008
2015-07-21,40.709999,40.880001,40.169998,40.169998,1216800,39.373054
2015-07-20,40.82,40.93,40.599998,40.709999,845400,39.902342