2015-12-16,43.82,44.630001,43.740002,44.560001,1000300,44.560001
2015-12-15,43.950001,44.040001,43.34,43.619999,1091000,43.619999
2015-12-14,43.75,43.84,43.23,43.560001,1090900,43.560001
2015-12-11,43.689999,44.150002,43.52,43.759998,717600,43.759998
2015-12-10,44.099998,44.369999,43.970001,44.200001,924700,44.200001
2015-12-09,44.41,44.599998,43.919998,44.060001,756600,44.060001
2015-12-08,44.889999,44.889999,44.299999,44.48,854500,44.48
2015-12-07,45.09,45.189999,44.66,45.130001,538000,45.130001
2015-12-04,44.389999,44.990002,44.209999,44.959999,1040400,44.959999
2015-12-03,45.580002,45.66,44.209999,44.349998,990800,44.349998
2015-12-02,45.419998,45.860001,45.369999,45.470001,566800,45.470001
2015-12-01,45.560001,45.900002,45.360001,45.77,695300,45.77
2015-11-30,45.59,46.00,45.419998,45.57,948300,45.57
2015-11-27,45.709999,45.73,45.209999,45.59,446600,45.59
2015-11-25,45.16,45.720001,44.470001,45.599998,881800,45.599998
2015-11-24,46.02,47.09,44.970001,45.709999,2022700,45.709999
2015-11-23,48.50,48.869999,47.810001,48.630001,1099300,48.630001
2015-11-20,48.389999,48.720001,48.259998,48.490002,869900,48.490002
2015-11-19,48.490002,48.860001,48.139999,48.279999,783100,48.279999
2015-11-18,47.880001,48.810001,47.810001,48.75,747100,48.75
2015-11-17,46.77,48.060001,46.77,47.84,409700,47.84
2015-11-16,46.77,47.540001,46.77,47.50,483800,47.50
2015-11-13,47.130001,47.240002,46.610001,46.77,904000,46.77
2015-11-12,47.77,47.959999,47.029999,47.049999,434000,47.049999
2015-11-11,48.48,48.48,48.00,48.060001,673100,48.060001
2015-11-10,47.93,48.349998,47.650002,48.07,396100,48.07
2015-11-09,48.080002,48.240002,47.59,47.919998,385200,47.919998
2015-11-06,47.919998,48.330002,47.759998,48.189999,597700,48.189999
2015-11-05,48.080002,48.450001,47.82,48.119999,583100,48.119999
2015-11-04,47.900002,48.279999,47.759998,48.09,661500,48.09
2015-11-03,48.040001,48.150002,47.529999,47.939999,516200,47.939999
2015-11-02,47.400002,48.099998,47.220001,48.009998,613100,48.009998
2015-10-30,47.630001,47.93,47.330002,47.400002,818800,47.400002
2015-10-29,46.970001,47.630001,46.75,47.529999,770200,47.529999
2015-10-28,46.860001,46.939999,46.349998,46.869999,1187300,46.869999
2015-10-27,46.68,47.259998,46.150002,46.66,1233900,46.66
2015-10-26,46.990002,47.310001,46.779999,47.02,754600,47.02
2015-10-23,45.990002,47.080002,45.84,47.009998,1138500,47.009998
2015-10-22,46.43,46.560001,45.459999,45.700001,984800,45.700001
2015-10-21,46.240002,46.580002,45.810001,46.209999,699200,46.209999
2015-10-20,46.00,46.369999,46.00,46.150002,621100,46.150002
2015-10-19,45.700001,46.209999,45.459999,46.060001,944800,46.060001
2015-10-16,45.880001,46.419998,45.59,45.93,1098100,45.93
2015-10-15,45.18,45.939999,45.060001,45.639999,1053100,45.639999
2015-10-14,45.669998,46.09,44.200001,45.18,1057900,45.18
2015-10-13,46.720001,47.009998,46.09,46.110001,1437000,45.890002
2015-10-12,46.639999,46.869999,46.34,46.740002,1024800,46.516997
2015-10-09,45.939999,46.98,45.919998,46.77,1078400,46.546853
2015-10-08,45.040001,46.040001,45.00,45.990002,1196900,45.770575
2015-10-07,44.32,45.099998,44.060001,45.009998,1171900,44.795248
2015-10-06,44.560001,44.709999,43.990002,44.130001,891100,43.919449
2015-10-05,44.360001,44.799999,44.290001,44.720001,875300,44.506634
2015-10-02,42.880001,43.990002,42.799999,43.990002,970400,43.780118
2015-10-01,43.25,43.330002,42.619999,43.189999,950000,42.983932
2015-09-30,43.41,43.68,42.84,43.25,1411500,43.043647
2015-09-29,42.779999,43.419998,42.66,42.970001,1170300,42.764984
2015-09-28,44.200001,44.23,42.650002,42.91,1409200,42.705269
2015-09-25,45.259998,45.349998,44.07,44.299999,1035800,44.088636
2015-09-24,44.93,45.080002,44.52,45.009998,631600,44.795248
2015-09-23,45.150002,45.310001,44.860001,45.099998,742600,44.884819
2015-09-22,44.75,45.099998,44.599998,45.009998,819100,44.795248
2015-09-21,45.09,45.540001,44.790001,45.209999,1026100,44.994294
2015-09-18,44.639999,45.279999,44.43,44.919998,1509100,44.705677
2015-09-17,45.00,45.540001,44.77,45.02,1013000,44.805202
2015-09-16,44.330002,45.23,43.470001,44.990002,1904500,44.775347
2015-09-15,45.630001,46.23,45.580002,46.029999,678900,45.810382
2015-09-14,45.66,45.790001,45.369999,45.66,536900,45.442148
2015-09-11,45.25,45.849998,45.16,45.73,789500,45.511814
2015-09-10,44.970001,45.779999,44.880001,45.529999,712100,45.312767
2015-09-09,46.310001,46.490002,45.139999,45.209999,819000,44.994294
2015-09-08,45.150002,46.060001,44.849998,46.029999,1259600,45.810382
2015-09-04,44.439999,44.889999,44.09,44.68,971700,44.466824
2015-09-03,45.029999,45.220001,44.740002,44.84,929500,44.626061
2015-09-02,44.709999,44.939999,44.290001,44.939999,1221000,44.725582
2015-09-01,45.060001,45.57,44.310001,44.459999,2000900,44.247873
2015-08-31,46.130001,46.720001,45.650002,45.830002,1878400,45.611339
2015-08-28,45.919998,46.43,45.119999,46.389999,2600300,46.168665
2015-08-27,48.200001,48.490002,45.040001,45.939999,4341000,45.720811
2015-08-26,48.220001,49.09,47.349998,49.029999,1476900,48.796068
2015-08-25,48.349998,48.599998,47.259998,47.27,1084100,47.044467
2015-08-24,47.080002,48.84,45.799999,47.790001,1672100,47.561987
2015-08-21,49.919998,50.099998,49.119999,49.119999,1448000,48.885639
2015-08-20,51.040001,51.240002,50.119999,50.16,931300,49.920678
2015-08-19,51.150002,51.759998,50.880001,51.389999,1073900,51.144809
2015-08-18,51.119999,53.07,50.689999,51.549999,2677000,51.304045
2015-08-17,49.630001,50.029999,49.34,50.00,508400,49.761441
2015-08-14,49.599998,49.799999,49.27,49.790001,359900,49.552444
2015-08-13,49.450001,49.82,49.169998,49.619999,490600,49.383253
2015-08-12,49.529999,49.560001,48.759998,49.490002,780100,49.253876
2015-08-11,50.049999,50.189999,49.549999,49.860001,384900,49.62211
2015-08-10,50.119999,50.41,50.009998,50.169998,586200,49.930628
2015-08-07,49.82,49.990002,49.259998,49.740002,552200,49.502684
2015-08-06,50.200001,50.299999,49.48,49.779999,566700,49.54249
2015-08-05,49.889999,50.240002,49.509998,50.130001,777100,49.890822
2015-08-04,49.869999,50.360001,49.700001,49.77,759100,49.532539
2015-08-03,50.169998,50.27,49.610001,49.950001,591300,49.711681
2015-07-31,49.93,50.459999,49.779999,50.16,807000,49.920678
2015-07-30,48.779999,49.900002,48.549999,49.77,1074300,49.532539
2015-07-29,48.779999,49.09,48.610001,48.939999,833900,48.706497
2015-07-28,48.349998,48.669998,48.040001,48.669998,624400,48.437785
2015-07-27,48.349998,48.529999,48.009998,48.209999,792300,47.979981
2015-07-24,48.849998,48.919998,48.389999,48.470001,658900,48.238742
2015-07-23,49.59,49.650002,48.630001,48.709999,834700,48.477595
2015-07-22,48.950001,49.830002,48.880001,49.82,1184700,49.5823
2015-07-21,48.970001,49.200001,48.77,49.02,810200,48.786118
2015-07-20,49.18,49.23,48.900002,48.98,346000,48.746307