2015-12-16,32.43,32.669998,31.99,32.580002,43735700,32.580002
2015-12-15,32.619999,32.82,32.169998,32.259998,47002000,32.259998
2015-12-14,31.99,32.209999,31.84,32.18,37577900,32.18
2015-12-11,32.110001,32.23,31.969999,32.060001,40160400,32.060001
2015-12-10,32.43,32.720001,32.240002,32.360001,51574600,32.360001
2015-12-09,32.419998,32.650002,32.119999,32.290001,38627100,32.290001
2015-12-08,32.349998,32.740002,32.290001,32.529999,25711000,32.529999
2015-12-07,32.740002,32.880001,32.450001,32.66,20912200,32.66
2015-12-04,32.490002,32.889999,32.41,32.799999,31457700,32.799999
2015-12-03,32.919998,33.00,32.360001,32.389999,47323100,32.389999
2015-12-02,33.669998,33.830002,32.790001,32.900002,31720100,32.900002
2015-12-01,33.00,33.73,32.799999,33.619999,49296700,33.619999
2015-11-30,32.91,32.91,32.529999,32.77,40531600,32.77
2015-11-27,32.919998,33.00,32.669998,32.790001,16119400,32.790001
2015-11-25,32.360001,33.240002,32.209999,32.869999,79383000,32.869999
2015-11-24,31.379999,32.150002,31.219999,31.969999,84026000,31.969999
2015-11-23,31.42,31.690001,30.99,31.33,124645600,31.33
2015-11-20,32.580002,32.59,32.080002,32.18,64599600,32.18
2015-11-19,32.790001,32.970001,31.950001,32.290001,90712700,32.290001
2015-11-18,33.080002,33.43,32.93,33.310001,35963300,33.310001
2015-11-17,33.200001,33.459999,32.869999,32.869999,29692200,32.869999
2015-11-16,33.290001,33.41,32.849998,33.16,25637100,33.16
2015-11-13,33.34,33.68,33.139999,33.27,18065900,33.27
2015-11-12,33.610001,33.700001,33.349998,33.389999,18000300,33.389999
2015-11-11,33.919998,34.209999,33.650002,33.740002,20503300,33.740002
2015-11-10,33.830002,33.970001,33.610001,33.790001,20968200,33.790001
2015-11-09,33.790001,33.860001,33.389999,33.650002,27015100,33.650002
2015-11-06,33.919998,34.049999,33.34,33.93,31249400,33.93
2015-11-05,34.23,34.290001,33.990002,34.150002,20492700,34.150002
2015-11-04,34.919998,34.970001,34.09,34.139999,30877000,34.139999
2015-11-03,34.990002,35.040001,34.650002,34.970001,29542800,34.690001
2015-11-02,34.169998,35.25,34.150002,35.060001,39500600,34.77928
2015-10-30,34.77,34.900002,33.73,33.82,57128900,33.549207
2015-10-29,34.25,35.900002,34.16,34.77,72026800,34.491602
2015-10-28,35.23,36.07,35.02,35.450001,34862900,35.166157
2015-10-27,35.009998,35.450001,34.650002,34.990002,40077800,34.709841
2015-10-26,34.00,34.369999,33.830002,34.16,23291100,33.886485
2015-10-23,33.459999,34.349998,33.23,34.049999,27534600,33.777365
2015-10-22,33.580002,33.639999,32.889999,33.330002,41366000,33.063133
2015-10-21,34.169998,34.34,33.029999,33.459999,33081200,33.192089
2015-10-20,34.650002,34.689999,33.759998,34.00,17491600,33.727766
2015-10-19,34.41,34.540001,34.09,34.50,15780800,34.223763
2015-10-16,34.349998,34.439999,34.00,34.41,17633700,34.134483
2015-10-15,32.93,34.139999,32.93,34.080002,26383100,33.807128
2015-10-14,33.040001,33.57,32.939999,33.040001,17729000,32.775454
2015-10-13,33.18,33.639999,32.82,32.98,19446100,32.715933
2015-10-12,33.23,33.439999,32.900002,33.220001,14841000,32.954013
2015-10-09,33.060001,33.580002,32.919998,33.240002,20406500,32.973853
2015-10-08,32.900002,33.240002,32.540001,33.09,30068200,32.825053
2015-10-07,33.099998,33.48,32.349998,33.290001,28750100,33.023452
2015-10-06,33.400002,33.599998,32.419998,32.790001,36590300,32.527456
2015-10-05,33.450001,33.889999,33.00,33.48,31996500,33.21193
2015-10-02,31.969999,33.110001,31.50,33.080002,41704700,32.815135
2015-10-01,31.299999,31.870001,31.10,31.84,29950600,31.585061
2015-09-30,31.450001,31.57,31.059999,31.41,32109300,31.158504
2015-09-29,30.709999,31.440001,30.66,31.02,31037200,30.771627
2015-09-28,31.700001,31.799999,30.639999,30.82,42582900,30.573228
2015-09-25,32.959999,33.099998,31.65,31.889999,34524000,31.63466
2015-09-24,32.360001,32.880001,32.07,32.700001,30464100,32.438176
2015-09-23,32.220001,32.810001,32.189999,32.619999,26124000,32.358815
2015-09-22,31.98,32.330002,31.84,32.259998,24288700,32.001697
2015-09-21,33.099998,33.330002,32.240002,32.419998,23705100,32.160415
2015-09-18,33.080002,33.43,32.84,32.849998,36750800,32.586973
2015-09-17,33.169998,33.959999,33.130001,33.48,25335000,33.21193
2015-09-16,32.98,33.279999,32.709999,33.18,21410000,32.914332
2015-09-15,32.950001,33.349998,32.810001,33.169998,20923900,32.90441
2015-09-14,32.939999,33.040001,32.580002,32.709999,15585400,32.448094
2015-09-11,32.57,32.990002,32.349998,32.970001,22379500,32.706015
2015-09-10,31.99,32.790001,31.940001,32.619999,31311500,32.358815
2015-09-09,33.00,33.029999,31.870001,31.959999,21397700,31.7041
2015-09-08,31.83,32.57,31.83,32.529999,25972800,32.269535
2015-09-04,31.450001,31.719999,31.129999,31.370001,22563000,31.118825
2015-09-03,32.27,32.419998,31.76,31.889999,21587900,31.63466
2015-09-02,31.93,31.969999,31.379999,31.969999,31423700,31.71402
2015-09-01,31.459999,31.870001,31.190001,31.360001,39136100,31.108905
2015-08-31,32.709999,32.720001,31.959999,32.220001,32034600,31.96202
2015-08-28,33.299999,33.360001,32.50,32.66,33491800,32.398495
2015-08-27,32.779999,33.619999,32.669998,33.259998,38593000,32.99369
2015-08-26,32.080002,32.549999,31.35,32.43,43645700,32.170337
2015-08-25,33.200001,33.220001,31.32,31.34,42299700,31.089065
2015-08-24,31.969999,33.25,28.469999,32.130001,52259900,31.87274
2015-08-21,34.240002,34.57,33.540001,33.540001,33488900,33.27145
2015-08-20,34.919998,35.139999,34.549999,34.549999,18764800,34.273362
2015-08-19,35.369999,35.490002,34.959999,35.27,17835400,34.987598
2015-08-18,35.389999,35.599998,35.279999,35.52,13343600,35.235596
2015-08-17,35.110001,35.529999,35.00,35.50,13880900,35.215756
2015-08-14,35.369999,35.50,35.040001,35.32,18067300,35.037197
2015-08-13,35.380001,35.619999,34.919998,35.360001,19540600,35.076878
2015-08-12,34.869999,35.470001,34.709999,35.369999,27597700,35.086796
2015-08-11,35.209999,35.240002,34.939999,35.119999,19234800,34.838798
2015-08-10,35.209999,35.470001,35.130001,35.360001,15619300,35.076878
2015-08-07,35.169998,35.299999,34.869999,35.189999,14653800,34.908237
2015-08-06,35.959999,35.98,35.029999,35.169998,24471400,34.888397
2015-08-05,36.07,36.169998,35.779999,35.82,24247800,35.533194
2015-08-04,36.220001,36.220001,35.82,36.110001,25733300,35.543115
2015-08-03,36.290001,36.299999,35.900002,36.150002,17096400,35.582488
2015-07-31,35.91,36.459999,35.869999,36.060001,29004400,35.493901
2015-07-30,35.68,36.00,35.389999,35.73,21501900,35.16908
2015-07-29,35.48,36.130001,35.439999,35.759998,45343500,35.198607
2015-07-28,34.939999,35.470001,34.400002,35.349998,36671100,34.795044
2015-07-27,34.169998,34.400002,33.880001,34.34,31323700,33.800902
2015-07-24,34.630001,34.720001,34.150002,34.259998,21428100,33.722156
2015-07-23,34.990002,35.00,34.630001,34.779999,12718100,34.233993
2015-07-22,35.060001,35.200001,34.77,34.880001,17624900,34.332425
2015-07-21,35.240002,35.34,34.880001,35.139999,17658600,34.588342
2015-07-20,35.130001,35.369999,35.080002,35.240002,14519000,34.686774