2015-12-16,31.209999,31.799999,31.049999,31.77,4217600,31.77
2015-12-15,30.99,31.190001,30.66,30.950001,4182300,30.950001
2015-12-14,30.34,30.860001,30.280001,30.77,3629400,30.77
2015-12-11,30.299999,30.549999,30.15,30.290001,2617100,30.290001
2015-12-10,30.66,30.99,30.49,30.690001,3002700,30.690001
2015-12-09,30.809999,31.16,30.50,30.66,3525100,30.66
2015-12-08,30.860001,31.08,30.77,30.959999,2812700,30.959999
2015-12-07,31.17,31.27,30.870001,31.02,2970700,31.02
2015-12-04,30.43,31.34,30.43,31.219999,4282300,31.219999
2015-12-03,30.870001,30.92,30.309999,30.389999,4143800,30.389999
2015-12-02,31.07,31.17,30.799999,30.83,3438800,30.83
2015-12-01,30.700001,31.17,30.690001,31.17,4911000,31.17
2015-11-30,31.120001,31.209999,30.790001,30.82,4668500,30.82
2015-11-27,31.280001,31.290001,31.07,31.120001,1607900,31.120001
2015-11-25,31.709999,31.82,31.23,31.299999,2188800,31.299999
2015-11-24,31.51,31.799999,31.48,31.74,2381700,31.74
2015-11-23,31.629999,31.91,31.549999,31.76,2719100,31.76
2015-11-20,31.51,31.84,31.43,31.58,2794400,31.58
2015-11-19,31.379999,31.530001,31.209999,31.40,2343100,31.40
2015-11-18,30.690001,31.450001,30.43,31.40,4413800,31.40
2015-11-17,30.93,31.10,30.74,30.75,3105100,30.75
2015-11-16,30.40,30.940001,30.129999,30.93,3295000,30.93
2015-11-13,30.99,31.08,30.60,30.719999,3243300,30.719999
2015-11-12,31.41,31.530001,31.030001,31.040001,3150200,31.040001
2015-11-11,31.530001,31.74,31.379999,31.58,2602300,31.58
2015-11-10,31.48,31.75,31.24,31.450001,5512500,31.450001
2015-11-09,31.99,32.049999,31.34,31.469999,5092200,31.469999
2015-11-06,31.790001,32.169998,31.32,32.009998,7693200,32.009998
2015-11-05,33.16,33.290001,32.23,32.380001,7335200,32.380001
2015-11-04,33.400002,33.50,33.119999,33.150002,2482100,33.150002
2015-11-03,33.549999,33.57,33.240002,33.380001,3109400,33.380001
2015-11-02,33.27,33.669998,33.139999,33.630001,3805500,33.630001
2015-10-30,33.619999,33.669998,33.110001,33.130001,3852800,33.130001
2015-10-29,33.540001,33.950001,33.509998,33.639999,2502500,33.639999
2015-10-28,33.189999,33.619999,33.060001,33.599998,2301800,33.599998
2015-10-27,33.00,33.18,32.93,33.18,3058800,33.18
2015-10-26,33.07,33.299999,33.049999,33.220001,2174000,33.220001
2015-10-23,33.18,33.25,32.939999,33.049999,2894700,33.049999
2015-10-22,32.849998,33.09,32.82,33.049999,2486400,33.049999
2015-10-21,33.00,33.110001,32.650002,32.68,2825000,32.68
2015-10-20,32.720001,32.98,32.720001,32.939999,2021500,32.939999
2015-10-19,32.450001,32.73,32.349998,32.68,2507900,32.68
2015-10-16,32.130001,32.68,31.99,32.52,4028500,32.52
2015-10-15,31.809999,32.02,31.549999,31.83,4150400,31.83
2015-10-14,32.049999,32.130001,31.50,31.559999,2357700,31.559999
2015-10-13,32.18,32.400002,32.02,32.09,2135100,32.09
2015-10-12,32.080002,32.369999,32.009998,32.27,2071600,32.27
2015-10-09,32.099998,32.290001,31.98,32.080002,3286800,32.080002
2015-10-08,31.50,32.16,31.50,32.130001,2510100,32.130001
2015-10-07,31.49,31.639999,31.360001,31.620001,2343000,31.620001
2015-10-06,31.299999,31.700001,31.209999,31.33,3636700,31.33
2015-10-05,31.280001,31.43,31.040001,31.389999,3714700,31.389999
2015-10-02,30.290001,31.059999,30.09,31.059999,4147700,31.059999
2015-10-01,30.719999,30.950001,30.34,30.67,3609200,30.67
2015-09-30,30.73,30.77,30.51,30.639999,4341100,30.639999
2015-09-29,30.290001,30.469999,29.90,30.440001,5105500,30.440001
2015-09-28,30.459999,30.690001,30.18,30.280001,3945000,30.280001
2015-09-25,31.02,31.129999,30.50,30.67,4121700,30.67
2015-09-24,30.469999,30.66,30.32,30.610001,3069800,30.610001
2015-09-23,30.629999,30.799999,30.52,30.68,2341900,30.68
2015-09-22,30.41,30.790001,30.41,30.66,2866200,30.66
2015-09-21,30.98,31.25,30.780001,30.92,3667100,30.92
2015-09-18,30.809999,31.18,30.27,30.620001,12851400,30.620001
2015-09-17,31.08,31.700001,31.02,31.34,5661700,31.34
2015-09-16,30.690001,31.09,30.559999,30.98,4110300,30.98
2015-09-15,30.309999,30.629999,30.18,30.58,2683500,30.58
2015-09-14,30.27,30.40,30.110001,30.18,3611000,30.18
2015-09-11,29.85,30.24,29.82,30.23,2696700,30.23
2015-09-10,29.66,30.120001,29.610001,29.98,3144600,29.98
2015-09-09,30.32,30.42,29.639999,29.68,3171400,29.68
2015-09-08,29.92,30.120001,29.629999,30.07,4202400,30.07
2015-09-04,29.459999,29.610001,29.32,29.469999,3471500,29.469999
2015-09-03,29.799999,30.09,29.639999,29.83,3127300,29.83
2015-09-02,29.60,29.68,29.34,29.67,3624900,29.67
2015-09-01,29.32,29.559999,29.120001,29.24,3673200,29.24
2015-08-31,30.02,30.10,29.84,29.959999,2922500,29.959999
2015-08-28,30.200001,30.200001,29.889999,30.049999,3122400,30.049999
2015-08-27,29.91,30.379999,29.74,30.25,4757000,30.25
2015-08-26,29.25,29.59,28.799999,29.51,6306300,29.51
2015-08-25,29.25,29.51,28.530001,28.549999,5679800,28.549999
2015-08-24,28.73,29.549999,27.23,28.74,8233700,28.74
2015-08-21,30.66,30.67,29.959999,29.959999,5532700,29.959999
2015-08-20,31.200001,31.27,30.870001,30.879999,3609700,30.879999
2015-08-19,31.10,31.57,31.00,31.450001,5836500,31.450001
2015-08-18,31.18,31.219999,31.02,31.190001,2639000,31.190001
2015-08-17,30.90,31.25,30.75,31.24,1976100,31.24
2015-08-14,31.00,31.15,30.879999,31.030001,2547000,31.030001
2015-08-13,31.00,31.129999,30.639999,31.00,2651000,31.00
2015-08-12,30.639999,30.879999,30.40,30.85,2599000,30.85
2015-08-11,30.639999,31.049999,30.629999,30.93,3282700,30.93
2015-08-10,30.780001,30.969999,30.74,30.90,2406300,30.90
2015-08-07,30.40,30.59,30.299999,30.57,2591000,30.57
2015-08-06,30.75,30.83,30.389999,30.49,3328200,30.49
2015-08-05,30.75,30.84,30.530001,30.74,3063000,30.74
2015-08-04,30.34,30.690001,30.34,30.540001,3210100,30.540001
2015-08-03,30.49,30.620001,30.40,30.620001,1986100,30.620001
2015-07-31,30.68,30.700001,30.469999,30.50,2272400,30.50
2015-07-30,30.34,30.51,30.209999,30.49,3187100,30.49
2015-07-29,30.440001,30.59,30.17,30.389999,4353100,30.389999
2015-07-28,30.700001,30.73,30.32,30.43,2906400,30.43
2015-07-27,30.299999,30.549999,30.23,30.469999,2462000,30.469999
2015-07-24,30.51,30.620001,30.450001,30.51,2606200,30.51
2015-07-23,30.620001,30.73,30.469999,30.559999,2813700,30.559999
2015-07-22,30.540001,30.690001,30.469999,30.620001,3428700,30.620001
2015-07-21,30.780001,30.889999,30.379999,30.52,4897300,30.52
2015-07-20,30.92,31.42,30.67,30.76,8144000,30.76