2015-12-16,96.099998,98.879997,95.410004,98.720001,1704700,98.720001
2015-12-15,94.919998,95.790001,93.550003,95.690002,2090100,95.690002
2015-12-14,95.599998,96.370003,94.339996,95.489998,1221100,95.489998
2015-12-11,96.510002,96.720001,95.43,95.559998,1444200,95.559998
2015-12-10,97.580002,98.900002,97.50,98.00,1104700,98.00
2015-12-09,96.889999,99.059998,96.889999,97.68,983600,97.68
2015-12-08,99.040001,99.349998,97.519997,97.75,1404400,97.75
2015-12-07,101.720001,102.169998,99.910004,100.230003,1125200,100.230003
2015-12-04,101.379997,102.809998,100.959999,102.440002,1670400,102.440002
2015-12-03,102.360001,102.82,100.260002,101.309998,1636700,101.309998
2015-12-02,103.50,103.669998,101.709999,101.949997,1054000,101.949997
2015-12-01,104.779999,105.230003,102.68,103.50,1373400,103.50
2015-11-30,104.279999,105.800003,104.00,104.660004,1003500,104.660004
2015-11-27,103.57,104.410004,103.290001,103.699997,313900,103.699997
2015-11-25,103.779999,104.18,103.410004,103.75,685000,103.75
2015-11-24,102.760002,104.029999,102.57,103.589996,946900,103.589996
2015-11-23,103.540001,104.629997,102.949997,103.279999,1005700,103.279999
2015-11-20,104.260002,105.239998,103.489998,103.730003,988200,103.730003
2015-11-19,102.510002,104.029999,101.989998,103.709999,940500,103.709999
2015-11-18,101.50,102.68,101.260002,102.550003,888400,102.550003
2015-11-17,101.949997,102.589996,100.800003,100.870003,916100,100.870003
2015-11-16,99.830002,101.980003,99.510002,101.900002,710500,101.900002
2015-11-13,99.309998,100.980003,98.639999,99.849998,1406700,99.849998
2015-11-12,101.349998,101.910004,99.150002,99.309998,1776400,99.309998
2015-11-11,102.699997,102.839996,101.709999,102.57,1097100,102.57
2015-11-10,102.330002,103.010002,101.260002,102.199997,1003100,102.199997
2015-11-09,104.620003,105.160004,102.25,102.599998,1273700,102.599998
2015-11-06,105.040001,105.629997,103.410004,104.870003,1171100,104.870003
2015-11-05,105.68,106.50,104.080002,106.190002,1068000,105.560004
2015-11-04,107.300003,108.00,105.629997,105.800003,1443000,105.172318
2015-11-03,106.440002,107.830002,105.809998,107.129997,1118300,106.494422
2015-11-02,104.589996,107.18,104.110001,106.800003,1198400,106.166386
2015-10-30,104.739998,105.620003,104.160004,104.699997,1220300,104.078838
2015-10-29,102.639999,104.610001,102.330002,104.510002,1397300,103.889971
2015-10-28,101.93,104.00,99.379997,102.980003,1332100,102.369049
2015-10-27,100.529999,101.580002,99.099998,101.489998,1441000,100.887883
2015-10-26,102.809998,103.339996,101.129997,101.790001,1546400,101.186106
2015-10-23,101.510002,103.139999,101.110001,103.07,2891400,102.458511
2015-10-22,97.419998,102.519997,97.419998,100.769997,5011200,100.172154
2015-10-21,102.50,104.629997,101.449997,101.75,1989100,101.146343
2015-10-20,99.389999,102.849998,98.370003,102.139999,2356200,101.534028
2015-10-19,100.190002,100.370003,99.32,100.050003,1087700,99.456432
2015-10-16,102.040001,102.099998,99.610001,100.620003,1631600,100.02305
2015-10-15,102.639999,102.639999,99.900002,102.370003,1675600,101.762667
2015-10-14,103.220001,103.919998,101.209999,102.300003,1450800,101.693083
2015-10-13,105.599998,105.860001,103.290001,103.559998,1683800,102.945602
2015-10-12,106.099998,106.529999,105.580002,106.330002,1044500,105.699173
2015-10-09,107.699997,107.790001,105.790001,105.860001,1449000,105.23196
2015-10-08,103.559998,107.860001,103.400002,106.809998,1500300,106.176321
2015-10-07,103.290001,106.360001,102.50,104.040001,1423400,103.422758
2015-10-06,101.940002,103.610001,101.480003,102.480003,1063500,101.872015
2015-10-05,98.199997,102.459999,98.199997,102.129997,1587100,101.524086
2015-10-02,94.650002,98.150002,93.470001,98.139999,1612000,97.557759
2015-10-01,96.949997,98.559998,95.230003,96.050003,1508000,95.480163
2015-09-30,97.849998,98.209999,95.099998,97.300003,1525700,96.722747
2015-09-29,95.330002,97.239998,94.639999,96.50,1499200,95.92749
2015-09-28,95.870003,96.400002,94.779999,94.870003,1363300,94.307163
2015-09-25,98.75,98.769997,96.410004,96.720001,1696100,96.146186
2015-09-24,98.690002,98.709999,94.93,97.910004,2514300,97.329128
2015-09-23,101.980003,102.309998,100.489998,100.589996,1806000,99.993221
2015-09-22,101.089996,102.220001,100.43,101.720001,1716500,101.116522
2015-09-21,102.440002,103.389999,101.839996,102.480003,1331400,101.872015
2015-09-18,105.139999,105.139999,101.699997,101.940002,2646200,101.335218
2015-09-17,108.669998,109.010002,106.32,106.68,1442900,106.047095
2015-09-16,108.010002,109.089996,107.589996,108.849998,1303600,108.204219
2015-09-15,105.32,108.43,105.089996,108.169998,1452900,107.528253
2015-09-14,105.980003,105.980003,104.389999,104.940002,1116900,104.31742
2015-09-11,104.870003,106.349998,104.559998,106.25,1146600,105.619645
2015-09-10,105.279999,106.019997,104.489998,105.150002,898600,104.526173
2015-09-09,108.050003,108.139999,105.25,105.470001,1082600,104.844274
2015-09-08,105.879997,107.129997,105.269997,107.010002,973600,106.375139
2015-09-04,103.709999,104.449997,103.120003,103.800003,1053800,103.184184
2015-09-03,106.370003,107.410004,105.019997,105.279999,1829900,104.655399
2015-09-02,107.110001,107.110001,105.199997,106.559998,1751700,105.927804
2015-09-01,105.139999,106.959999,105.00,105.68,2769300,105.053027
2015-08-31,106.580002,108.349998,105.889999,107.660004,1525800,107.021284
2015-08-28,106.639999,108.029999,106.07,106.980003,1678800,106.345318
2015-08-27,104.43,107.230003,103.650002,107.209999,2300200,106.573949
2015-08-26,100.970001,103.129997,100.309998,103.080002,3184100,102.468454
2015-08-25,105.279999,108.199997,100.379997,100.419998,2654400,99.197969
2015-08-24,100.970001,106.459999,99.739998,102.650002,2692900,101.400835
2015-08-21,107.050003,108.419998,105.93,106.010002,2438300,104.719947
2015-08-20,110.300003,111.07,108.110001,108.160004,1633300,106.843785
2015-08-19,112.110001,112.160004,110.610001,111.300003,976200,109.945573
2015-08-18,112.639999,113.389999,112.110001,112.75,948100,111.377925
2015-08-17,113.00,113.07,111.519997,112.610001,1210400,111.239629
2015-08-14,113.379997,114.730003,113.059998,113.669998,1007000,112.286727
2015-08-13,112.830002,113.949997,112.019997,113.279999,1274000,111.901474
2015-08-12,111.669998,113.669998,110.870003,113.230003,1896000,111.852087
2015-08-11,113.629997,113.779999,112.300003,112.589996,1918800,111.219868
2015-08-10,112.260002,114.989998,112.150002,114.790001,2245200,113.3931
2015-08-07,111.019997,112.400002,110.620003,111.199997,1846700,109.846784
2015-08-06,110.93,112.25,110.389999,111.019997,3114900,109.668974
2015-08-05,108.169998,112.080002,108.169998,110.800003,5107400,109.451658
2015-08-04,111.199997,112.849998,107.519997,107.900002,8477700,106.586947
2015-08-03,112.75,112.830002,111.269997,112.410004,1988300,111.042066
2015-07-31,113.169998,113.480003,112.559998,112.75,1565500,111.377925
2015-07-30,111.300003,112.809998,110.93,112.580002,1075600,111.209995
2015-07-29,109.75,112.07,109.339996,111.730003,1651000,110.370341
2015-07-28,109.669998,110.040001,109.330002,109.75,1919400,108.414432
2015-07-27,109.169998,109.639999,108.769997,109.160004,990000,107.831616
2015-07-24,110.970001,110.970001,109.650002,110.029999,1118700,108.691024
2015-07-23,111.32,112.50,110.699997,110.919998,1101000,109.570192
2015-07-22,111.809998,112.339996,111.32,111.50,968400,110.143136
2015-07-21,113.089996,113.099998,111.790001,112.07,1690000,110.706199
2015-07-20,113.160004,113.82,112.669998,113.599998,543900,112.217579