2015-12-16,51.75,52.799999,51.599998,52.619999,850400,52.619999
2015-12-15,51.50,51.799999,51.299999,51.389999,1022400,51.389999
2015-12-14,50.32,51.049999,50.27,51.009998,927700,51.009998
2015-12-11,49.73,50.599998,49.50,50.279999,656600,50.279999
2015-12-10,50.110001,50.580002,49.880001,50.380001,604700,50.380001
2015-12-09,50.450001,51.049999,49.990002,50.25,659000,50.25
2015-12-08,49.669998,51.009998,49.400002,50.689999,1102800,50.689999
2015-12-07,52.029999,52.220001,51.189999,51.41,579400,51.41
2015-12-04,51.049999,52.290001,51.049999,52.25,606700,52.25
2015-12-03,51.41,51.91,50.580002,50.889999,756300,50.889999
2015-12-02,53.52,53.66,52.490002,52.560001,471600,52.560001
2015-12-01,53.459999,53.689999,53.009998,53.66,507000,53.66
2015-11-30,53.50,53.73,53.139999,53.16,636900,53.16
2015-11-27,53.220001,53.759998,53.07,53.580002,212500,53.580002
2015-11-25,52.709999,53.290001,52.369999,53.16,391100,53.16
2015-11-24,52.310001,52.75,52.009998,52.540001,535700,52.540001
2015-11-23,52.720001,53.099998,52.599998,52.830002,373500,52.830002
2015-11-20,52.900002,53.00,52.580002,52.669998,1678100,52.669998
2015-11-19,52.650002,52.880001,52.419998,52.630001,496900,52.630001
2015-11-18,51.700001,52.669998,51.580002,52.59,828400,52.59
2015-11-17,51.040001,51.630001,50.779999,51.57,1524500,51.57
2015-11-16,50.59,51.169998,50.310001,51.009998,1359500,51.009998
2015-11-13,50.720001,51.099998,50.369999,50.639999,549400,50.639999
2015-11-12,51.400002,51.689999,50.669998,50.68,556400,50.68
2015-11-11,52.189999,52.549999,51.509998,51.509998,548100,51.509998
2015-11-10,51.610001,52.400002,51.400002,52.18,659400,52.18
2015-11-09,51.84,51.91,51.380001,51.650002,829100,51.650002
2015-11-06,51.380001,53.299999,51.380001,51.939999,850000,51.939999
2015-11-05,53.290001,53.50,52.349998,52.43,891400,52.43
2015-11-04,52.860001,53.34,52.73,53.209999,621100,53.209999
2015-11-03,52.740002,52.950001,52.369999,52.93,719400,52.93
2015-11-02,51.740002,53.119999,51.529999,52.91,627500,52.91
2015-10-30,51.220001,51.970001,51.130001,51.639999,726800,51.639999
2015-10-29,51.09,51.310001,50.610001,51.150002,592000,51.150002
2015-10-28,50.07,51.00,49.900002,50.990002,340500,50.990002
2015-10-27,49.689999,50.200001,49.549999,50.07,795200,50.07
2015-10-26,50.25,50.310001,49.740002,49.869999,436000,49.869999
2015-10-23,49.32,50.389999,49.09,50.32,523600,50.32
2015-10-22,48.98,49.439999,48.709999,48.990002,791000,48.990002
2015-10-21,49.23,49.25,48.57,48.799999,551500,48.799999
2015-10-20,48.779999,49.110001,48.560001,48.970001,565500,48.970001
2015-10-19,48.52,48.900002,48.299999,48.880001,475900,48.880001
2015-10-16,48.360001,48.610001,48.02,48.59,459300,48.59
2015-10-15,47.150002,48.259998,47.119999,48.25,399700,48.25
2015-10-14,47.619999,47.830002,47.040001,47.16,384300,47.16
2015-10-13,47.950001,48.419998,47.50,47.59,463200,47.519999
2015-10-12,48.060001,48.27,47.709999,48.209999,382400,48.139086
2015-10-09,47.860001,48.279999,47.810001,48.189999,339400,48.119115
2015-10-08,47.349998,47.990002,47.130001,47.880001,437000,47.809573
2015-10-07,46.970001,47.869999,46.869999,47.529999,846000,47.460086
2015-10-06,46.549999,46.880001,46.27,46.740002,822700,46.671251
2015-10-05,46.73,47.09,46.349998,46.799999,546400,46.73116
2015-10-02,44.779999,46.439999,44.709999,46.43,516100,46.361705
2015-10-01,45.91,46.09,45.060001,45.43,764900,45.363176
2015-09-30,45.790001,46.220001,45.220001,45.959999,681700,45.892395
2015-09-29,44.450001,45.48,44.369999,45.290001,1227400,45.223383
2015-09-28,45.509998,45.580002,44.130001,44.450001,1114300,44.384618
2015-09-25,46.290001,46.48,45.450001,45.75,993000,45.682705
2015-09-24,46.099998,46.130001,45.560001,45.93,691000,45.862441
2015-09-23,46.459999,46.779999,46.290001,46.52,475300,46.451573
2015-09-22,46.27,46.529999,45.970001,46.48,813900,46.411631
2015-09-21,47.650002,47.799999,46.669998,46.84,640100,46.771102
2015-09-18,48.52,48.639999,47.279999,47.369999,1193400,47.300321
2015-09-17,48.630001,49.669998,48.599998,49.029999,482600,48.957879
2015-09-16,48.450001,48.919998,48.200001,48.630001,482400,48.55847
2015-09-15,47.919998,48.580002,47.630001,48.41,440300,48.338792
2015-09-14,47.939999,48.02,47.380001,47.759998,392300,47.689747
2015-09-11,47.290001,47.990002,47.080002,47.939999,330000,47.869483
2015-09-10,47.09,47.73,47.040001,47.450001,667800,47.380205
2015-09-09,48.52,48.650002,47.220001,47.349998,448100,47.28035
2015-09-08,48.240002,48.25,47.59,48.23,543600,48.159057
2015-09-04,47.25,47.75,47.049999,47.349998,636900,47.28035
2015-09-03,47.619999,48.419998,47.59,47.950001,843000,47.87947
2015-09-02,47.00,47.560001,46.57,47.560001,666000,47.490044
2015-09-01,47.740002,47.900002,46.23,46.419998,1372600,46.351718
2015-08-31,49.209999,49.369999,48.41,48.68,1240800,48.608396
2015-08-28,49.23,49.560001,48.830002,49.48,694700,49.407218
2015-08-27,48.25,49.52,48.23,49.439999,900100,49.367276
2015-08-26,46.93,48.119999,46.369999,48.040001,1169900,47.969338
2015-08-25,47.16,47.209999,45.970001,46.02,1442600,45.952309
2015-08-24,45.59,47.380001,45.080002,45.950001,1289300,45.882412
2015-08-21,48.860001,48.919998,47.700001,47.709999,1145600,47.639821
2015-08-20,49.52,49.630001,49.080002,49.139999,841600,49.067718
2015-08-19,50.259998,50.259998,49.619999,49.810001,525800,49.736735
2015-08-18,50.299999,50.779999,50.220001,50.540001,444500,50.46566
2015-08-17,50.380001,50.490002,50.119999,50.330002,866100,50.25597
2015-08-14,50.529999,50.639999,50.139999,50.52,593200,50.445689
2015-08-13,50.349998,50.650002,49.98,50.330002,788400,50.25597
2015-08-12,50.34,50.34,49.049999,50.080002,1034900,50.006338
2015-08-11,51.220001,51.419998,50.419998,50.700001,613500,50.625425
2015-08-10,51.490002,51.869999,51.290001,51.59,451000,51.514115
2015-08-07,51.560001,51.560001,50.619999,51.200001,531900,51.124689
2015-08-06,52.990002,52.990002,51.509998,51.619999,398500,51.54407
2015-08-05,53.23,53.720001,52.830002,52.849998,641200,52.77226
2015-08-04,52.540001,53.139999,52.459999,52.919998,732300,52.842157
2015-08-03,52.959999,53.169998,52.290001,52.50,963600,52.422777
2015-07-31,51.700001,53.220001,51.310001,52.919998,913900,52.842157
2015-07-30,50.560001,51.540001,50.200001,51.419998,1085900,51.344363
2015-07-29,50.75,51.080002,50.59,50.75,955800,50.675351
2015-07-28,50.759998,50.91,50.330002,50.700001,1528200,50.625425
2015-07-27,50.790001,50.860001,50.169998,50.43,589400,50.355822
2015-07-24,51.450001,51.669998,50.849998,50.889999,734700,50.815144
2015-07-23,51.91,52.07,51.540001,51.630001,637400,51.554057
2015-07-22,51.849998,52.119999,51.43,51.900002,710600,51.823661
2015-07-21,52.240002,52.360001,51.639999,51.889999,630600,51.813673
2015-07-20,52.349998,52.650002,52.18,52.25,1110800,52.173144