2015-12-16,62.360001,63.75,62.360001,63.619999,626000,63.619999
2015-12-15,61.57,62.75,61.57,62.060001,1158100,62.060001
2015-12-14,61.52,61.68,60.849998,61.450001,1290300,61.450001
2015-12-11,60.900002,61.810001,60.700001,61.529999,782500,61.529999
2015-12-10,62.959999,62.959999,60.990002,61.209999,1193300,61.209999
2015-12-09,63.220001,63.990002,62.889999,63.119999,805700,63.119999
2015-12-08,62.98,63.619999,62.310001,63.549999,1632200,63.549999
2015-12-07,62.27,63.169998,62.09,63.130001,1715700,63.130001
2015-12-04,61.360001,62.509998,61.220001,62.380001,1718400,62.380001
2015-12-03,61.619999,61.939999,60.93,61.110001,2126500,61.110001
2015-12-02,63.400002,63.560001,61.950001,62.060001,969600,62.060001
2015-12-01,63.330002,63.990002,63.169998,63.52,1449100,63.52
2015-11-30,63.02,63.959999,62.98,63.360001,1363000,63.360001
2015-11-27,62.73,63.099998,62.650002,62.950001,340200,62.950001
2015-11-25,63.130001,63.130001,62.439999,62.68,486700,62.68
2015-11-24,62.450001,63.349998,62.209999,63.060001,1061200,63.060001
2015-11-23,63.470001,63.84,62.73,62.869999,724000,62.869999
2015-11-20,63.130001,63.849998,63.060001,63.34,2102600,63.34
2015-11-19,62.349998,62.939999,62.02,62.869999,766800,62.869999
2015-11-18,62.099998,62.279999,61.32,62.139999,1032800,62.139999
2015-11-17,62.790001,63.279999,61.689999,61.849998,853500,61.849998
2015-11-16,61.700001,62.959999,61.630001,62.93,1455600,62.93
2015-11-13,62.27,62.950001,61.16,61.580002,932200,61.580002
2015-11-12,63.27,63.919998,62.060001,62.080002,1350700,62.080002
2015-11-11,63.369999,63.849998,63.139999,63.330002,997500,63.330002
2015-11-10,62.099998,63.290001,62.049999,63.240002,1027500,63.240002
2015-11-09,61.299999,62.099998,61.02,62.00,770300,62.00
2015-11-06,63.959999,64.389999,61.119999,61.540001,1233000,61.540001
2015-11-05,64.989998,65.339996,64.650002,64.709999,778100,64.709999
2015-11-04,64.529999,65.449997,64.199997,65.190002,1284300,65.190002
2015-11-03,63.91,64.260002,63.439999,63.970001,755400,63.970001
2015-11-02,63.470001,64.360001,62.810001,64.169998,1115100,64.169998
2015-10-30,63.009998,64.400002,62.959999,63.509998,1346500,63.509998
2015-10-29,63.68,64.25,62.43,63.169998,1525900,63.169998
2015-10-28,65.510002,66.00,63.98,64.480003,1072400,63.855005
2015-10-27,65.739998,66.059998,65.290001,65.510002,635700,64.87502
2015-10-26,65.519997,65.830002,64.849998,65.779999,710500,65.142399
2015-10-23,66.50,66.739998,65.400002,65.709999,763700,65.073078
2015-10-22,66.029999,67.019997,65.400002,66.639999,771000,65.994064
2015-10-21,65.959999,66.459999,65.519997,65.589996,525600,64.954239
2015-10-20,65.400002,65.889999,64.760002,65.739998,757800,65.102786
2015-10-19,65.489998,65.660004,64.809998,65.529999,725300,64.894823
2015-10-16,66.059998,66.190002,65.650002,65.849998,739100,65.211721
2015-10-15,65.160004,65.980003,64.760002,65.779999,534800,65.142399
2015-10-14,64.800003,65.309998,64.699997,64.970001,596800,64.340253
2015-10-13,64.589996,64.919998,64.400002,64.709999,605900,64.082771
2015-10-12,63.990002,65.059998,63.990002,64.620003,483600,63.993647
2015-10-09,64.059998,64.260002,63.740002,63.98,664600,63.359847
2015-10-08,62.799999,64.220001,62.619999,64.059998,688800,63.43907
2015-10-07,63.099998,63.240002,62.66,62.91,1388200,62.300219
2015-10-06,63.919998,64.339996,62.810001,62.93,1959600,62.320026
2015-10-05,64.230003,64.480003,63.68,64.080002,1205600,63.45888
2015-10-02,63.919998,64.080002,63.09,63.919998,848400,63.300428
2015-10-01,64.160004,64.349998,62.880001,63.439999,887100,62.825081
2015-09-30,63.52,64.209999,63.23,64.139999,574800,63.518296
2015-09-29,63.259998,63.619999,62.75,63.220001,760000,62.607216
2015-09-28,63.509998,63.860001,62.990002,63.169998,666400,62.557697
2015-09-25,62.689999,64.089996,62.52,63.52,620500,62.904307
2015-09-24,62.060001,62.82,61.599998,62.630001,976700,62.022934
2015-09-23,62.240002,62.540001,61.860001,62.23,587700,61.62681
2015-09-22,61.540001,62.41,61.540001,62.200001,801500,61.597102
2015-09-21,61.970001,62.77,61.650002,62.290001,1218700,61.68623
2015-09-18,61.27,62.330002,61.200001,61.77,1301200,61.17127
2015-09-17,61.00,62.470001,60.939999,61.77,549600,61.17127
2015-09-16,60.209999,61.23,59.919998,61.09,759800,60.49786
2015-09-15,59.880001,60.290001,59.549999,60.18,772200,59.596681
2015-09-14,59.869999,60.290001,59.68,59.880001,816200,59.29959
2015-09-11,58.740002,59.799999,58.610001,59.790001,861100,59.210462
2015-09-10,59.150002,59.689999,58.880001,59.060001,962600,58.487538
2015-09-09,59.880001,59.950001,59.00,59.23,1246400,58.655889
2015-09-08,58.220001,59.75,57.990002,59.68,1658500,59.101528
2015-09-04,57.66,58.009998,57.330002,57.599998,668200,57.041687
2015-09-03,58.16,58.68,58.02,58.27,717300,57.705195
2015-09-02,58.630001,58.73,57.57,58.009998,660300,57.447713
2015-09-01,59.02,59.02,57.779999,58.009998,865600,57.447713
2015-08-31,60.150002,60.389999,58.950001,59.529999,1099800,58.95298
2015-08-28,60.66,60.84,59.810001,60.48,1508000,59.893773
2015-08-27,60.779999,60.799999,59.900002,60.779999,1329700,60.190864
2015-08-26,60.34,60.540001,59.240002,60.330002,1357200,59.745229
2015-08-25,62.349998,62.849998,59.549999,59.610001,1225700,59.032206
2015-08-24,62.16,62.360001,60.970001,61.689999,2531600,61.092043
2015-08-21,64.099998,64.400002,63.25,63.27,945200,62.65673
2015-08-20,64.169998,65.230003,63.919998,64.339996,977000,63.716355
2015-08-19,64.080002,64.900002,63.849998,64.589996,628700,63.963931
2015-08-18,64.769997,64.769997,64.279999,64.379997,627300,63.755968
2015-08-17,64.43,65.120003,64.07,64.849998,595100,64.221413
2015-08-14,63.689999,64.480003,63.32,64.370003,646500,63.74607
2015-08-13,63.50,64.07,62.939999,63.860001,527200,63.241012
2015-08-12,62.880001,63.950001,62.630001,63.77,766500,63.151884
2015-08-11,62.259998,63.27,62.080002,63.080002,730700,62.468573
2015-08-10,62.700001,62.990002,62.16,62.25,627700,61.646617
2015-08-07,61.389999,62.889999,61.02,62.619999,904500,62.013029
2015-08-06,60.830002,61.540001,60.32,61.509998,810500,60.913788
2015-08-05,60.900002,61.290001,60.689999,60.849998,676300,60.260185
2015-08-04,61.880001,61.880001,60.700001,60.799999,677400,60.21067
2015-08-03,61.720001,62.360001,61.610001,61.919998,723000,61.319813
2015-07-31,61.57,62.630001,61.57,61.709999,616200,61.11185
2015-07-30,60.310001,62.23,59.549999,61.27,1275700,60.676116
2015-07-29,60.900002,61.560001,60.59,61.52,857900,60.334459
2015-07-28,60.880001,61.25,60.709999,61.09,1076100,59.912745
2015-07-27,59.869999,61.040001,59.869999,60.970001,1313400,59.795058
2015-07-24,59.599998,60.290001,59.419998,59.990002,658700,58.833944
2015-07-23,60.259998,60.259998,59.16,59.689999,749600,58.539722
2015-07-22,59.950001,60.540001,59.82,60.34,936500,59.177198
2015-07-21,60.560001,60.759998,59.52,59.959999,1010100,58.80452
2015-07-20,60.630001,61.119999,60.25,60.810001,1479600,59.638142