2015-12-16,26.299999,26.50,26.24,26.450001,931600,26.450001
2015-12-15,26.379999,26.50,26.209999,26.25,749800,26.25
2015-12-14,26.200001,26.42,26.030001,26.35,1138400,26.35
2015-12-11,25.98,26.309999,25.940001,26.139999,1004100,26.139999
2015-12-10,26.219999,26.34,26.10,26.139999,1593700,26.139999
2015-12-09,26.190001,26.42,26.139999,26.309999,1768900,26.309999
2015-12-08,26.110001,26.26,25.940001,26.190001,849200,26.190001
2015-12-07,26.25,26.58,26.23,26.459999,2396200,26.189999
2015-12-04,26.129999,26.27,26.040001,26.24,1436200,25.972245
2015-12-03,26.08,26.290001,25.99,26.08,1784800,25.813878
2015-12-02,26.15,26.15,25.74,26.08,1914100,25.813878
2015-12-01,25.82,26.110001,25.74,26.07,1535600,25.803979
2015-11-30,25.389999,25.690001,25.27,25.67,9025100,25.408061
2015-11-27,25.68,25.74,25.25,25.27,1564300,25.012143
2015-11-25,25.709999,25.809999,25.540001,25.629999,1870600,25.368469
2015-11-24,25.809999,25.860001,25.59,25.67,2210100,25.408061
2015-11-23,25.99,26.17,25.77,25.889999,1747000,25.625816
2015-11-20,26.02,26.139999,25.68,25.950001,2734800,25.685205
2015-11-19,26.17,26.200001,25.92,25.940001,1406400,25.675307
2015-11-18,25.860001,26.209999,25.860001,26.200001,1353900,25.932654
2015-11-17,26.32,26.42,25.889999,25.940001,1778100,25.675307
2015-11-16,26.360001,26.50,26.16,26.40,1049400,26.130612
2015-11-13,26.299999,26.549999,26.280001,26.440001,1312800,26.170205
2015-11-12,26.280001,26.49,26.27,26.299999,1085500,26.031632
2015-11-11,26.50,26.58,26.450001,26.50,668500,26.229592
2015-11-10,26.540001,26.60,26.450001,26.50,922700,26.229592
2015-11-09,26.50,26.639999,26.389999,26.59,1716500,26.318674
2015-11-06,26.65,26.68,26.459999,26.540001,1195000,26.269185
2015-11-05,26.68,26.700001,26.59,26.67,636100,26.397857
2015-11-04,26.58,26.700001,26.540001,26.68,638400,26.407756
2015-11-03,26.639999,26.709999,26.57,26.629999,958200,26.358265
2015-11-02,26.59,26.709999,26.549999,26.639999,733200,26.368163
2015-10-30,26.58,26.690001,26.549999,26.629999,1186900,26.358265
2015-10-29,26.51,26.67,26.35,26.60,843100,26.328572
2015-10-28,25.940001,26.889999,25.450001,26.620001,6176600,26.348368
2015-10-27,26.25,26.299999,25.879999,25.950001,2011900,25.685205
2015-10-26,26.299999,26.41,26.23,26.27,1016900,26.001939
2015-10-23,26.469999,26.57,26.33,26.389999,2096300,26.120714
2015-10-22,26.469999,26.719999,26.41,26.49,1414800,26.219694
2015-10-21,26.50,26.639999,26.459999,26.48,1564600,26.209796
2015-10-20,26.43,26.58,26.41,26.52,1101600,26.249388
2015-10-19,26.26,26.48,26.26,26.43,1146800,26.160307
2015-10-16,26.59,26.610001,26.40,26.48,1542200,26.209796
2015-10-15,26.40,26.610001,26.40,26.51,1959400,26.23949
2015-10-14,26.40,26.51,26.389999,26.40,1406600,26.130612
2015-10-13,26.459999,26.549999,26.41,26.41,2187700,26.14051
2015-10-12,26.450001,26.530001,26.43,26.43,1755500,26.160307
2015-10-09,26.42,26.60,26.42,26.49,3104600,26.219694
2015-10-08,26.389999,26.549999,26.32,26.48,3802100,26.209796
2015-10-07,26.35,26.60,26.24,26.379999,6259800,26.110816
2015-10-06,25.34,26.969999,25.25,26.219999,4655500,25.952448
2015-10-05,25.559999,25.75,25.08,25.41,3053800,25.150714
2015-10-02,24.23,24.99,24.23,24.790001,3781100,24.537042
2015-10-01,24.25,24.639999,24.129999,24.389999,3471700,24.141122
2015-09-30,24.25,24.43,24.08,24.219999,2173300,23.972857
2015-09-29,24.17,24.34,23.74,24.16,3379000,23.913469
2015-09-28,23.690001,24.09,23.67,23.92,1931900,23.675919
2015-09-25,23.40,23.860001,23.32,23.700001,2576400,23.458164
2015-09-24,23.200001,24.75,23.120001,23.459999,5013600,23.220611
2015-09-23,23.120001,23.26,23.030001,23.219999,2068000,22.983061
2015-09-22,23.15,23.360001,23.040001,23.07,2742100,22.834592
2015-09-21,23.440001,23.559999,23.16,23.200001,1729400,22.963266
2015-09-18,23.52,23.639999,23.309999,23.41,3219200,23.171122
2015-09-17,23.809999,23.90,23.629999,23.73,2700400,23.487857
2015-09-16,23.60,23.91,23.60,23.85,2712300,23.606633
2015-09-15,23.129999,23.540001,23.040001,23.48,1569700,23.240408
2015-09-14,23.059999,23.120001,22.950001,23.120001,1670900,22.884083
2015-09-11,23.049999,23.190001,22.91,23.049999,1428700,22.814795
2015-09-10,22.709999,23.32,22.67,23.08,3202600,22.84449
2015-09-09,22.83,22.889999,22.610001,22.709999,2349700,22.478265
2015-09-08,22.959999,23.08,22.530001,22.639999,2787300,22.408979
2015-09-04,22.889999,23.209999,22.860001,22.959999,2243100,22.458468
2015-09-03,23.01,23.129999,22.889999,23.040001,1312500,22.536723
2015-09-02,23.09,23.09,22.85,22.969999,1796900,22.46825
2015-09-01,22.879999,23.02,22.75,22.90,2622200,22.39978
2015-08-31,23.33,23.33,22.85,22.98,5666900,22.478032
2015-08-28,23.200001,23.379999,22.50,23.01,3636900,22.507377
2015-08-27,23.42,23.65,23.25,23.370001,4895700,22.859514
2015-08-26,22.60,23.40,22.59,23.40,6574500,22.888858
2015-08-25,27.01,27.34,21.610001,22.51,26448900,22.018299
2015-08-24,26.82,27.16,26.74,26.950001,2886900,26.361314
2015-08-21,27.110001,27.219999,27.030001,27.030001,1525600,26.439566
2015-08-20,27.18,27.25,27.110001,27.120001,1002400,26.5276
2015-08-19,27.190001,27.23,27.16,27.190001,966800,26.596071
2015-08-18,27.219999,27.23,27.18,27.190001,875400,26.596071
2015-08-17,27.24,27.26,27.17,27.190001,1253900,26.596071
2015-08-14,27.18,27.26,27.18,27.219999,841200,26.625415
2015-08-13,27.110001,27.290001,27.10,27.27,1525900,26.674324
2015-08-12,26.799999,27.24,26.76,27.18,3675400,26.586289
2015-08-11,26.84,26.91,26.75,26.790001,1056200,26.204809
2015-08-10,26.860001,26.959999,26.74,26.790001,954700,26.204809
2015-08-07,26.85,26.969999,26.610001,26.860001,1729400,26.27328
2015-08-06,26.780001,26.91,26.700001,26.879999,1075800,26.292841
2015-08-05,26.809999,26.90,26.77,26.780001,710700,26.195027
2015-08-04,26.799999,26.92,26.74,26.77,855600,26.185245
2015-08-03,26.709999,26.950001,26.700001,26.82,1037000,26.234152
2015-07-31,26.92,27.030001,26.66,26.68,2138800,26.097211
2015-07-30,26.889999,26.92,26.77,26.870001,1315000,26.283061
2015-07-29,26.559999,26.98,26.559999,26.879999,1684200,26.292841
2015-07-28,26.40,26.66,26.360001,26.620001,830300,26.038522
2015-07-27,26.360001,26.639999,26.360001,26.41,1335800,25.833108
2015-07-24,26.389999,26.629999,26.33,26.379999,1306200,25.803763
2015-07-23,26.860001,26.93,25.98,26.41,4368700,25.833108
2015-07-22,26.91,27.01,26.83,26.889999,603100,26.302623
2015-07-21,27.030001,27.030001,26.83,26.879999,864500,26.292841
2015-07-20,27.02,27.049999,26.940001,27.02,462400,26.429784