2015-12-16,33.389999,33.91,33.349998,33.830002,5358000,33.830002
2015-12-15,32.869999,33.349998,32.810001,33.259998,3940400,33.259998
2015-12-14,32.650002,32.889999,32.360001,32.77,3991200,32.77
2015-12-11,32.73,33.02,32.57,32.709999,3844100,32.709999
2015-12-10,33.360001,33.41,32.869999,32.93,3078800,32.93
2015-12-09,32.970001,33.68,32.939999,33.43,4465000,33.43
2015-12-08,33.119999,33.220001,32.950001,33.110001,4660100,33.110001
2015-12-07,33.619999,33.799999,33.27,33.57,6527100,33.192
2015-12-04,33.139999,33.799999,33.139999,33.740002,5228700,33.360088
2015-12-03,33.02,33.18,32.849998,33.009998,5776500,32.638305
2015-12-02,34.040001,34.150002,33.09,33.18,5805800,32.806392
2015-12-01,34.200001,34.34,33.82,34.200001,7239000,33.814908
2015-11-30,33.720001,34.310001,33.639999,34.040001,6453100,33.656709
2015-11-27,33.650002,33.790001,33.580002,33.650002,2026400,33.271101
2015-11-25,33.91,33.93,33.419998,33.650002,3172800,33.271101
2015-11-24,33.779999,33.98,33.48,33.93,4136200,33.547947
2015-11-23,34.93,35.00,33.849998,33.970001,4436600,33.587498
2015-11-20,34.330002,34.799999,34.18,34.50,6515100,34.111529
2015-11-19,33.740002,34.169998,33.73,34.110001,4281100,33.725921
2015-11-18,33.400002,33.709999,33.00,33.619999,3662900,33.241437
2015-11-17,33.91,34.169998,33.25,33.369999,3353300,32.994252
2015-11-16,33.119999,34.040001,33.099998,34.029999,4382300,33.64682
2015-11-13,33.369999,33.700001,32.970001,33.060001,4640300,32.687745
2015-11-12,33.860001,34.290001,33.290001,33.310001,7406600,32.93493
2015-11-11,33.439999,34.049999,33.380001,33.990002,4481000,33.607273
2015-11-10,33.07,33.369999,33.040001,33.279999,3427700,32.905265
2015-11-09,32.990002,33.169998,32.619999,33.049999,3387100,32.677855
2015-11-06,33.610001,33.740002,32.779999,33.080002,6791700,32.70752
2015-11-05,34.459999,34.599998,34.220001,34.220001,2259000,33.834683
2015-11-04,34.290001,34.599998,34.27,34.52,3289400,34.131304
2015-11-03,34.099998,34.389999,33.889999,34.349998,3143000,33.963216
2015-11-02,34.330002,34.48,33.830002,34.150002,5790600,33.765471
2015-10-30,33.939999,34.48,33.82,34.400002,5514800,34.012656
2015-10-29,33.799999,33.93,33.00,33.790001,7157700,33.409524
2015-10-28,34.34,34.470001,33.130001,33.419998,7043500,33.043688
2015-10-27,34.189999,34.349998,34.07,34.299999,2963700,33.91378
2015-10-26,34.240002,34.330002,33.900002,34.330002,3262700,33.943445
2015-10-23,34.669998,34.689999,34.049999,34.18,3130600,33.795132
2015-10-22,34.34,34.919998,34.290001,34.75,3655900,34.358714
2015-10-21,34.43,34.57,34.169998,34.25,2871300,33.864344
2015-10-20,34.169998,34.439999,34.02,34.279999,3590700,33.894005
2015-10-19,34.23,34.459999,34.009998,34.290001,4629700,33.903894
2015-10-16,34.369999,34.549999,34.18,34.459999,4364400,34.071978
2015-10-15,33.810001,34.310001,33.639999,34.189999,4655500,33.805018
2015-10-14,33.459999,33.810001,33.389999,33.68,3915800,33.300762
2015-10-13,33.349998,33.57,33.18,33.43,5841800,33.053577
2015-10-12,33.029999,33.490002,33.029999,33.419998,4200800,33.043688
2015-10-09,33.029999,33.16,32.91,33.029999,5295800,32.65808
2015-10-08,32.560001,33.130001,32.43,33.09,6386500,32.717406
2015-10-07,33.07,33.150002,32.490002,32.630001,7000500,32.262586
2015-10-06,33.470001,33.50,32.900002,33.060001,5045000,32.687745
2015-10-05,33.18,33.540001,33.00,33.48,5862000,33.103014
2015-10-02,32.77,33.119999,32.529999,33.040001,7273600,32.667969
2015-10-01,33.00,33.00,32.220001,32.599998,8029000,32.232921
2015-09-30,32.349998,32.91,32.279999,32.889999,5785000,32.519657
2015-09-29,31.950001,32.310001,31.91,32.209999,6507500,31.847313
2015-09-28,32.060001,32.23,31.809999,31.90,7474400,31.540805
2015-09-25,31.610001,32.18,31.42,31.969999,4284100,31.610016
2015-09-24,30.959999,31.700001,30.92,31.58,5739800,31.224408
2015-09-23,31.110001,31.190001,30.860001,31.08,3180500,30.730038
2015-09-22,31.190001,31.33,30.790001,31.040001,6594400,30.690489
2015-09-21,31.059999,31.34,31.01,31.33,4777400,30.977223
2015-09-18,30.66,31.23,30.66,30.959999,7144000,30.611388
2015-09-17,30.360001,31.139999,30.27,30.799999,4979800,30.45319
2015-09-16,30.129999,30.459999,30.10,30.33,3729500,29.988483
2015-09-15,29.91,30.120001,29.68,30.08,3395400,29.741298
2015-09-14,29.709999,30.09,29.690001,29.85,4727000,29.513888
2015-09-11,29.389999,29.67,29.18,29.67,3738300,29.335915
2015-09-10,29.43,29.82,29.40,29.52,4947300,29.187604
2015-09-09,30.00,30.049999,29.35,29.41,5553600,29.078842
2015-09-08,29.709999,29.90,29.52,29.879999,5852700,29.543549
2015-09-04,30.00,30.059999,29.59,29.67,4138500,28.96217
2015-09-03,30.25,30.48,30.07,30.26,3508700,29.538095
2015-09-02,30.33,30.389999,29.870001,30.15,4539700,29.430718
2015-09-01,30.60,30.67,29.83,30.00,6138900,29.284297
2015-08-31,31.26,31.290001,30.629999,30.99,4992300,30.250679
2015-08-28,31.719999,31.74,30.93,31.370001,4667000,30.621614
2015-08-27,31.51,31.76,31.26,31.75,3626700,30.992548
2015-08-26,30.940001,31.389999,30.51,31.280001,6394900,30.533761
2015-08-25,31.90,31.98,30.52,30.540001,6989200,29.811415
2015-08-24,31.889999,32.470001,31.200001,31.370001,7913900,30.621614
2015-08-21,33.240002,33.470001,32.900002,32.900002,4154200,32.115114
2015-08-20,33.299999,33.830002,33.200001,33.369999,3333000,32.573899
2015-08-19,33.32,33.669998,33.16,33.52,2775700,32.720322
2015-08-18,33.509998,33.549999,33.290001,33.43,3044100,32.632469
2015-08-17,33.48,33.68,33.279999,33.580002,3477100,32.778892
2015-08-14,33.150002,33.439999,32.93,33.360001,2515600,32.564139
2015-08-13,33.139999,33.290001,32.779999,33.150002,5110100,32.35915
2015-08-12,32.540001,33.279999,32.52,33.25,6089500,32.456763
2015-08-11,32.57,32.82,32.360001,32.650002,3975500,31.871078
2015-08-10,32.32,32.669998,32.32,32.41,3252800,31.636802
2015-08-07,32.080002,32.560001,31.799999,32.360001,5414200,31.587996
2015-08-06,31.75,32.130001,31.450001,32.09,3003300,31.324437
2015-08-05,31.67,31.889999,31.58,31.73,3036900,30.973025
2015-08-04,31.77,31.85,31.48,31.530001,2881200,30.777797
2015-08-03,31.90,32.099998,31.700001,31.879999,4393400,31.119446
2015-07-31,31.75,32.080002,31.74,31.809999,3787900,31.051116
2015-07-30,31.139999,31.559999,31.129999,31.51,4287000,30.758274
2015-07-29,31.15,31.299999,31.01,31.299999,3278600,30.553283
2015-07-28,31.209999,31.34,31.030001,31.219999,3603600,30.475191
2015-07-27,30.74,31.209999,30.73,31.059999,3582100,30.319009
2015-07-24,30.68,30.84,30.540001,30.700001,3662500,29.967598
2015-07-23,30.950001,30.98,30.559999,30.709999,4534800,29.977358
2015-07-22,30.889999,31.200001,30.879999,30.98,4076100,30.240917
2015-07-21,30.90,31.040001,30.799999,30.90,3326800,30.162826
2015-07-20,31.10,31.120001,30.799999,31.040001,3179000,30.299487