2015-12-16,149.270004,150.669998,146.199997,149.449997,1643700,149.449997
2015-12-15,150.910004,150.949997,148.429993,149.309998,1655600,149.309998
2015-12-14,148.330002,149.369995,146.820007,148.990005,1631900,148.990005
2015-12-11,147.990005,148.259995,145.649994,147.190002,864600,147.190002
2015-12-10,149.529999,149.649994,148.050003,148.889999,1270400,148.889999
2015-12-09,148.460007,150.270004,147.690002,148.160004,1911300,148.160004
2015-12-08,146.369995,149.190002,146.300003,148.389999,1412700,148.389999
2015-12-07,147.50,148.160004,145.610001,147.339996,1182900,147.339996
2015-12-04,145.990005,148.339996,145.050003,147.690002,1488000,147.690002
2015-12-03,148.240005,148.529999,143.610001,145.589996,1486600,145.589996
2015-12-02,149.449997,150.910004,147.529999,147.860001,1073100,147.860001
2015-12-01,150.789993,150.880005,147.279999,149.210007,1180500,149.210007
2015-11-30,151.029999,151.449997,149.009995,149.389999,1632900,149.389999
2015-11-27,150.869995,151.00,149.770004,150.490005,354600,150.490005
2015-11-25,150.300003,151.139999,149.399994,150.630005,940000,150.630005
2015-11-24,148.25,150.850006,146.25,150.00,2404500,150.00
2015-11-23,155.720001,155.789993,147.50,148.399994,2411300,148.274992
2015-11-20,154.789993,156.029999,153.809998,154.919998,2664800,154.789504
2015-11-19,155.800003,155.800003,153.360001,154.630005,2273100,154.499755
2015-11-18,154.589996,155.679993,152.270004,155.639999,3457600,155.508899
2015-11-17,149.139999,153.850006,148.899994,153.50,5267300,153.370702
2015-11-16,149.910004,152.25,147.330002,149.00,6785900,148.874492
2015-11-13,140.539993,149.160004,140.399994,146.899994,27518200,146.776255
2015-11-12,160.100006,165.179993,156.100006,156.550003,3523800,156.418136
2015-11-11,163.789993,165.630005,160.860001,161.059998,2171800,160.924331
2015-11-10,159.309998,163.509995,158.809998,163.029999,2191100,162.892673
2015-11-09,160.220001,162.160004,157.509995,159.720001,2266200,159.585464
2015-11-06,159.75,164.130005,157.600006,162.25,1417100,162.113331
2015-11-05,164.979996,165.289993,160.169998,160.50,1407400,160.364806
2015-11-04,161.169998,162.639999,159.570007,162.289993,1960600,162.153291
2015-11-03,159.160004,162.759995,157.910004,159.740005,1682900,159.605451
2015-11-02,160.160004,160.270004,157.259995,159.350006,1399000,159.21578
2015-10-30,165.149994,165.880005,156.580002,157.740005,2122100,157.607136
2015-10-29,163.369995,167.919998,162.399994,165.809998,2291300,165.67033
2015-10-28,157.600006,162.149994,157.470001,160.440002,2436900,160.304859
2015-10-27,155.339996,156.850006,154.75,156.25,1263200,156.118385
2015-10-26,151.880005,155.850006,149.699997,154.270004,1764400,154.140058
2015-10-23,149.309998,152.100006,147.600006,150.570007,1996900,150.443177
2015-10-22,152.600006,153.949997,142.619995,147.679993,4178000,147.555597
2015-10-21,162.399994,162.899994,151.050003,155.240005,2645300,155.109242
2015-10-20,165.649994,165.690002,161.279999,162.610001,1161400,162.473029
2015-10-19,166.220001,166.50,163.440002,165.660004,1279400,165.520463
2015-10-16,163.869995,166.149994,162.759995,166.149994,1448800,166.01004
2015-10-15,161.25,162.729996,159.660004,162.619995,801800,162.483015
2015-10-14,159.559998,161.669998,158.050003,160.910004,1316200,160.774464
2015-10-13,159.729996,163.350006,157.589996,158.179993,817400,158.046752
2015-10-12,162.139999,162.589996,160.039993,161.529999,367700,161.393937
2015-10-09,158.360001,161.600006,157.470001,160.600006,1004000,160.464727
2015-10-08,155.770004,158.869995,154.089996,158.339996,579300,158.206621
2015-10-07,159.839996,159.919998,153.199997,156.119995,1836100,155.98849
2015-10-06,161.539993,162.399994,157.270004,159.710007,799300,159.575478
2015-10-05,161.919998,162.649994,160.259995,161.830002,1248600,161.693687
2015-10-02,154.800003,160.850006,153.339996,160.729996,1513700,160.594608
2015-10-01,159.020004,159.50,152.690002,156.369995,1530500,156.23828
2015-09-30,156.149994,157.940002,152.889999,157.270004,1514200,157.137531
2015-09-29,154.440002,162.690002,150.820007,154.899994,2341600,154.769517
2015-09-28,159.289993,159.470001,150.639999,152.570007,2745200,152.441493
2015-09-25,170.50,170.729996,158.350006,160.899994,1452200,160.764463
2015-09-24,170.139999,170.139999,166.559998,169.259995,1036800,169.117421
2015-09-23,171.759995,173.479996,170.029999,170.869995,520300,170.726066
2015-09-22,171.570007,173.529999,169.559998,171.970001,831700,171.825145
2015-09-21,177.789993,178.570007,172.410004,174.830002,1037000,174.682737
2015-09-18,179.770004,180.919998,178.240005,178.570007,1365600,178.419592
2015-09-17,180.50,183.570007,180.380005,181.080002,1180000,180.927472
2015-09-16,182.919998,183.639999,178.770004,182.389999,946800,182.236366
2015-09-15,182.00,184.770004,180.369995,183.460007,725500,183.305472
2015-09-14,179.839996,181.940002,176.50,181.259995,568100,181.107313
2015-09-11,177.119995,179.809998,176.50,179.669998,655600,179.518656
2015-09-10,176.770004,179.610001,175.779999,178.169998,947800,178.01992
2015-09-09,181.259995,182.509995,176.660004,177.070007,710600,176.920855
2015-09-08,178.580002,183.139999,178.460007,180.649994,689700,180.497826
2015-09-04,176.589996,180.270004,176.110001,178.800003,576600,178.649394
2015-09-03,181.179993,182.199997,177.039993,177.949997,610500,177.800104
2015-09-02,180.789993,181.589996,177.149994,181.589996,760200,181.437037
2015-09-01,181.169998,182.350006,178.179993,179.460007,787100,179.308842
2015-08-31,183.850006,186.240005,182.210007,182.970001,634800,182.81588
2015-08-28,190.089996,190.160004,183.910004,185.419998,1070200,185.263813
2015-08-27,184.139999,188.339996,183.429993,188.190002,1131200,188.031484
2015-08-26,180.610001,183.839996,176.740005,183.759995,1098200,183.605207
2015-08-25,182.729996,184.00,177.270004,178.00,1820800,177.725168
2015-08-24,172.679993,183.00,170.690002,178.50,2301700,178.224396
2015-08-21,191.059998,192.00,184.389999,186.889999,2816900,186.601441
2015-08-20,194.850006,196.210007,192.610001,192.660004,800000,192.362537
2015-08-19,194.309998,196.610001,194.309998,195.440002,964800,195.138243
2015-08-18,196.470001,198.419998,194.960007,195.539993,795300,195.23808
2015-08-17,195.00,197.830002,194.710007,197.059998,1641700,196.755737
2015-08-14,190.399994,196.600006,188.949997,196.00,2929700,195.697376
2015-08-13,187.929993,193.270004,187.520004,192.50,1854100,192.20278
2015-08-12,191.960007,192.070007,186.059998,186.059998,1534700,185.772721
2015-08-11,192.690002,193.039993,190.179993,192.800003,1264800,192.50232
2015-08-10,191.309998,194.039993,190.669998,193.990005,768500,193.690485
2015-08-07,188.050003,190.289993,186.009995,190.210007,1024200,189.916323
2015-08-06,189.940002,189.940002,180.399994,188.240005,2267900,187.949363
2015-08-05,192.149994,192.460007,188.509995,189.649994,1147100,189.357175
2015-08-04,191.690002,192.490005,187.759995,190.639999,1181400,190.345651
2015-08-03,192.199997,194.50,191.130005,192.50,667800,192.20278
2015-07-31,192.740005,193.789993,191.00,192.199997,586400,191.90324
2015-07-30,191.600006,193.210007,191.289993,191.429993,638500,191.134425
2015-07-29,190.889999,194.50,190.460007,192.830002,1464700,192.532273
2015-07-28,192.779999,193.50,187.839996,192.070007,2574200,191.773451
2015-07-27,192.00,196.899994,191.710007,193.600006,5945000,193.301088
2015-07-24,187.440002,190.460007,185.380005,186.50,871400,186.212044
2015-07-23,191.610001,192.470001,187.259995,189.710007,870500,189.417095
2015-07-22,186.949997,190.309998,185.929993,189.050003,796600,188.75811
2015-07-21,187.380005,188.490005,185.190002,187.070007,450300,186.781171
2015-07-20,185.949997,187.850006,184.279999,187.639999,452700,187.350283