2015-12-16,77.010002,77.690002,75.010002,75.839996,1850600,75.839996
2015-12-15,77.00,77.669998,76.080002,76.349998,1724500,76.349998
2015-12-14,76.199997,77.07,75.449997,76.209999,2155900,76.209999
2015-12-11,76.309998,77.220001,75.709999,76.169998,1334700,76.169998
2015-12-10,78.379997,78.870003,77.059998,77.209999,1170600,77.209999
2015-12-09,78.919998,80.459999,77.849998,78.57,1931400,78.57
2015-12-08,79.440002,80.809998,78.879997,79.75,2683700,79.75
2015-12-07,81.169998,81.169998,79.050003,80.480003,1509000,80.480003
2015-12-04,82.82,83.860001,80.330002,81.82,2636300,81.82
2015-12-03,92.290001,92.470001,82.809998,83.019997,4705600,83.019997
2015-12-02,92.330002,94.879997,92.010002,93.379997,1565300,93.379997
2015-12-01,91.239998,94.190002,91.019997,92.220001,1143600,92.220001
2015-11-30,92.389999,92.599998,90.790001,91.290001,1144900,91.290001
2015-11-27,92.849998,93.419998,91.419998,93.07,322500,93.07
2015-11-25,92.989998,93.199997,91.449997,92.599998,686800,92.599998
2015-11-24,91.68,93.110001,90.860001,92.599998,739600,92.599998
2015-11-23,90.870003,93.099998,90.720001,92.709999,640700,92.709999
2015-11-20,89.529999,92.040001,89.529999,91.010002,1020800,91.010002
2015-11-19,89.440002,90.50,88.599998,88.910004,615800,88.910004
2015-11-18,85.510002,89.709999,85.510002,89.57,1201500,89.57
2015-11-17,86.669998,86.900002,84.050003,85.099998,917700,85.061996
2015-11-16,84.800003,86.900002,84.389999,86.690002,1204700,86.65129
2015-11-13,87.910004,87.910004,84.370003,85.160004,1270800,85.121975
2015-11-12,87.739998,90.860001,87.489998,89.379997,1349000,89.340084
2015-11-11,89.75,91.199997,87.150002,88.260002,1446800,88.220589
2015-11-10,90.919998,93.110001,90.919998,92.93,724000,92.888502
2015-11-09,94.029999,94.050003,90.849998,91.239998,1261100,91.199254
2015-11-06,94.75,94.75,91.889999,94.239998,1066800,94.197914
2015-11-05,95.279999,96.160004,93.190002,94.910004,1427700,94.867621
2015-11-04,93.370003,93.959999,91.050003,92.080002,753400,92.038883
2015-11-03,92.129997,93.970001,91.720001,92.919998,878100,92.878504
2015-11-02,90.949997,92.580002,89.43,92.18,696800,92.138837
2015-10-30,91.190002,91.970001,90.690002,90.949997,1268300,90.909382
2015-10-29,90.339996,91.279999,89.00,91.00,1167100,90.959363
2015-10-28,89.949997,91.650002,88.769997,90.690002,830800,90.649504
2015-10-27,89.690002,90.860001,89.300003,89.489998,923000,89.450035
2015-10-26,88.639999,90.669998,88.489998,89.949997,1448900,89.909829
2015-10-23,95.669998,95.669998,87.120003,88.169998,3653300,88.130625
2015-10-22,95.940002,97.690002,95.540001,95.93,1715800,95.887162
2015-10-21,100.010002,100.220001,95.18,95.730003,1987800,95.687254
2015-10-20,100.07,100.910004,99.139999,99.510002,633700,99.465565
2015-10-19,100.580002,101.339996,99.120003,100.18,867500,100.135264
2015-10-16,99.389999,101.269997,98.830002,101.190002,877000,101.144815
2015-10-15,100.349998,100.599998,98.370003,98.599998,1188200,98.555968
2015-10-14,100.540001,102.190002,99.449997,99.879997,942000,99.835395
2015-10-13,100.00,101.290001,99.00,100.379997,626400,100.335172
2015-10-12,101.07,101.599998,100.080002,100.459999,569800,100.415138
2015-10-09,101.360001,101.639999,99.550003,100.639999,695700,100.595058
2015-10-08,98.989998,102.220001,98.019997,101.599998,978000,101.554628
2015-10-07,101.610001,101.629997,98.169998,98.989998,973200,98.945793
2015-10-06,102.620003,103.370003,100.279999,101.059998,724400,101.014868
2015-10-05,101.82,103.339996,101.050003,103.18,727600,103.133924
2015-10-02,98.919998,101.480003,97.269997,101.43,710400,101.384706
2015-10-01,101.809998,102.709999,99.190002,99.940002,1098200,99.895373
2015-09-30,98.209999,102.059998,98.040001,101.940002,1483700,101.89448
2015-09-29,100.089996,100.690002,96.260002,96.760002,1680400,96.716793
2015-09-28,104.209999,104.529999,98.919998,100.050003,1118600,100.005325
2015-09-25,108.230003,108.650002,103.730003,104.849998,1521600,104.803177
2015-09-24,108.300003,108.459999,105.519997,107.099998,1475500,107.052172
2015-09-23,112.120003,112.540001,108.629997,108.809998,566300,108.761408
2015-09-22,111.800003,112.760002,110.709999,112.290001,669600,112.239857
2015-09-21,112.629997,114.279999,111.730003,113.50,789000,113.449316
2015-09-18,113.470001,114.169998,111.32,111.610001,818900,111.56016
2015-09-17,115.50,116.989998,114.559998,114.959999,773700,114.908663
2015-09-16,113.68,115.839996,113.410004,115.739998,471900,115.688313
2015-09-15,112.980003,113.599998,111.599998,113.440002,833700,113.389345
2015-09-14,113.760002,113.919998,112.239998,112.790001,874400,112.739634
2015-09-11,113.889999,114.830002,113.029999,114.029999,788700,113.979078
2015-09-10,114.959999,115.93,113.830002,114.489998,863200,114.438871
2015-09-09,119.00,119.690002,114.440002,114.68,943100,114.628789
2015-09-08,118.959999,119.029999,117.089996,118.160004,1158500,118.107238
2015-09-04,117.300003,118.419998,116.400002,116.889999,765900,116.837801
2015-09-03,119.00,120.669998,117.129997,117.800003,975300,117.747399
2015-09-02,117.730003,118.290001,116.029999,118.260002,798900,118.207192
2015-09-01,116.339996,118.370003,115.790001,116.809998,1241800,116.757835
2015-08-31,116.389999,120.110001,115.800003,118.980003,1395500,118.926872
2015-08-28,118.00,119.339996,116.269997,116.980003,1488900,116.927765
2015-08-27,117.169998,120.00,115.580002,118.169998,2789000,118.117228
2015-08-26,111.459999,112.440002,108.190002,111.440002,1583500,111.390238
2015-08-25,110.150002,113.290001,109.050003,109.220001,2034900,109.171228
2015-08-24,112.260002,115.00,104.879997,107.349998,1742000,107.30206
2015-08-21,113.68,114.160004,111.400002,112.279999,964100,112.19188
2015-08-20,115.959999,116.550003,113.660004,114.980003,1160300,114.889765
2015-08-19,115.839996,118.309998,115.389999,117.379997,857100,117.287876
2015-08-18,115.870003,116.839996,115.120003,116.650002,529000,116.558453
2015-08-17,114.290001,115.610001,113.370003,115.529999,444300,115.439329
2015-08-14,111.769997,115.199997,111.290001,114.519997,588900,114.43012
2015-08-13,112.400002,112.50,111.00,111.779999,1288300,111.692272
2015-08-12,112.459999,113.650002,111.00,112.330002,1093400,112.241844
2015-08-11,113.839996,114.459999,112.57,113.669998,635800,113.580788
2015-08-10,114.860001,115.389999,113.019997,115.120003,700200,115.029655
2015-08-07,114.75,115.099998,112.709999,113.800003,692200,113.710691
2015-08-06,117.309998,117.739998,114.839996,115.209999,834200,115.119581
2015-08-05,115.769997,117.529999,115.720001,116.879997,544500,116.788268
2015-08-04,114.769997,115.779999,113.290001,114.540001,485800,114.450108
2015-08-03,115.610001,115.760002,112.82,114.459999,1176700,114.370169
2015-07-31,116.239998,116.629997,114.589996,116.040001,569700,115.948931
2015-07-30,115.199997,116.459999,115.050003,116.160004,440100,116.06884
2015-07-29,113.459999,116.00,113.459999,115.699997,578000,115.609194
2015-07-28,112.230003,113.860001,111.620003,113.410004,432300,113.320998
2015-07-27,112.730003,112.760002,111.07,111.50,570200,111.412493
2015-07-24,115.00,115.459999,111.760002,113.050003,566900,112.96128
2015-07-23,115.660004,116.480003,114.50,114.650002,544800,114.560023
2015-07-22,114.050003,115.260002,114.050003,115.099998,531800,115.009666
2015-07-21,114.519997,115.629997,113.440002,114.279999,391900,114.19031
2015-07-20,114.50,114.900002,113.330002,114.43,560000,114.340194