2015-12-16,20.40,20.780001,20.309999,20.709999,2676500,20.709999
2015-12-15,20.07,20.48,20.00,20.32,2422800,20.32
2015-12-14,19.84,19.969999,19.450001,19.84,3548900,19.84
2015-12-11,20.26,20.40,19.719999,19.83,3693100,19.83
2015-12-10,20.360001,20.67,20.18,20.42,2803300,20.42
2015-12-09,20.25,20.799999,20.110001,20.33,3832300,20.33
2015-12-08,20.629999,20.67,20.049999,20.27,3842800,20.27
2015-12-07,21.360001,21.42,20.51,20.85,5390700,20.85
2015-12-04,22.83,22.83,21.49,21.540001,4418400,21.540001
2015-12-03,22.67,23.25,22.530001,22.940001,5706700,22.940001
2015-12-02,22.629999,22.809999,22.40,22.60,3736900,22.60
2015-12-01,22.129999,22.65,22.030001,22.559999,3013200,22.559999
2015-11-30,21.780001,22.51,21.719999,22.049999,3611200,22.049999
2015-11-27,21.700001,21.940001,21.59,21.719999,1661500,21.719999
2015-11-25,21.77,21.940001,21.629999,21.68,2663600,21.68
2015-11-24,21.370001,21.83,21.27,21.76,2705900,21.76
2015-11-23,21.42,21.74,21.24,21.41,2793400,21.41
2015-11-20,21.629999,21.93,21.379999,21.50,2266800,21.50
2015-11-19,21.290001,21.93,21.200001,21.549999,3212200,21.549999
2015-11-18,21.10,21.43,20.950001,21.309999,4282500,21.309999
2015-11-17,21.17,21.23,20.90,20.950001,3431900,20.950001
2015-11-16,20.66,21.200001,20.610001,21.17,3006700,21.17
2015-11-13,20.43,20.969999,20.43,20.700001,4645600,20.700001
2015-11-12,21.00,21.129999,20.549999,20.67,4231700,20.67
2015-11-11,21.629999,21.780001,21.459999,21.65,3483400,21.65
2015-11-10,21.24,21.82,21.23,21.49,5404000,21.49
2015-11-09,20.92,21.370001,20.84,21.24,7730800,21.24
2015-11-06,20.610001,20.959999,20.26,20.85,10309500,20.85
2015-11-05,20.040001,21.139999,19.799999,20.73,5894200,20.73
2015-11-04,20.139999,20.41,19.860001,19.950001,4602300,19.950001
2015-11-03,20.059999,20.360001,19.549999,20.16,3983200,20.16
2015-11-02,20.049999,20.24,19.85,20.030001,4619900,20.030001
2015-10-30,19.879999,20.26,19.66,20.110001,5425500,20.110001
2015-10-29,19.65,20.23,19.65,19.85,3858300,19.85
2015-10-28,19.459999,20.00,19.360001,19.84,4722300,19.84
2015-10-27,19.40,19.60,19.16,19.32,3196500,19.32
2015-10-26,19.43,19.68,19.32,19.51,2805800,19.51
2015-10-23,19.370001,19.530001,19.17,19.48,3964300,19.48
2015-10-22,19.559999,19.73,18.969999,19.32,5198100,19.32
2015-10-21,19.889999,20.059999,19.49,19.549999,4000800,19.549999
2015-10-20,19.129999,20.01,19.07,19.84,5256000,19.84
2015-10-19,18.50,19.43,18.459999,19.309999,13030000,19.309999
2015-10-16,23.059999,23.059999,18.51,18.74,24408600,18.74
2015-10-15,25.639999,26.209999,25.559999,26.209999,2113700,26.209999
2015-10-14,25.799999,25.99,25.49,25.60,2673900,25.60
2015-10-13,26.07,26.370001,25.75,25.879999,3185500,25.879999
2015-10-12,26.530001,26.629999,26.120001,26.280001,1586700,26.280001
2015-10-09,26.870001,27.049999,26.40,26.51,2225400,26.51
2015-10-08,26.10,26.82,25.99,26.780001,2400600,26.780001
2015-10-07,25.84,26.43,25.76,26.200001,4908200,26.200001
2015-10-06,25.610001,26.049999,25.48,25.629999,2560300,25.629999
2015-10-05,25.00,25.66,24.790001,25.559999,3537700,25.559999
2015-10-02,23.84,24.780001,23.450001,24.75,4043700,24.75
2015-10-01,24.290001,24.799999,24.200001,24.690001,3772000,24.690001
2015-09-30,24.120001,24.559999,23.879999,24.209999,3954900,24.209999
2015-09-29,23.65,23.940001,23.209999,23.85,3702900,23.85
2015-09-28,24.139999,24.190001,23.58,23.60,3046700,23.60
2015-09-25,24.32,24.58,24.049999,24.379999,2507300,24.379999
2015-09-24,23.50,24.209999,23.360001,24.10,3258600,24.10
2015-09-23,24.50,24.639999,23.530001,23.73,3208100,23.73
2015-09-22,24.530001,24.83,24.34,24.459999,2549700,24.459999
2015-09-21,24.76,25.200001,24.639999,24.91,2531000,24.91
2015-09-18,24.370001,24.76,24.299999,24.58,5712000,24.58
2015-09-17,24.889999,25.190001,24.65,24.74,3186300,24.74
2015-09-16,24.610001,25.00,24.57,24.93,2197000,24.93
2015-09-15,24.290001,24.74,24.24,24.610001,2172200,24.610001
2015-09-14,24.24,24.299999,24.02,24.219999,2344000,24.219999
2015-09-11,24.290001,24.459999,23.959999,24.40,3301600,24.40
2015-09-10,24.34,24.82,24.10,24.540001,2973300,24.540001
2015-09-09,25.09,25.27,24.299999,24.360001,3431700,24.360001
2015-09-08,24.08,24.459999,23.870001,24.42,2524900,24.42
2015-09-04,23.469999,23.870001,23.360001,23.690001,2450100,23.690001
2015-09-03,23.82,24.15,23.60,23.879999,3090800,23.879999
2015-09-02,23.50,23.700001,23.040001,23.700001,3954100,23.700001
2015-09-01,23.559999,23.92,23.15,23.26,4789500,23.26
2015-08-31,23.51,24.459999,23.32,24.24,3629800,24.24
2015-08-28,23.49,23.90,23.49,23.77,4427800,23.77
2015-08-27,22.809999,23.83,22.68,23.65,3729900,23.65
2015-08-26,22.360001,22.49,21.90,22.41,4251400,22.41
2015-08-25,22.709999,22.969999,21.809999,21.83,4348200,21.83
2015-08-24,21.389999,22.940001,21.35,21.969999,5594200,21.969999
2015-08-21,23.440001,23.719999,23.059999,23.059999,3864300,23.059999
2015-08-20,24.01,24.18,23.65,23.66,2873300,23.66
2015-08-19,24.35,24.530001,24.139999,24.18,3267500,24.18
2015-08-18,24.379999,24.60,24.34,24.49,2330600,24.49
2015-08-17,24.360001,24.52,24.120001,24.459999,2927900,24.459999
2015-08-14,24.18,24.709999,24.17,24.530001,2558100,24.530001
2015-08-13,24.84,24.889999,24.139999,24.190001,4153200,24.190001
2015-08-12,24.200001,25.049999,24.18,24.940001,3923300,24.940001
2015-08-11,24.16,24.51,24.07,24.450001,3675900,24.450001
2015-08-10,23.84,24.73,23.799999,24.48,4260000,24.48
2015-08-07,23.190001,23.780001,23.15,23.639999,4275800,23.639999
2015-08-06,23.15,23.77,22.68,23.34,6586600,23.34
2015-08-05,25.27,25.75,23.01,23.110001,13491900,23.110001
2015-08-04,27.459999,27.629999,27.190001,27.33,2286200,27.33
2015-08-03,27.540001,27.860001,27.24,27.42,1658500,27.42
2015-07-31,27.790001,27.790001,27.43,27.620001,1774100,27.620001
2015-07-30,27.73,27.879999,27.469999,27.780001,1223400,27.780001
2015-07-29,27.219999,27.93,27.209999,27.790001,1525100,27.790001
2015-07-28,26.809999,27.360001,26.799999,27.209999,2072500,27.209999
2015-07-27,26.799999,26.969999,26.50,26.629999,2208800,26.629999
2015-07-24,27.48,27.52,26.84,27.00,1640700,27.00
2015-07-23,27.85,28.01,27.40,27.459999,1930500,27.459999
2015-07-22,27.940001,28.16,27.709999,27.77,2525000,27.77
2015-07-21,28.139999,28.299999,27.940001,28.110001,3226000,28.110001
2015-07-20,28.200001,28.24,27.75,28.15,2650900,28.15