2015-12-16,106.620003,107.080002,104.559998,105.989998,1659600,105.989998
2015-12-15,105.50,106.50,105.25,105.809998,1446800,105.809998
2015-12-14,105.160004,105.550003,104.029999,104.720001,1587600,104.720001
2015-12-11,104.940002,106.050003,104.940002,105.300003,1939300,105.300003
2015-12-10,106.459999,107.559998,106.279999,106.68,1510600,106.68
2015-12-09,106.93,108.139999,106.620003,107.059998,1865100,107.059998
2015-12-08,108.190002,109.160004,106.589996,106.720001,2107300,106.720001
2015-12-07,109.660004,110.120003,109.089996,109.559998,1149100,109.559998
2015-12-04,109.57,110.360001,109.010002,110.279999,1932200,110.279999
2015-12-03,110.129997,110.50,107.919998,109.059998,1619700,109.059998
2015-12-02,111.550003,112.120003,110.220001,110.360001,1739200,109.645002
2015-12-01,112.25,112.360001,110.169998,112.029999,2185900,111.30418
2015-11-30,113.660004,114.18,112.57,112.800003,2564700,112.069196
2015-11-27,113.080002,114.260002,112.93,113.910004,889900,113.172005
2015-11-25,113.720001,114.099998,113.07,113.209999,1566200,112.476536
2015-11-24,114.150002,114.389999,113.260002,114.029999,1422800,113.291223
2015-11-23,114.989998,115.50,114.410004,114.580002,1085600,113.837662
2015-11-20,115.669998,116.970001,114.889999,115.050003,1473800,114.304619
2015-11-19,115.449997,116.099998,114.879997,115.559998,1408900,114.811309
2015-11-18,113.510002,115.709999,112.879997,115.580002,1758700,114.831184
2015-11-17,116.019997,118.580002,112.32,113.410004,5891100,112.675244
2015-11-16,113.489998,116.290001,113.400002,115.980003,2451700,115.228594
2015-11-13,110.160004,116.07,109.949997,113.510002,3184700,112.774595
2015-11-12,109.949997,111.010002,109.849998,110.160004,1096900,109.446301
2015-11-11,111.779999,111.989998,110.290001,111.040001,917700,110.320596
2015-11-10,112.260002,112.489998,110.660004,111.599998,1324600,110.876966
2015-11-09,113.239998,113.550003,111.709999,112.50,984000,111.771137
2015-11-06,112.690002,114.00,112.50,113.580002,936600,112.844141
2015-11-05,112.699997,113.839996,112.410004,113.379997,1704200,112.645432
2015-11-04,113.879997,114.129997,112.839996,113.019997,1696100,112.287764
2015-11-03,112.089996,113.940002,111.800003,113.559998,1502600,112.824267
2015-11-02,111.349998,112.870003,111.18,112.379997,1663300,111.651911
2015-10-30,113.660004,114.489998,111.07,111.089996,2628300,110.370268
2015-10-29,110.459999,114.720001,110.300003,112.75,2939900,112.019517
2015-10-28,109.389999,110.709999,108.660004,109.910004,1950900,109.19792
2015-10-27,109.50,110.440002,108.699997,109.269997,1236900,108.56206
2015-10-26,111.529999,111.949997,109.93,110.139999,1481900,109.426426
2015-10-23,111.00,112.080002,110.379997,111.75,1442600,111.025996
2015-10-22,108.82,110.589996,108.309998,110.260002,1164100,109.545651
2015-10-21,109.510002,109.519997,107.720001,107.879997,964400,107.181066
2015-10-20,109.150002,109.93,108.470001,109.360001,1101000,108.651481
2015-10-19,108.540001,109.410004,108.449997,109.129997,1424500,108.422967
2015-10-16,110.230003,110.239998,108.730003,109.43,1354800,108.721027
2015-10-15,109.50,109.949997,108.620003,109.489998,1588900,108.780636
2015-10-14,108.309998,109.300003,107.940002,108.970001,1693800,108.264008
2015-10-13,107.480003,108.43,107.379997,108.370003,1461400,107.667897
2015-10-12,108.599998,109.099998,108.040001,108.529999,674200,107.826856
2015-10-09,109.099998,109.519997,108.290001,108.650002,1368100,107.946081
2015-10-08,107.300003,108.720001,106.970001,108.589996,1339700,107.886465
2015-10-07,106.239998,107.239998,105.260002,107.239998,1224600,106.545213
2015-10-06,105.889999,106.610001,105.470001,105.970001,1739300,105.283444
2015-10-05,104.019997,106.510002,103.639999,106.339996,1940900,105.651042
2015-10-02,100.389999,103.150002,99.589996,103.150002,1874300,102.481715
2015-10-01,102.099998,102.550003,100.550003,101.410004,2627200,100.75299
2015-09-30,101.290001,102.110001,101.029999,101.860001,2388000,101.200071
2015-09-29,99.269997,100.730003,99.120003,100.550003,1497700,99.898561
2015-09-28,99.989998,100.82,99.080002,99.169998,2025900,98.527497
2015-09-25,101.720001,102.099998,100.599998,100.919998,2011400,100.266159
2015-09-24,100.00,101.43,98.550003,101.00,2723900,100.345643
2015-09-23,103.230003,103.610001,100.419998,100.639999,2877200,99.987974
2015-09-22,103.93,104.440002,102.730003,103.43,1725600,102.759899
2015-09-21,105.190002,106.129997,104.739998,105.25,1655300,104.568108
2015-09-18,105.360001,106.160004,104.540001,105.129997,3108300,104.448882
2015-09-17,107.279999,108.220001,106.620003,107.050003,2397300,106.356449
2015-09-16,105.139999,107.50,105.139999,107.449997,1922100,106.753851
2015-09-15,104.889999,105.910004,104.160004,105.699997,1934500,105.015189
2015-09-14,104.839996,105.00,103.93,104.410004,1783900,103.733554
2015-09-11,104.93,105.050003,104.080002,104.769997,2412500,104.091214
2015-09-10,103.779999,105.800003,103.419998,105.190002,3322600,104.508499
2015-09-09,105.029999,105.400002,103.75,104.300003,2470200,103.624266
2015-09-08,103.209999,104.269997,102.040001,104.269997,2592500,103.594454
2015-09-04,101.800003,102.370003,100.989998,101.440002,2890000,100.782794
2015-09-03,103.019997,104.470001,102.339996,103.010002,2336900,102.342622
2015-09-02,103.400002,103.760002,102.400002,102.949997,1819000,101.572637
2015-09-01,103.519997,104.25,101.980003,102.379997,2145300,101.010264
2015-08-31,105.790001,106.18,104.970001,105.75,1967400,104.335179
2015-08-28,105.050003,106.769997,105.050003,106.190002,2824700,104.769295
2015-08-27,105.790001,106.019997,103.900002,105.190002,3116500,103.782674
2015-08-26,105.040001,105.129997,102.870003,104.050003,3876200,102.657927
2015-08-25,107.790001,107.800003,102.779999,103.00,3243100,101.621971
2015-08-24,103.57,106.18,101.010002,105.360001,3888500,103.950398
2015-08-21,110.760002,111.440002,108.440002,108.610001,2431600,107.156916
2015-08-20,111.910004,112.93,111.639999,111.650002,1532800,110.156245
2015-08-19,112.769997,113.25,111.510002,112.419998,1073100,110.91594
2015-08-18,113.669998,114.029999,113.209999,113.510002,820600,111.991361
2015-08-17,113.870003,114.360001,112.989998,114.00,1146100,112.474803
2015-08-14,113.690002,114.139999,113.449997,113.989998,850200,112.464935
2015-08-13,113.169998,114.089996,112.949997,113.669998,1163300,112.149217
2015-08-12,113.410004,114.050003,112.559998,113.449997,1476900,111.932159
2015-08-11,114.209999,114.769997,113.43,113.980003,958500,112.455074
2015-08-10,114.00,115.559998,113.75,115.470001,1467900,113.925138
2015-08-07,113.110001,113.599998,112.440002,113.150002,1536000,111.636177
2015-08-06,113.43,114.099998,112.940002,113.339996,981300,111.82363
2015-08-05,114.25,114.599998,113.330002,113.389999,1110000,111.872964
2015-08-04,113.980003,114.830002,113.18,113.389999,1167600,111.872964
2015-08-03,114.099998,114.279999,113.190002,113.629997,876800,112.109751
2015-07-31,114.440002,114.790001,113.620003,114.139999,2223000,112.61293
2015-07-30,116.230003,116.580002,113.589996,114.269997,2517300,112.741188
2015-07-29,113.010002,116.370003,111.889999,115.93,2795500,114.378982
2015-07-28,112.339996,115.57,111.730003,115.379997,2030300,113.836338
2015-07-27,112.330002,112.959999,111.540001,111.82,1312000,110.323969
2015-07-24,114.970001,115.43,112.629997,112.980003,1550300,111.468453
2015-07-23,115.139999,115.470001,114.43,115.199997,1339200,113.658746
2015-07-22,115.300003,115.980003,114.82,115.150002,1168400,113.609419
2015-07-21,116.940002,117.260002,114.959999,115.400002,995000,113.856074
2015-07-20,116.910004,117.360001,116.279999,116.709999,1086000,115.148546