2015-12-16,144.889999,145.050003,134.009995,134.399994,3377300,134.399994
2015-12-15,143.630005,145.240005,140.940002,144.580002,1949800,144.580002
2015-12-14,138.75,142.919998,138.169998,141.110001,2874300,141.110001
2015-12-11,143.139999,143.240005,139.869995,139.990005,2451000,139.990005
2015-12-10,142.309998,149.699997,141.470001,145.389999,3402100,145.389999
2015-12-09,141.270004,146.710007,140.050003,143.100006,3224800,143.100006
2015-12-08,133.740005,141.039993,132.169998,140.350006,3876700,140.350006
2015-12-07,141.50,141.50,133.080002,137.509995,4390100,137.509995
2015-12-04,142.960007,147.320007,141.279999,146.100006,2154600,146.100006
2015-12-03,145.25,147.279999,143.820007,145.179993,1716200,145.179993
2015-12-02,148.169998,148.619995,142.839996,143.820007,2019500,143.820007
2015-12-01,145.979996,149.399994,145.979996,149.25,2071100,149.25
2015-11-30,145.020004,146.419998,143.550003,144.75,1472600,144.75
2015-11-27,145.419998,147.00,144.089996,144.630005,629100,144.630005
2015-11-25,146.119995,148.289993,145.00,146.580002,1371000,146.580002
2015-11-24,145.240005,149.990005,145.059998,147.940002,2585800,147.940002
2015-11-23,140.970001,145.740005,140.00,143.600006,1787500,143.600006
2015-11-20,141.529999,143.169998,139.520004,141.210007,1683400,141.210007
2015-11-19,142.830002,143.639999,138.410004,141.100006,1328300,141.100006
2015-11-18,144.360001,146.199997,141.160004,144.330002,1391400,144.330002
2015-11-17,142.720001,144.470001,140.110001,142.320007,1137900,142.320007
2015-11-16,140.809998,143.949997,139.259995,143.789993,1733900,143.789993
2015-11-13,139.979996,142.419998,138.00,140.929993,1292600,140.929993
2015-11-12,138.509995,142.470001,138.00,140.009995,1587100,140.009995
2015-11-11,146.559998,147.149994,140.559998,140.699997,2278700,140.699997
2015-11-10,145.139999,147.50,143.520004,146.860001,1896600,146.860001
2015-11-09,145.039993,147.759995,143.839996,145.860001,1726500,145.860001
2015-11-06,144.610001,145.350006,141.800003,144.100006,1490400,144.100006
2015-11-05,143.75,149.279999,142.490005,145.419998,1792400,145.419998
2015-11-04,147.660004,149.960007,143.350006,144.919998,2338600,144.919998
2015-11-03,144.460007,150.00,143.100006,147.779999,4056000,147.779999
2015-11-02,135.529999,140.75,134.479996,138.600006,2724100,138.600006
2015-10-30,139.00,139.210007,135.399994,137.139999,1930800,137.139999
2015-10-29,137.410004,139.949997,137.080002,138.029999,1546100,138.029999
2015-10-28,132.630005,138.949997,131.630005,137.669998,2102900,137.669998
2015-10-27,132.809998,133.169998,129.25,132.139999,2000900,132.139999
2015-10-26,136.990005,137.039993,134.679993,134.679993,2170400,134.679993
2015-10-23,135.300003,137.850006,134.00,137.389999,1466100,137.389999
2015-10-22,135.970001,138.220001,134.00,136.889999,2144800,136.889999
2015-10-21,135.729996,136.089996,133.630005,134.660004,1483400,134.660004
2015-10-20,133.539993,137.399994,132.410004,136.369995,1919100,136.369995
2015-10-19,138.330002,138.399994,132.149994,133.440002,2483000,133.440002
2015-10-16,137.619995,140.839996,136.639999,140.570007,2277100,140.570007
2015-10-15,133.00,137.080002,132.509995,136.580002,2275400,136.580002
2015-10-14,131.960007,134.039993,131.00,133.240005,3138000,133.240005
2015-10-13,132.520004,134.639999,131.539993,131.889999,2875700,131.889999
2015-10-12,137.139999,137.190002,132.869995,134.00,1971600,134.00
2015-10-09,138.880005,139.279999,135.759995,136.960007,2337000,136.960007
2015-10-08,136.089996,140.00,133.259995,138.529999,4161100,138.529999
2015-10-07,137.979996,138.600006,131.960007,136.089996,3804000,136.089996
2015-10-06,133.570007,139.800003,132.589996,136.070007,3051100,136.070007
2015-10-05,134.160004,137.369995,131.330002,133.509995,3165100,133.509995
2015-10-02,121.720001,132.660004,121.639999,132.229996,3228400,132.229996
2015-10-01,122.959999,127.360001,120.129997,122.870003,2362300,122.870003
2015-09-30,119.620003,122.650002,118.419998,121.639999,2309200,121.639999
2015-09-29,118.110001,120.970001,117.00,118.449997,1675100,118.449997
2015-09-28,120.889999,121.410004,116.970001,117.050003,1440800,117.050003
2015-09-25,124.610001,124.610001,121.199997,122.339996,1518700,122.30
2015-09-24,119.849998,124.410004,119.169998,123.18,1619900,123.139729
2015-09-23,122.889999,125.949997,120.75,120.959999,1980300,120.920453
2015-09-22,121.82,123.959999,120.709999,122.889999,1875300,122.849823
2015-09-21,123.050003,124.629997,121.199997,123.82,1409500,123.779519
2015-09-18,121.300003,123.769997,120.010002,121.870003,2545200,121.83016
2015-09-17,123.330002,127.110001,122.43,123.839996,2064600,123.799509
2015-09-16,118.839996,123.760002,118.690002,123.339996,2369800,123.299673
2015-09-15,117.209999,118.709999,116.120003,117.300003,1802000,117.261654
2015-09-14,118.089996,118.089996,114.830002,117.00,1401000,116.961749
2015-09-11,119.309998,120.129997,115.599998,118.360001,2524600,118.321305
2015-09-10,118.769997,122.900002,117.769997,121.260002,1737000,121.220358
2015-09-09,121.919998,123.480003,118.669998,118.949997,1964000,118.911108
2015-09-08,119.349998,122.449997,117.699997,121.699997,1617300,121.660209
2015-09-04,117.739998,119.110001,115.610001,118.379997,1845600,118.341295
2015-09-03,118.919998,122.489998,116.980003,119.120003,1833100,119.081059
2015-09-02,116.470001,118.440002,111.790001,118.43,2117900,118.391282
2015-09-01,119.190002,121.559998,114.099998,115.209999,2474800,115.172333
2015-08-31,119.419998,124.540001,116.43,123.059998,2820900,123.019765
2015-08-28,115.089996,123.00,114.709999,121.269997,3400700,121.23035
2015-08-27,112.129997,117.120003,111.120003,115.379997,2627400,115.342276
2015-08-26,110.32,110.32,105.830002,108.860001,3434500,108.824411
2015-08-25,114.970001,115.949997,107.120003,107.239998,2926100,107.204938
2015-08-24,111.459999,115.059998,109.57,111.129997,3308500,111.093665
2015-08-21,122.50,124.639999,118.889999,118.949997,3657400,118.911108
2015-08-20,124.669998,125.839996,121.400002,123.00,2442100,122.959787
2015-08-19,128.029999,129.100006,123.839996,125.010002,2169600,124.969132
2015-08-18,127.110001,129.199997,126.160004,129.039993,1204200,128.997806
2015-08-17,127.360001,127.550003,125.599998,127.129997,1226700,127.088434
2015-08-14,127.18,129.139999,126.199997,127.580002,1123200,127.538292
2015-08-13,129.589996,129.690002,125.809998,127.010002,1700600,126.968479
2015-08-12,127.860001,130.820007,126.010002,130.419998,1883000,130.37736
2015-08-11,124.75,128.039993,123.32,127.919998,1767300,127.878177
2015-08-10,125.510002,127.93,124.099998,127.169998,1956400,127.128422
2015-08-07,128.160004,129.610001,123.82,124.480003,2293200,124.439307
2015-08-06,125.300003,129.029999,124.160004,128.270004,2165800,128.228069
2015-08-05,125.75,131.50,123.790001,125.599998,3139600,125.558936
2015-08-04,125.029999,127.169998,124.120003,124.830002,1809200,124.789191
2015-08-03,125.379997,126.260002,122.199997,123.410004,2442200,123.369657
2015-07-31,128.860001,129.589996,126.400002,126.769997,1688400,126.728552
2015-07-30,129.550003,132.990005,129.470001,129.940002,2000900,129.897521
2015-07-29,126.190002,132.440002,126.190002,130.559998,2633400,130.517313
2015-07-28,121.93,128.160004,120.150002,126.800003,2528400,126.758548
2015-07-27,121.459999,123.07,120.220001,121.410004,1835100,121.370311
2015-07-24,125.849998,125.849998,121.470001,123.510002,1945700,123.469623
2015-07-23,125.120003,126.470001,122.519997,125.779999,2566100,125.738877
2015-07-22,123.18,125.959999,122.50,125.00,2701600,124.959134
2015-07-21,124.82,127.190002,123.160004,123.580002,2055000,123.5396
2015-07-20,127.440002,127.440002,124.169998,124.559998,2109400,124.519275