2015-12-16,45.290001,46.09,45.110001,45.98,4143600,45.98
2015-12-15,45.369999,45.68,44.939999,45.060001,4786100,45.060001
2015-12-14,44.630001,45.540001,44.34,45.040001,4224600,45.040001
2015-12-11,44.84,45.150002,44.389999,44.560001,5190200,44.560001
2015-12-10,45.27,45.369999,44.50,44.98,5917400,44.98
2015-12-09,46.41,46.610001,45.209999,45.419998,4942300,45.059997
2015-12-08,46.59,46.59,45.889999,46.419998,6465400,46.052071
2015-12-07,46.959999,47.240002,46.369999,46.68,4922200,46.310012
2015-12-04,45.380001,46.790001,45.380001,46.759998,6278800,46.389376
2015-12-03,46.200001,46.700001,45.09,45.240002,8222100,44.881427
2015-12-02,46.23,46.779999,46.009998,46.279999,3696700,45.913181
2015-12-01,46.27,46.41,45.849998,46.130001,4661200,45.764373
2015-11-30,47.009998,47.09,46.169998,46.25,6141200,45.88342
2015-11-27,46.73,47.16,46.560001,46.84,2026600,46.468744
2015-11-25,46.869999,46.919998,46.529999,46.57,3269800,46.200884
2015-11-24,46.759998,46.939999,46.330002,46.689999,3633800,46.319932
2015-11-23,46.490002,47.099998,46.43,47.029999,4515200,46.657237
2015-11-20,46.259998,46.889999,46.23,46.490002,4984100,46.12152
2015-11-19,45.919998,46.52,45.73,46.119999,3842600,45.75445
2015-11-18,46.060001,46.130001,45.27,45.91,4087400,45.546115
2015-11-17,46.200001,46.43,45.799999,46.060001,5539800,45.694928
2015-11-16,45.52,46.259998,45.509998,46.119999,5558300,45.75445
2015-11-13,45.41,45.790001,45.330002,45.52,7142700,45.159207
2015-11-12,45.009998,45.709999,45.00,45.41,8759800,45.050078
2015-11-11,44.810001,45.369999,44.669998,45.00,6049200,44.643328
2015-11-10,44.540001,44.93,44.419998,44.59,4359400,44.236578
2015-11-09,44.48,44.82,44.060001,44.57,5507600,44.216736
2015-11-06,45.84,46.00,44.279999,44.630001,8097400,44.276262
2015-11-05,45.860001,46.32,45.860001,46.16,5365400,45.794134
2015-11-04,45.919998,46.25,45.599998,45.709999,6774400,45.347699
2015-11-03,46.990002,47.50,45.619999,45.98,9078600,45.61556
2015-11-02,48.130001,48.41,47.610001,47.900002,6985000,47.520344
2015-10-30,48.830002,49.00,48.310001,48.32,6970400,47.937013
2015-10-29,49.009998,49.02,48.459999,48.93,5489500,48.542179
2015-10-28,48.950001,49.25,48.580002,49.150002,5688600,48.760436
2015-10-27,48.400002,48.560001,47.259998,48.349998,8703100,47.966774
2015-10-26,49.07,49.560001,48.759998,49.490002,8418600,49.097742
2015-10-23,49.02,49.169998,48.240002,48.889999,7883400,48.502495
2015-10-22,47.75,48.919998,47.59,48.880001,6746400,48.492576
2015-10-21,47.299999,47.669998,47.099998,47.360001,4897600,46.984623
2015-10-20,47.48,47.720001,47.279999,47.630001,3212400,47.252483
2015-10-19,47.360001,47.549999,47.07,47.490002,4166500,47.113594
2015-10-16,46.880001,47.549999,46.68,47.360001,4033000,46.984623
2015-10-15,46.459999,46.73,46.25,46.68,4049800,46.310012
2015-10-14,46.549999,46.759998,45.639999,46.040001,5534200,45.675086
2015-10-13,46.970001,47.080002,46.52,46.580002,4318600,46.210807
2015-10-12,46.709999,47.200001,46.639999,46.950001,5756800,46.577873
2015-10-09,46.18,46.77,46.080002,46.470001,6457800,46.101678
2015-10-08,45.41,46.290001,45.009998,46.259998,5349100,45.893339
2015-10-07,45.25,45.630001,44.200001,45.459999,7784800,45.099681
2015-10-06,45.00,45.59,44.810001,45.259998,10550600,44.901265
2015-10-05,44.27,44.889999,44.060001,44.869999,9076100,44.514357
2015-10-02,43.25,44.029999,43.02,44.009998,6547000,43.661173
2015-10-01,44.689999,45.290001,43.419998,43.630001,7803200,43.284188
2015-09-30,44.080002,44.369999,43.560001,44.27,7420100,43.919114
2015-09-29,43.73,44.439999,42.939999,43.470001,12445500,43.125456
2015-09-28,43.060001,43.59,42.849998,43.419998,11640200,43.075849
2015-09-25,42.279999,43.48,42.09,42.990002,9341100,42.649261
2015-09-24,42.66,42.939999,41.91,42.110001,10670500,41.776235
2015-09-23,42.689999,42.990002,42.560001,42.939999,6073700,42.599654
2015-09-22,42.360001,42.610001,42.200001,42.540001,5533500,42.202827
2015-09-21,42.099998,42.860001,42.099998,42.790001,5314500,42.450845
2015-09-18,41.790001,42.720001,41.59,41.84,9877700,41.508374
2015-09-17,42.50,42.919998,42.16,42.279999,4303900,41.944886
2015-09-16,42.599998,42.669998,42.110001,42.509998,6174400,42.173062
2015-09-15,42.259998,42.259998,41.439999,42.09,9473800,41.756393
2015-09-14,42.209999,42.349998,41.740002,41.98,3185400,41.647264
2015-09-11,41.75,42.189999,41.610001,42.189999,3467200,41.855599
2015-09-10,41.990002,42.279999,41.810001,41.950001,5182200,41.617503
2015-09-09,42.669998,42.990002,41.91,42.119999,6880200,41.786154
2015-09-08,42.040001,42.57,41.880001,42.450001,7170800,42.11354
2015-09-04,41.759998,42.080002,41.509998,41.82,5731900,41.131386
2015-09-03,41.389999,42.43,41.389999,42.209999,7389000,41.514963
2015-09-02,40.990002,41.299999,40.830002,41.25,5108700,40.570772
2015-09-01,41.23,42.18,40.59,40.830002,5534300,40.157689
2015-08-31,84.57,84.669998,83.669998,83.75,6111600,41.18548
2015-08-28,84.059998,84.809998,84.059998,84.669998,3727600,41.637905
2015-08-27,84.07,85.50,83.059998,84.480003,10165200,41.544472
2015-08-26,83.910004,83.980003,80.82,83.599998,10408000,41.111715
2015-08-25,82.339996,83.629997,81.75,82.040001,8496800,40.344559
2015-08-24,80.389999,80.809998,71.389999,80.809998,11706400,39.739684
2015-08-21,84.309998,84.489998,83.18,83.610001,7931200,41.116633
2015-08-20,84.169998,85.379997,83.919998,84.75,3305600,41.677247
2015-08-19,84.949997,85.730003,83.980003,84.949997,3930600,41.775599
2015-08-18,85.489998,85.739998,85.050003,85.260002,3552800,41.928049
2015-08-17,84.970001,85.629997,84.620003,85.580002,4705000,42.085415
2015-08-14,85.589996,85.82,84.989998,85.440002,4710600,42.016568
2015-08-13,85.50,85.940002,85.339996,85.489998,5442600,42.041154
2015-08-12,85.709999,85.940002,85.040001,85.730003,5926800,42.159181
2015-08-11,85.410004,86.459999,84.849998,86.260002,5890600,42.419816
2015-08-10,86.470001,86.809998,85.870003,86.260002,6218400,42.419816
2015-08-07,86.940002,87.129997,85.870003,86.160004,6390200,42.37064
2015-08-06,88.080002,88.129997,86.82,87.07,4743000,42.818146
2015-08-05,88.089996,88.279999,87.080002,87.959999,5531800,43.255819
2015-08-04,87.220001,88.220001,87.019997,87.830002,6250000,43.19189
2015-08-03,86.050003,87.230003,85.629997,87.120003,5428000,42.842736
2015-07-31,85.739998,85.959999,85.43,85.790001,6058600,42.188685
2015-07-30,84.32,85.610001,83.980003,85.349998,6120800,41.972307
2015-07-29,84.25,84.900002,83.43,84.540001,11324800,41.573977
2015-07-28,81.25,84.769997,81.050003,84.199997,18309400,41.406774
2015-07-27,79.379997,79.769997,78.980003,79.190002,6222800,38.943024
2015-07-24,79.75,79.919998,79.349998,79.550003,3788800,39.120061
2015-07-23,80.550003,80.559998,79.550003,79.769997,3754200,39.228246
2015-07-22,79.849998,80.50,79.849998,80.370003,3293400,39.523309
2015-07-21,79.68,80.050003,79.440002,79.879997,4589600,39.282341
2015-07-20,79.300003,79.940002,78.970001,79.790001,3526000,39.238084