2015-12-16,182.979996,186.830002,182.75,186.419998,362800,186.419998
2015-12-15,185.720001,185.869995,182.089996,183.139999,378500,183.139999
2015-12-14,183.75,184.490005,182.529999,184.119995,308300,184.119995
2015-12-11,184.839996,185.850006,182.449997,183.270004,301900,183.270004
2015-12-10,185.110001,187.639999,184.380005,186.520004,286400,186.520004
2015-12-09,185.970001,188.020004,184.330002,185.449997,377500,185.449997
2015-12-08,186.809998,187.399994,185.350006,186.279999,395000,186.279999
2015-12-07,189.119995,189.470001,187.309998,188.259995,343900,188.259995
2015-12-04,187.979996,189.970001,186.419998,189.479996,589000,189.479996
2015-12-03,188.380005,189.259995,185.820007,187.619995,592200,187.619995
2015-12-02,191.050003,192.479996,187.309998,188.100006,615500,188.100006
2015-12-01,194.309998,194.979996,190.130005,191.679993,608500,191.679993
2015-11-30,195.00,195.929993,193.380005,193.490005,542000,193.490005
2015-11-27,194.009995,194.990005,192.639999,194.830002,130600,194.830002
2015-11-25,193.270004,194.979996,192.259995,193.839996,297100,193.839996
2015-11-24,190.779999,193.199997,190.100006,192.509995,307400,192.509995
2015-11-23,191.339996,192.380005,190.470001,192.279999,253200,192.279999
2015-11-20,190.179993,192.539993,189.880005,191.490005,353400,191.490005
2015-11-19,190.789993,191.809998,188.740005,189.440002,445400,189.440002
2015-11-18,186.320007,191.320007,185.589996,191.100006,497300,191.100006
2015-11-17,187.720001,188.080002,184.479996,185.75,407100,185.75
2015-11-16,184.399994,187.00,183.899994,186.960007,355600,186.960007
2015-11-13,184.029999,186.300003,183.679993,184.479996,309400,184.479996
2015-11-12,185.779999,187.619995,184.25,184.330002,265800,184.330002
2015-11-11,186.410004,188.529999,185.979996,187.470001,247600,187.470001
2015-11-10,185.020004,186.270004,183.75,186.059998,276400,186.059998
2015-11-09,186.660004,187.899994,184.399994,185.660004,281100,185.660004
2015-11-06,186.869995,188.380005,186.160004,187.360001,264800,187.360001
2015-11-05,187.440002,188.820007,186.279999,187.910004,414600,187.910004
2015-11-04,187.270004,188.820007,186.580002,187.800003,317400,187.800003
2015-11-03,187.869995,188.75,186.25,186.970001,443300,186.970001
2015-11-02,186.350006,189.50,185.669998,188.850006,406700,188.850006
2015-10-30,184.679993,187.039993,184.160004,186.350006,621900,186.350006
2015-10-29,183.399994,184.570007,183.100006,184.240005,262500,184.240005
2015-10-28,182.940002,184.589996,181.149994,184.199997,482900,184.199997
2015-10-27,182.00,183.210007,180.149994,183.089996,529700,183.089996
2015-10-26,177.550003,184.589996,176.860001,182.910004,1076800,182.910004
2015-10-23,176.809998,177.490005,175.690002,176.860001,793500,176.860001
2015-10-22,173.860001,176.880005,172.990005,175.50,1001900,175.50
2015-10-21,174.979996,175.729996,172.690002,172.949997,391900,172.949997
2015-10-20,173.649994,174.889999,173.100006,174.179993,525900,174.179993
2015-10-19,173.110001,174.610001,172.899994,174.550003,334400,174.550003
2015-10-16,174.979996,175.240005,172.600006,173.710007,414900,173.710007
2015-10-15,174.720001,174.899994,172.300003,174.639999,349500,174.639999
2015-10-14,173.979996,175.210007,173.210007,173.550003,447500,173.550003
2015-10-13,174.050003,175.860001,171.960007,174.149994,341700,174.149994
2015-10-12,173.770004,174.630005,172.770004,174.229996,287200,174.229996
2015-10-09,173.800003,174.899994,173.059998,173.699997,565600,173.699997
2015-10-08,167.899994,174.339996,166.029999,173.970001,710300,173.970001
2015-10-07,166.009995,168.470001,165.00,167.759995,694000,167.759995
2015-10-06,164.080002,165.600006,163.639999,165.020004,484400,164.770004
2015-10-05,160.770004,164.449997,160.009995,164.320007,677700,164.071067
2015-10-02,154.919998,159.809998,154.679993,159.710007,600600,159.468051
2015-10-01,157.589996,157.860001,156.25,157.75,586600,157.511013
2015-09-30,154.660004,156.919998,154.009995,156.699997,563600,156.462601
2015-09-29,153.350006,155.110001,152.490005,153.119995,512500,152.888023
2015-09-28,152.860001,153.889999,152.00,152.929993,790200,152.698308
2015-09-25,155.600006,155.619995,153.360001,154.210007,429500,153.976383
2015-09-24,151.800003,154.970001,150.910004,153.910004,651200,153.676834
2015-09-23,155.139999,155.179993,152.860001,153.339996,415200,153.107691
2015-09-22,156.309998,156.710007,154.119995,155.029999,428900,154.795133
2015-09-21,157.970001,159.580002,157.610001,158.220001,359500,157.980302
2015-09-18,160.00,160.559998,157.149994,157.490005,799500,157.251413
2015-09-17,162.059998,163.979996,161.029999,161.470001,456800,161.225379
2015-09-16,160.410004,162.779999,160.009995,162.339996,349300,162.094056
2015-09-15,159.369995,160.929993,158.520004,160.580002,324100,160.336728
2015-09-14,158.330002,159.119995,156.949997,158.679993,337700,158.439597
2015-09-11,156.820007,158.539993,156.279999,158.320007,425800,158.080157
2015-09-10,157.770004,160.139999,157.770004,159.039993,372700,158.799052
2015-09-09,162.149994,162.149994,158.050003,158.350006,249800,158.11011
2015-09-08,158.660004,160.649994,157.610001,160.630005,350500,160.386655
2015-09-04,157.759995,158.350006,155.369995,156.279999,319800,156.043239
2015-09-03,159.070007,162.529999,158.210007,158.740005,508200,158.499519
2015-09-02,157.600006,158.75,155.869995,158.729996,487000,158.489524
2015-09-01,158.789993,159.389999,154.839996,155.860001,632600,155.623877
2015-08-31,162.759995,164.029999,160.839996,162.089996,481100,161.844435
2015-08-28,162.490005,164.190002,162.059998,164.050003,356900,163.801472
2015-08-27,159.139999,163.899994,158.440002,163.25,633400,163.002681
2015-08-26,157.440002,157.990005,154.820007,157.449997,720900,157.211465
2015-08-25,158.759995,159.039993,154.029999,154.25,838300,154.016316
2015-08-24,155.059998,159.369995,152.789993,155.020004,982500,154.785153
2015-08-21,164.720001,164.960007,161.419998,161.740005,525300,161.494974
2015-08-20,167.899994,169.220001,165.690002,165.710007,352200,165.458961
2015-08-19,170.419998,171.080002,168.050003,169.220001,272200,168.963638
2015-08-18,171.080002,171.779999,170.669998,171.380005,272300,171.120369
2015-08-17,169.160004,171.539993,168.059998,171.210007,257600,170.950628
2015-08-14,168.470001,169.820007,166.320007,169.729996,372200,169.47286
2015-08-13,168.240005,169.800003,167.399994,169.059998,217000,168.803877
2015-08-12,167.490005,168.919998,166.339996,168.509995,293200,168.254707
2015-08-11,168.139999,169.050003,166.889999,168.919998,289500,168.664089
2015-08-10,169.389999,170.630005,168.679993,169.970001,308400,169.712502
2015-08-07,166.470001,168.300003,166.289993,168.270004,332400,168.01508
2015-08-06,167.389999,168.289993,166.270004,166.949997,343900,166.697073
2015-08-05,167.740005,169.410004,166.860001,167.389999,300400,167.136408
2015-08-04,165.410004,166.929993,165.029999,166.740005,462900,166.487399
2015-08-03,167.460007,167.720001,164.330002,165.410004,397800,165.159412
2015-07-31,167.889999,168.020004,166.460007,167.270004,427300,167.016595
2015-07-30,165.990005,167.630005,165.389999,167.070007,271400,166.816901
2015-07-29,164.179993,167.050003,163.800003,166.770004,427500,166.517353
2015-07-28,164.380005,164.970001,162.529999,164.25,1080100,164.001166
2015-07-27,161.970001,165.059998,158.210007,164.25,1700300,164.001166
2015-07-24,173.470001,174.240005,171.460007,172.110001,442500,171.849259
2015-07-23,174.779999,176.160004,173.630005,173.809998,384900,173.54668
2015-07-22,174.570007,176.210007,174.220001,175.00,326400,174.73488
2015-07-21,176.479996,176.889999,174.740005,174.970001,363200,174.704927
2015-07-20,176.889999,177.820007,176.520004,176.990005,175700,176.721871