2015-12-16,21.540001,22.129999,21.08,21.629999,8952900,21.629999
2015-12-15,22.120001,22.57,21.25,21.68,8777100,21.68
2015-12-14,22.07,22.15,21.219999,21.860001,11303000,21.860001
2015-12-11,24.889999,24.889999,22.620001,22.75,6762600,22.75
2015-12-10,25.93,26.620001,25.299999,25.41,5285700,25.37
2015-12-09,26.25,26.91,25.59,26.139999,5462400,26.098851
2015-12-08,24.889999,26.10,24.57,25.75,5594600,25.709465
2015-12-07,26.969999,27.23,25.559999,25.75,6392900,25.709465
2015-12-04,27.58,28.27,26.610001,27.74,4404300,27.696333
2015-12-03,28.93,29.60,27.84,28.16,4150000,28.115672
2015-12-02,28.32,29.200001,27.440001,28.860001,5451900,28.81457
2015-12-01,28.41,28.93,28.200001,28.549999,3848400,28.505057
2015-11-30,28.809999,29.610001,28.17,28.58,4777200,28.53501
2015-11-27,29.76,29.93,28.379999,28.50,2988600,28.455136
2015-11-25,30.290001,30.84,29.52,30.280001,3472000,30.232335
2015-11-24,31.120001,31.549999,30.299999,30.780001,4458300,30.731548
2015-11-23,30.35,31.450001,30.00,30.82,4361500,30.771484
2015-11-20,31.52,31.700001,30.120001,30.41,7575200,30.36213
2015-11-19,31.76,32.07,30.940001,31.700001,3983500,31.6501
2015-11-18,33.150002,33.740002,30.92,32.040001,5400100,31.989565
2015-11-17,34.50,34.50,32.82,33.00,4916000,32.948053
2015-11-16,31.85,34.66,31.559999,34.619999,5624300,34.565502
2015-11-13,29.51,31.889999,29.190001,31.719999,5280700,31.670067
2015-11-12,29.75,30.26,29.030001,29.66,6263000,29.61331
2015-11-11,32.060001,32.060001,29.209999,30.030001,4547900,29.982729
2015-11-10,33.200001,33.57,31.82,32.139999,3969700,32.089406
2015-11-09,34.360001,34.880001,33.189999,33.290001,4159700,33.237597
2015-11-06,34.849998,35.709999,33.950001,34.41,4442000,34.355833
2015-11-05,33.900002,36.23,33.669998,35.380001,5912000,35.324307
2015-11-04,34.599998,35.00,32.759998,34.080002,9134600,34.026355
2015-11-03,31.35,31.98,30.82,30.99,4560500,30.941217
2015-11-02,30.40,31.99,30.030001,31.360001,4499600,31.310635
2015-10-30,29.790001,30.549999,28.440001,30.440001,6841900,30.392083
2015-10-29,31.950001,31.950001,27.549999,29.639999,6879600,29.593341
2015-10-28,28.719999,30.10,28.00,28.83,6869300,28.784617
2015-10-27,28.469999,29.02,27.83,28.77,6812400,28.724712
2015-10-26,31.23,31.360001,28.889999,29.02,7567100,28.974318
2015-10-23,32.049999,32.139999,30.35,31.32,6195400,31.270697
2015-10-22,33.450001,33.68,31.549999,32.310001,5022600,32.25914
2015-10-21,35.529999,35.709999,33.080002,33.299999,4342000,33.24758
2015-10-20,34.540001,36.709999,34.349998,35.880001,3795000,35.82352
2015-10-19,34.540001,35.119999,34.310001,34.490002,2739800,34.435709
2015-10-16,34.919998,35.299999,33.93,34.990002,2530400,34.934922
2015-10-15,34.150002,34.939999,33.439999,34.82,3369300,34.765187
2015-10-14,33.439999,34.529999,33.279999,34.220001,2743100,34.166134
2015-10-13,33.380001,34.470001,33.110001,33.41,3674600,33.357407
2015-10-12,36.080002,36.150002,33.740002,34.48,4173200,34.425723
2015-10-09,37.59,37.73,35.73,36.049999,3947300,35.993251
2015-10-08,36.549999,37.59,36.080002,37.41,2896600,37.351111
2015-10-07,37.209999,37.610001,35.450001,36.630001,3516300,36.57234
2015-10-06,34.240002,36.27,33.91,36.209999,4331200,36.152999
2015-10-05,33.310001,34.599998,33.299999,34.32,3092500,34.265975
2015-10-02,31.110001,32.779999,30.83,32.759998,4326500,32.708429
2015-10-01,32.860001,35.130001,30.969999,31.549999,5635800,31.500335
2015-09-30,31.440001,32.32,31.049999,32.119999,4759500,32.069437
2015-09-29,31.85,32.189999,30.33,31.07,5402100,31.021091
2015-09-28,34.639999,34.880001,31.809999,31.85,4303100,31.799863
2015-09-25,35.25,35.360001,34.709999,34.990002,3140600,34.934922
2015-09-24,34.450001,35.41,33.93,34.860001,3683800,34.805125
2015-09-23,35.27,35.360001,34.310001,34.650002,3343200,34.595457
2015-09-22,35.310001,36.220001,34.98,35.09,3425800,35.034763
2015-09-21,36.080002,36.639999,35.610001,35.91,3040700,35.853472
2015-09-18,38.099998,38.209999,35.799999,36.049999,6265900,35.993251
2015-09-17,38.830002,40.060001,37.849998,38.98,3693700,38.918639
2015-09-16,36.880001,38.93,36.619999,38.869999,3766000,38.808811
2015-09-15,36.200001,37.32,35.779999,36.610001,3151000,36.552371
2015-09-14,36.220001,36.52,35.779999,36.049999,4177300,35.993251
2015-09-11,35.549999,36.490002,35.27,36.48,3441900,36.422574
2015-09-10,36.049999,36.43,35.540001,36.049999,3970100,35.953312
2015-09-09,36.380001,37.900002,35.75,35.939999,4035500,35.843606
2015-09-08,37.09,37.43,36.02,36.16,3581200,36.063018
2015-09-04,37.709999,37.91,36.41,36.50,4002500,36.402106
2015-09-03,38.18,39.509998,37.470001,38.369999,4524200,38.267089
2015-09-02,38.299999,38.759998,37.02,38.080002,3345000,37.97787
2015-09-01,37.240002,39.18,37.240002,37.959999,5395900,37.858189
2015-08-31,37.91,39.060001,36.970001,38.619999,5373600,38.516419
2015-08-28,37.790001,39.48,37.419998,38.330002,5753100,38.2272
2015-08-27,35.880001,38.459999,35.459999,38.009998,6945300,37.908054
2015-08-26,34.849998,34.950001,33.959999,34.810001,4521300,34.71664
2015-08-25,34.830002,34.830002,33.310001,33.799999,6762000,33.709347
2015-08-24,33.150002,34.900002,32.82,33.200001,6231900,33.110957
2015-08-21,35.220001,36.16,35.200001,35.639999,4278600,35.544412
2015-08-20,35.98,36.439999,35.48,35.48,3227000,35.384841
2015-08-19,36.830002,37.16,35.41,35.98,3903400,35.8835
2015-08-18,36.389999,37.110001,36.169998,37.02,3066700,36.920712
2015-08-17,36.23,36.799999,35.990002,36.549999,3029000,36.451971
2015-08-14,36.939999,37.450001,36.02,36.50,4512500,36.402106
2015-08-13,38.23,38.50,36.43,36.939999,4015500,36.840924
2015-08-12,38.580002,39.91,38.200001,38.66,5504600,38.556313
2015-08-11,36.450001,38.669998,36.380001,38.549999,4143200,38.446607
2015-08-10,35.900002,37.68,35.529999,37.599998,3691300,37.499154
2015-08-07,37.439999,38.48,35.560001,35.720001,3436500,35.624199
2015-08-06,36.310001,38.110001,35.810001,37.950001,3851100,37.848218
2015-08-05,38.549999,38.849998,36.439999,36.48,3491800,36.382159
2015-08-04,38.799999,38.799999,37.700001,37.889999,3414200,37.788377
2015-08-03,38.779999,39.349998,38.049999,38.220001,6774800,38.117494
2015-07-31,39.439999,40.200001,39.110001,39.34,6184100,39.234489
2015-07-30,42.110001,42.18,39.049999,39.849998,8515400,39.74312
2015-07-29,43.02,43.740002,40.650002,42.639999,11356900,42.525638
2015-07-28,42.360001,45.040001,41.880001,43.950001,5745500,43.832126
2015-07-27,42.18,43.169998,41.52,42.240002,5453900,42.126713
2015-07-24,42.509998,42.759998,41.52,42.32,5060900,42.206496
2015-07-23,41.41,43.330002,41.169998,42.950001,4686400,42.834808
2015-07-22,40.98,41.540001,40.740002,41.400002,4436000,41.288965
2015-07-21,41.139999,41.830002,40.830002,41.189999,3320400,41.079526
2015-07-20,42.689999,42.959999,40.700001,40.75,5667200,40.640707