2015-12-16,43.91,44.380001,43.57,44.299999,1239300,44.299999
2015-12-15,43.299999,43.91,43.169998,43.619999,2128700,43.619999
2015-12-14,43.209999,43.380001,42.73,43.07,2770800,43.07
2015-12-11,43.779999,43.860001,43.009998,43.220001,2108200,43.220001
2015-12-10,44.029999,44.490002,43.77,44.139999,1608700,44.139999
2015-12-09,44.060001,44.52,43.700001,43.959999,1919000,43.959999
2015-12-08,43.740002,44.459999,43.619999,44.279999,2269300,44.279999
2015-12-07,44.18,44.310001,43.669998,43.939999,1779500,43.939999
2015-12-04,43.700001,44.439999,43.48,44.310001,2752900,44.310001
2015-12-03,44.200001,44.380001,43.310001,43.57,2349600,43.57
2015-12-02,44.25,44.439999,44.09,44.16,1700200,44.16
2015-12-01,44.18,44.490002,43.919998,44.310001,1881500,44.310001
2015-11-30,44.299999,44.349998,43.919998,43.93,3055400,43.93
2015-11-27,44.02,44.25,43.799999,44.119999,838100,44.119999
2015-11-25,43.990002,44.09,43.82,43.950001,1175800,43.950001
2015-11-24,43.810001,44.009998,43.490002,43.860001,1990900,43.860001
2015-11-23,44.389999,44.59,43.990002,44.060001,1351500,44.060001
2015-11-20,44.169998,44.470001,44.080002,44.439999,1010100,44.439999
2015-11-19,44.189999,44.369999,43.860001,44.02,1059000,44.02
2015-11-18,43.57,44.110001,43.400002,44.080002,1084200,44.080002
2015-11-17,43.630001,43.689999,43.380001,43.509998,1019100,43.509998
2015-11-16,42.77,43.619999,42.77,43.59,1539000,43.59
2015-11-13,43.16,43.330002,42.77,42.830002,1118900,42.830002
2015-11-12,43.630001,43.919998,43.310001,43.330002,1137800,43.330002
2015-11-11,44.00,44.380001,43.700001,43.849998,1697400,43.849998
2015-11-10,43.52,43.869999,43.400002,43.799999,1257800,43.799999
2015-11-09,43.950001,43.990002,43.450001,43.580002,907000,43.580002
2015-11-06,43.75,44.09,43.509998,44.07,1328900,44.07
2015-11-05,43.860001,44.02,43.599998,43.82,1539000,43.82
2015-11-04,43.93,44.130001,43.650002,43.73,1116900,43.73
2015-11-03,43.790001,44.34,43.669998,43.91,1801800,43.91
2015-11-02,43.84,44.259998,43.77,43.990002,2262000,43.990002
2015-10-30,43.900002,44.900002,43.509998,43.740002,3421600,43.740002
2015-10-29,43.50,44.18,43.32,43.959999,1847600,43.959999
2015-10-28,43.599998,43.77,43.220001,43.689999,1276400,43.689999
2015-10-27,43.419998,43.810001,43.259998,43.580002,1152100,43.580002
2015-10-26,43.52,43.830002,43.380001,43.639999,1217700,43.639999
2015-10-23,43.560001,43.82,43.029999,43.48,1842300,43.48
2015-10-22,43.290001,43.860001,43.290001,43.619999,1559700,43.619999
2015-10-21,43.529999,43.709999,43.099998,43.130001,912500,43.130001
2015-10-20,43.150002,43.529999,43.07,43.330002,1128400,43.330002
2015-10-19,42.709999,43.27,42.400002,43.259998,1267400,43.259998
2015-10-16,43.09,43.349998,42.709999,42.830002,1162200,42.830002
2015-10-15,42.880001,43.040001,42.650002,42.950001,1048000,42.950001
2015-10-14,43.240002,43.299999,42.73,42.77,769600,42.77
2015-10-13,43.48,43.669998,43.200001,43.240002,921200,43.240002
2015-10-12,43.150002,43.619999,43.119999,43.610001,919700,43.610001
2015-10-09,43.169998,43.650002,43.080002,43.25,1430400,43.25
2015-10-08,42.150002,43.25,42.049999,43.189999,1959000,43.189999
2015-10-07,41.849998,42.48,41.82,42.34,1553600,42.34
2015-10-06,42.029999,42.25,41.639999,41.709999,1411200,41.709999
2015-10-05,41.830002,42.110001,41.73,42.09,1359100,42.09
2015-10-02,40.700001,41.509998,40.669998,41.509998,1391600,41.509998
2015-10-01,41.209999,41.50,40.959999,41.209999,1678700,41.209999
2015-09-30,40.630001,41.23,40.580002,41.200001,1800900,41.200001
2015-09-29,40.779999,41.139999,40.049999,40.32,2397300,40.32
2015-09-28,41.369999,41.470001,41.009998,41.16,2314400,40.86
2015-09-25,41.470001,41.860001,41.240002,41.59,2527100,41.286866
2015-09-24,40.75,41.150002,40.580002,41.099998,2036500,40.800436
2015-09-23,40.66,40.939999,40.509998,40.889999,1692100,40.591967
2015-09-22,40.57,40.810001,40.25,40.669998,1246700,40.373569
2015-09-21,40.830002,41.09,40.779999,41.049999,1186200,40.750801
2015-09-18,40.43,41.080002,40.32,40.689999,3171100,40.393424
2015-09-17,40.950001,41.240002,40.549999,40.759998,1471800,40.462914
2015-09-16,40.689999,41.00,40.580002,40.959999,1762400,40.661457
2015-09-15,40.450001,40.77,40.279999,40.720001,1229700,40.423208
2015-09-14,40.48,40.630001,40.200001,40.380001,1243500,40.085686
2015-09-11,40.240002,40.459999,40.080002,40.459999,1383600,40.165101
2015-09-10,40.040001,40.540001,40.009998,40.310001,1551900,40.016196
2015-09-09,41.299999,41.400002,40.189999,40.27,1979800,39.976487
2015-09-08,40.650002,41.029999,40.470001,40.959999,1594000,40.661457
2015-09-04,40.369999,40.529999,39.98,40.110001,1425200,39.817653
2015-09-03,40.689999,41.099998,40.450001,40.75,1178600,40.452988
2015-09-02,40.459999,40.560001,39.970001,40.459999,1229900,40.165101
2015-09-01,40.349998,40.549999,39.830002,40.02,1683400,39.728309
2015-08-31,41.00,41.130001,40.790001,40.98,1442900,40.681311
2015-08-28,41.240002,41.290001,40.82,41.099998,1206800,40.800436
2015-08-27,41.25,41.400002,40.610001,41.290001,1549000,40.989053
2015-08-26,40.580002,41.00,39.84,40.919998,2499800,40.621747
2015-08-25,40.790001,41.009998,39.599998,39.66,2385400,39.370933
2015-08-24,39.48,41.119999,39.48,40.130001,3894400,39.837508
2015-08-21,42.639999,42.779999,41.98,42.00,2127900,41.693877
2015-08-20,42.720001,43.349998,42.630001,42.970001,1853600,42.656809
2015-08-19,43.290001,43.369999,42.860001,42.950001,1625500,42.636954
2015-08-18,43.310001,43.709999,43.310001,43.509998,1248000,43.19287
2015-08-17,42.830002,43.349998,42.580002,43.349998,783900,43.034036
2015-08-14,42.84,43.189999,42.84,43.110001,1161600,42.795788
2015-08-13,42.740002,42.990002,42.610001,42.790001,1186800,42.47812
2015-08-12,42.77,42.93,42.459999,42.869999,1562400,42.557535
2015-08-11,42.619999,42.959999,42.529999,42.93,1130500,42.617099
2015-08-10,42.860001,42.98,42.73,42.880001,975100,42.567464
2015-08-07,42.799999,42.950001,42.490002,42.59,1179400,42.279577
2015-08-06,43.189999,43.25,42.639999,42.799999,1639500,42.488046
2015-08-05,42.970001,43.349998,42.860001,43.209999,1544900,42.895057
2015-08-04,42.490002,42.869999,42.369999,42.709999,1363400,42.398701
2015-08-03,42.57,42.720001,42.27,42.549999,1103500,42.239868
2015-07-31,42.93,42.98,42.50,42.529999,1614000,42.220013
2015-07-30,42.73,42.849998,42.540001,42.75,1727100,42.438411
2015-07-29,42.00,42.84,41.990002,42.77,2127700,42.458266
2015-07-28,41.77,42.139999,41.68,42.00,2371000,41.693877
2015-07-27,41.139999,41.73,41.080002,41.529999,2350700,41.227302
2015-07-24,41.009998,41.630001,40.970001,41.16,2549600,40.86
2015-07-23,40.060001,40.77,40.060001,40.599998,2795300,40.30408
2015-07-22,40.349998,40.59,40.09,40.23,1369800,39.936778
2015-07-21,40.82,40.869999,40.16,40.389999,1177400,40.095611
2015-07-20,40.740002,40.869999,40.669998,40.799999,1054900,40.502623