2015-12-16,59.529999,61.209999,59.48,61.099998,1366000,61.099998
2015-12-15,58.48,59.529999,58.32,59.380001,1241100,59.380001
2015-12-14,57.470001,58.549999,57.209999,58.509998,1407400,58.509998
2015-12-11,56.75,57.509998,56.50,57.450001,983700,57.450001
2015-12-10,58.599998,58.689999,56.900002,56.98,898800,56.98
2015-12-09,58.849998,59.560001,58.509998,58.709999,1124900,58.709999
2015-12-08,59.080002,59.380001,58.610001,59.009998,1517100,59.009998
2015-12-07,59.009998,59.779999,58.810001,59.73,957600,59.184999
2015-12-04,58.07,59.209999,58.00,59.16,729900,58.6202
2015-12-03,58.09,58.330002,57.490002,57.75,963900,57.223066
2015-12-02,59.490002,60.00,58.349998,58.459999,869900,57.926587
2015-12-01,59.41,59.869999,59.139999,59.709999,786300,59.165181
2015-11-30,59.32,59.740002,59.110001,59.139999,773900,58.600382
2015-11-27,59.060001,59.439999,59.009998,59.25,316000,58.709379
2015-11-25,59.50,59.50,58.73,58.93,1210800,58.3923
2015-11-24,59.220001,59.77,59.110001,59.580002,762600,59.03637
2015-11-23,60.349998,60.50,59.419998,59.560001,732100,59.016552
2015-11-20,60.119999,60.490002,59.880001,60.310001,739100,59.759709
2015-11-19,59.279999,60.169998,59.040001,60.00,724200,59.452536
2015-11-18,58.709999,59.130001,58.16,59.060001,641900,58.521114
2015-11-17,59.759998,60.18,58.52,58.689999,669000,58.154488
2015-11-16,58.860001,59.959999,58.740002,59.950001,845100,59.402993
2015-11-13,59.380001,59.91,58.720001,58.900002,974000,58.362574
2015-11-12,60.00,60.470001,59.310001,59.349998,858200,58.808465
2015-11-11,59.759998,60.18,59.509998,60.110001,896800,59.561533
2015-11-10,57.740002,59.68,57.709999,59.630001,1550800,59.085913
2015-11-09,56.990002,57.700001,56.639999,57.619999,871400,57.094251
2015-11-06,58.490002,58.490002,56.599998,57.200001,1098300,56.678085
2015-11-05,59.50,59.799999,59.200001,59.330002,576100,58.788651
2015-11-04,58.919998,59.66,58.91,59.509998,653400,58.967005
2015-11-03,58.970001,59.25,58.48,58.939999,659800,58.402207
2015-11-02,59.150002,59.43,58.52,59.200001,1153100,58.659836
2015-10-30,57.470001,59.490002,57.470001,59.220001,1733300,58.679654
2015-10-29,56.240002,57.98,56.07,57.279999,1861500,56.757353
2015-10-28,56.919998,57.330002,55.849998,56.689999,1195100,56.172737
2015-10-27,56.950001,57.169998,56.400002,56.720001,584500,56.202465
2015-10-26,57.259998,57.279999,56.41,57.049999,1159200,56.529452
2015-10-23,58.50,58.939999,57.18,57.279999,906400,56.757353
2015-10-22,57.950001,58.740002,57.869999,58.560001,532600,58.025677
2015-10-21,58.41,58.700001,57.700001,57.77,672500,57.242884
2015-10-20,57.810001,58.439999,57.709999,58.200001,615900,57.668961
2015-10-19,57.689999,57.970001,57.27,57.950001,619900,57.421242
2015-10-16,57.52,58.060001,57.279999,57.889999,1148300,57.361788
2015-10-15,56.299999,57.330002,56.139999,57.279999,807800,56.757353
2015-10-14,56.279999,56.509998,55.959999,56.09,595000,55.578213
2015-10-13,56.330002,56.619999,56.040001,56.16,745400,55.647574
2015-10-12,55.82,56.919998,55.630001,56.41,660800,55.895293
2015-10-09,56.439999,56.610001,55.540001,55.689999,970400,55.181861
2015-10-08,55.549999,56.529999,55.41,56.439999,650500,55.925018
2015-10-07,55.810001,55.919998,55.439999,55.73,993200,55.221497
2015-10-06,56.259998,56.360001,55.360001,55.700001,1117500,55.191772
2015-10-05,56.279999,56.470001,55.669998,56.419998,871300,55.9052
2015-10-02,55.759998,56.119999,55.279999,56.09,1021400,55.578213
2015-10-01,56.41,56.41,54.84,55.389999,1317400,54.884599
2015-09-30,54.939999,56.34,54.82,56.259998,1473900,55.74666
2015-09-29,54.189999,55.130001,54.110001,54.779999,1844800,54.280164
2015-09-28,54.060001,54.509998,53.830002,54.040001,795100,53.546918
2015-09-25,53.439999,54.59,53.16,54.09,732000,53.596461
2015-09-24,52.540001,53.450001,52.43,53.27,794000,52.783944
2015-09-23,52.380001,52.900002,52.27,52.759998,443200,52.278595
2015-09-22,52.610001,52.939999,52.330002,52.450001,548300,51.971426
2015-09-21,52.610001,52.990002,52.400002,52.939999,629600,52.456953
2015-09-18,52.400002,53.060001,52.310001,52.41,1254400,51.93179
2015-09-17,52.209999,53.50,52.049999,52.84,698900,52.357867
2015-09-16,52.099998,52.68,51.790001,52.330002,1038200,51.852522
2015-09-15,51.82,52.34,51.439999,52.139999,679200,51.664253
2015-09-14,51.639999,52.16,51.48,51.700001,808800,51.228269
2015-09-11,50.310001,51.560001,50.169998,51.549999,973600,51.079637
2015-09-10,50.560001,51.139999,50.369999,50.509998,664200,50.049125
2015-09-09,51.48,51.630001,50.68,50.779999,759800,50.316662
2015-09-08,50.869999,51.389999,50.740002,51.380001,915000,50.911189
2015-09-04,51.459999,51.470001,50.669998,50.869999,741000,49.865814
2015-09-03,51.880001,52.130001,51.59,51.82,695100,50.797061
2015-09-02,51.939999,51.970001,51.009998,51.66,917800,50.64022
2015-09-01,52.200001,52.540001,51.209999,51.470001,1037100,50.453972
2015-08-31,53.75,53.810001,52.450001,52.889999,932800,51.845939
2015-08-28,54.09,54.189999,53.150002,53.919998,657300,52.855605
2015-08-27,53.599998,54.040001,53.27,54.02,751400,52.953634
2015-08-26,51.830002,53.610001,51.669998,53.470001,1526600,52.414491
2015-08-25,54.32,54.700001,52.150002,52.200001,1106900,51.169561
2015-08-24,56.540001,56.540001,53.630001,53.860001,1510900,52.796792
2015-08-21,56.48,57.25,56.200001,56.540001,1226900,55.423889
2015-08-20,56.720001,57.389999,56.349998,56.77,736800,55.649348
2015-08-19,56.68,57.18,56.009998,57.029999,661300,55.904214
2015-08-18,57.23,57.41,56.889999,57.049999,646200,55.923819
2015-08-17,57.290001,57.73,57.139999,57.369999,623600,56.237502
2015-08-14,56.860001,57.290001,56.610001,57.259998,541400,56.129673
2015-08-13,56.50,57.240002,56.080002,57.009998,754000,55.884608
2015-08-12,55.91,57.00,55.470001,56.779999,809600,55.659149
2015-08-11,55.75,56.50,55.540001,56.07,683100,54.963165
2015-08-10,55.959999,56.240002,55.52,55.709999,866300,54.610271
2015-08-07,55.16,56.23,54.830002,56.040001,595500,54.933759
2015-08-06,54.619999,55.360001,54.200001,55.290001,848900,54.198564
2015-08-05,54.330002,54.830002,54.110001,54.599998,551500,53.522182
2015-08-04,54.509998,54.59,54.049999,54.16,775600,53.090869
2015-08-03,54.869999,55.220001,54.560001,54.779999,722000,53.698629
2015-07-31,54.48,55.50,54.48,54.799999,1135700,53.718235
2015-07-30,53.419998,54.43,53.349998,54.080002,740500,53.01245
2015-07-29,53.110001,53.860001,52.790001,53.849998,1022800,52.786987
2015-07-28,53.279999,53.59,53.049999,53.299999,957000,52.247845
2015-07-27,52.610001,53.490002,52.610001,53.330002,713500,52.277256
2015-07-24,52.23,52.709999,52.110001,52.57,554300,51.532256
2015-07-23,52.900002,53.00,51.98,52.290001,695200,51.257785
2015-07-22,52.759998,53.41,52.580002,53.029999,838300,51.983175
2015-07-21,53.080002,53.209999,52.419998,52.759998,701200,51.718504
2015-07-20,53.529999,53.610001,52.900002,53.139999,732000,52.091004