2015-12-16,33.619999,34.00,32.82,33.810001,15070400,33.810001
2015-12-15,32.689999,33.290001,32.689999,33.18,10841700,33.18
2015-12-14,32.049999,32.610001,31.620001,32.25,11458200,32.25
2015-12-11,32.630001,32.799999,31.67,31.77,10192000,31.77
2015-12-10,33.009998,33.650002,32.880001,33.259998,4641300,33.259998
2015-12-09,33.669998,34.099998,32.84,32.970001,9023900,32.970001
2015-12-08,33.73,34.099998,33.599998,33.860001,6113400,33.860001
2015-12-07,34.389999,34.48,33.880001,34.080002,6623600,34.080002
2015-12-04,33.32,34.52,33.169998,34.509998,13712600,34.509998
2015-12-03,33.790001,33.849998,32.950001,32.98,8972400,32.98
2015-12-02,34.130001,34.220001,33.48,33.59,7189800,33.59
2015-12-01,33.919998,34.16,33.459999,34.02,6545300,34.02
2015-11-30,33.93,33.950001,33.459999,33.709999,6229200,33.709999
2015-11-27,33.689999,33.790001,33.43,33.740002,2004100,33.740002
2015-11-25,33.669998,33.810001,33.43,33.689999,11356600,33.689999
2015-11-24,32.91,33.57,32.790001,33.50,9006800,33.50
2015-11-23,33.419998,33.549999,33.209999,33.290001,5874500,33.290001
2015-11-20,33.25,33.43,33.16,33.34,9207300,33.34
2015-11-19,33.360001,33.560001,32.950001,33.040001,7106000,33.040001
2015-11-18,32.869999,33.52,32.77,33.400002,8036400,33.400002
2015-11-17,32.790001,33.240002,32.290001,32.810001,7766000,32.810001
2015-11-16,32.259998,32.59,31.90,32.59,7966700,32.59
2015-11-13,32.619999,32.91,32.18,32.310001,8309700,32.310001
2015-11-12,33.09,33.259998,32.669998,32.790001,7987900,32.790001
2015-11-11,33.32,33.77,33.32,33.529999,6995200,33.529999
2015-11-10,33.279999,33.459999,32.880001,33.330002,9354800,33.330002
2015-11-09,33.59,33.880001,33.380001,33.490002,17265800,33.490002
2015-11-06,32.52,34.169998,32.52,33.509998,27112100,33.509998
2015-11-05,31.559999,31.799999,31.49,31.57,8704500,31.57
2015-11-04,31.52,31.73,31.389999,31.440001,7214600,31.440001
2015-11-03,31.26,31.73,31.16,31.49,7132800,31.429999
2015-11-02,30.66,31.48,30.469999,31.370001,7031100,31.310229
2015-10-30,30.90,31.049999,30.48,30.52,6254200,30.461848
2015-10-29,30.940001,31.280001,30.57,31.00,9489300,30.940933
2015-10-28,29.860001,31.049999,29.77,30.940001,25173700,30.881048
2015-10-27,30.120001,30.309999,29.610001,29.85,8956100,29.793125
2015-10-26,30.370001,30.51,30.08,30.450001,6334800,30.391982
2015-10-23,29.91,30.49,29.780001,30.43,11372900,30.37202
2015-10-22,28.959999,29.610001,28.85,29.450001,7644900,29.393887
2015-10-21,29.48,29.620001,28.809999,28.860001,7016000,28.805011
2015-10-20,28.559999,29.40,28.49,29.35,9334600,29.294077
2015-10-19,28.32,28.700001,28.209999,28.50,7015200,28.445697
2015-10-16,28.889999,28.889999,28.35,28.68,9019400,28.625354
2015-10-15,27.82,28.629999,27.73,28.60,7432500,28.545506
2015-10-14,27.98,28.040001,27.51,27.780001,11201100,27.727069
2015-10-13,28.120001,28.540001,28.059999,28.09,5356000,28.036478
2015-10-12,28.15,28.40,27.99,28.389999,5291500,28.335906
2015-10-09,28.34,28.629999,28.09,28.219999,8358700,28.166229
2015-10-08,27.950001,28.49,27.809999,28.33,9136300,28.27602
2015-10-07,27.870001,28.139999,27.48,28.129999,12248900,28.076401
2015-10-06,28.17,28.24,27.60,27.66,13204000,27.607297
2015-10-05,27.91,28.40,27.790001,28.370001,8283600,28.315945
2015-10-02,27.00,27.68,26.40,27.60,30332600,27.547412
2015-10-01,28.52,28.639999,27.84,28.549999,10716100,28.495601
2015-09-30,28.049999,28.59,27.98,28.559999,11409500,28.505582
2015-09-29,27.35,27.799999,27.129999,27.58,13568300,27.527449
2015-09-28,28.049999,28.16,27.10,27.280001,9989600,27.228022
2015-09-25,28.52,29.450001,28.219999,28.42,18246400,28.365849
2015-09-24,28.08,28.200001,27.51,27.879999,13876900,27.826877
2015-09-23,28.33,28.75,28.23,28.48,6852800,28.425734
2015-09-22,28.540001,28.68,27.99,28.33,11576600,28.27602
2015-09-21,28.870001,29.290001,28.700001,29.049999,9777600,28.994648
2015-09-18,29.049999,29.110001,28.450001,28.450001,24464200,28.395793
2015-09-17,31.110001,31.719999,29.629999,29.780001,19452600,29.723258
2015-09-16,30.84,31.219999,30.50,31.110001,9795900,31.050724
2015-09-15,30.41,31.00,30.219999,30.82,9955300,30.761276
2015-09-14,30.440001,30.540001,29.969999,30.23,7141600,30.1724
2015-09-11,30.57,30.57,30.030001,30.49,6891400,30.431905
2015-09-10,30.58,30.93,30.370001,30.60,10879000,30.541696
2015-09-09,31.469999,31.860001,30.50,30.58,8807900,30.521733
2015-09-08,29.82,31.15,29.82,31.10,14208300,31.040743
2015-09-04,29.440001,29.690001,28.83,29.10,7258000,29.044554
2015-09-03,29.57,30.280001,29.35,29.76,10587600,29.703296
2015-09-02,29.620001,29.700001,28.91,29.40,10986100,29.343981
2015-09-01,29.50,29.629999,28.91,29.09,12905000,29.034573
2015-08-31,30.58,30.690001,30.299999,30.379999,7884800,30.322114
2015-08-28,30.200001,30.84,30.00,30.700001,11173500,30.641506
2015-08-27,30.15,30.719999,29.76,30.360001,17298000,30.302153
2015-08-26,29.870001,29.90,28.93,29.74,21359100,29.683334
2015-08-25,30.58,30.58,28.77,28.799999,14719500,28.745124
2015-08-24,28.440001,30.74,27.530001,29.549999,14441200,29.493695
2015-08-21,31.809999,32.00,30.92,30.93,11616700,30.871067
2015-08-20,32.689999,32.75,32.18,32.189999,10267400,32.128664
2015-08-19,33.720001,33.790001,33.09,33.099998,8725500,33.03693
2015-08-18,33.959999,34.09,33.57,33.919998,5640800,33.855368
2015-08-17,34.110001,34.169998,33.59,34.040001,6397800,33.975142
2015-08-14,34.009998,34.330002,33.939999,34.330002,3223000,34.26459
2015-08-13,33.990002,34.200001,33.669998,34.060001,4253700,33.995104
2015-08-12,34.32,34.330002,33.009998,33.849998,10378900,33.785501
2015-08-11,34.66,35.040001,34.419998,34.740002,5121500,34.673809
2015-08-10,35.400002,35.59,35.34,35.419998,6782500,35.35251
2015-08-07,35.049999,35.509998,34.630001,35.029999,5219300,34.963253
2015-08-06,35.509998,35.720001,34.810001,35.099998,6287900,35.03312
2015-08-05,35.50,35.669998,35.290001,35.380001,10247500,35.312589
2015-08-04,34.639999,35.380001,34.630001,35.209999,7528500,35.083025
2015-08-03,34.93,34.98,34.34,34.700001,10479900,34.574866
2015-07-31,35.029999,35.07,34.369999,34.880001,9394100,34.754217
2015-07-30,34.91,35.220001,34.73,35.189999,5121300,35.063096
2015-07-29,34.560001,34.990002,34.389999,34.82,6790200,34.694432
2015-07-28,34.459999,34.610001,34.040001,34.48,6562500,34.355658
2015-07-27,34.450001,34.48,33.84,34.080002,7563200,33.957103
2015-07-24,34.869999,34.990002,34.610001,34.810001,14035500,34.68447
2015-07-23,35.23,35.529999,34.779999,34.959999,6793000,34.833926
2015-07-22,34.82,35.299999,34.540001,35.25,7356600,35.122881
2015-07-21,35.00,35.419998,34.669998,34.93,6417800,34.804036
2015-07-20,34.93,35.23,34.869999,34.990002,6952200,34.863821