2015-12-16,42.93,43.939999,42.84,43.82,2355700,43.82
2015-12-15,42.639999,43.009998,42.279999,42.709999,1939000,42.709999
2015-12-14,42.919998,43.00,41.810001,42.169998,2315200,42.169998
2015-12-11,42.939999,43.169998,42.669998,42.82,2190300,42.82
2015-12-10,44.259998,44.419998,43.459999,43.50,1674100,43.50
2015-12-09,44.66,44.93,43.689999,44.029999,1654600,44.029999
2015-12-08,44.82,44.939999,44.290001,44.689999,1855100,44.689999
2015-12-07,45.75,45.880001,45.099998,45.299999,1522300,45.299999
2015-12-04,45.25,45.990002,44.959999,45.970001,1289700,45.970001
2015-12-03,45.099998,45.759998,44.849998,45.119999,2620500,45.119999
2015-12-02,45.25,46.049999,44.779999,44.970001,1826000,44.970001
2015-12-01,45.25,45.709999,45.110001,45.529999,1938900,45.40
2015-11-30,45.25,45.529999,44.98,45.360001,1749000,45.230487
2015-11-27,45.09,45.50,44.52,45.27,614300,45.140744
2015-11-25,45.00,45.130001,44.639999,44.93,974800,44.801714
2015-11-24,44.400002,45.209999,44.32,45.009998,1268900,44.881484
2015-11-23,45.43,45.830002,44.759998,44.880001,1235400,44.751858
2015-11-20,45.799999,46.060001,45.02,45.330002,1292700,45.200574
2015-11-19,45.009998,45.759998,44.77,45.66,1809100,45.52963
2015-11-18,44.209999,45.009998,44.040001,44.939999,1687500,44.811684
2015-11-17,44.470001,44.709999,44.029999,44.220001,1745800,44.093742
2015-11-16,44.25,44.599998,43.799999,44.349998,2612300,44.223369
2015-11-13,43.830002,44.650002,43.599998,44.34,3132800,44.213399
2015-11-12,45.150002,45.43,43.68,43.720001,3389200,43.59517
2015-11-11,45.849998,46.139999,45.43,45.470001,2868300,45.340173
2015-11-10,46.41,46.73,45.16,45.66,2656600,45.52963
2015-11-09,47.630001,47.779999,46.439999,46.91,1602500,46.77606
2015-11-06,47.959999,48.25,47.580002,47.82,1799700,47.683462
2015-11-05,47.799999,48.279999,47.669998,48.119999,1296800,47.982605
2015-11-04,47.84,48.060001,47.220001,48.009998,2099600,47.872918
2015-11-03,49.720001,49.720001,47.09,47.66,4311400,47.523919
2015-11-02,49.380001,49.959999,49.220001,49.84,1928900,49.697695
2015-10-30,49.110001,50.119999,49.029999,49.119999,1911400,48.979749
2015-10-29,48.900002,49.299999,48.630001,49.110001,1915500,48.96978
2015-10-28,48.869999,49.459999,48.580002,49.02,2683000,48.880037
2015-10-27,52.73,52.73,46.82,48.950001,4493300,48.810237
2015-10-26,51.57,51.68,50.759998,51.18,3122800,51.033869
2015-10-23,51.860001,52.189999,51.400002,51.700001,2182000,51.552385
2015-10-22,49.720001,51.599998,49.639999,51.450001,2277200,51.303099
2015-10-21,49.779999,49.889999,48.950001,49.360001,1533100,49.219066
2015-10-20,48.830002,49.720001,48.830002,49.66,1379700,49.518209
2015-10-19,48.580002,49.009998,48.419998,48.889999,1637200,48.750407
2015-10-16,48.919998,49.099998,48.450001,48.66,1315200,48.521064
2015-10-15,48.849998,49.23,48.25,48.91,1885600,48.77035
2015-10-14,48.810001,49.119999,48.34,48.470001,1927700,48.331608
2015-10-13,49.18,49.57,48.84,48.860001,1407500,48.720494
2015-10-12,48.799999,49.48,48.529999,49.419998,1379600,49.278892
2015-10-09,48.720001,49.25,48.18,48.880001,1693300,48.740437
2015-10-08,48.27,48.860001,48.040001,48.709999,1587700,48.57092
2015-10-07,47.900002,48.509998,47.50,48.400002,2733800,48.261808
2015-10-06,48.50,48.50,47.150002,47.52,3592800,47.384319
2015-10-05,48.25,48.93,48.119999,48.349998,2242400,48.211948
2015-10-02,46.48,47.98,46.009998,47.98,1961100,47.843005
2015-10-01,47.02,47.50,46.290001,46.970001,2724400,46.835891
2015-09-30,46.380001,46.959999,46.16,46.880001,2157200,46.746147
2015-09-29,45.75,46.419998,45.389999,45.970001,3226900,45.838746
2015-09-28,46.860001,46.860001,45.639999,45.779999,3116800,45.649286
2015-09-25,47.43,47.50,46.57,46.900002,2763600,46.766091
2015-09-24,47.52,47.549999,46.639999,47.220001,2919300,47.085177
2015-09-23,48.689999,48.830002,47.799999,47.939999,2120400,47.803118
2015-09-22,49.439999,49.709999,48.48,48.549999,2892100,48.411377
2015-09-21,49.98,50.93,49.919998,50.040001,2184900,49.897125
2015-09-18,50.669998,50.889999,49.77,49.98,5769600,49.837295
2015-09-17,51.220001,51.84,51.060001,51.25,2078900,51.103669
2015-09-16,51.220001,51.790001,50.900002,51.57,1808900,51.422755
2015-09-15,50.68,51.619999,50.48,51.450001,3383300,51.303099
2015-09-14,51.139999,51.139999,50.52,51.040001,1954200,50.894269
2015-09-11,51.00,51.48,50.790001,51.139999,1881900,50.993982
2015-09-10,50.869999,51.599998,50.68,51.139999,2652200,50.993982
2015-09-09,52.029999,52.080002,51.080002,51.200001,1307400,51.053812
2015-09-08,51.349998,51.799999,51.09,51.689999,2530000,51.542411
2015-09-04,50.169998,51.049999,50.02,50.50,2107400,50.35581
2015-09-03,51.009998,51.77,50.869999,51.09,1793200,50.944126
2015-09-02,51.040001,51.25,50.16,50.970001,1664500,50.82447
2015-09-01,50.330002,51.349998,50.240002,50.610001,2312100,50.335868
2015-08-31,51.790001,52.240002,51.16,51.450001,1986800,51.171318
2015-08-28,51.810001,52.450001,51.599998,52.060001,1910500,51.778015
2015-08-27,52.009998,52.48,51.200001,52.00,2807100,51.718338
2015-08-26,51.02,51.459999,50.169998,51.34,3222500,51.061913
2015-08-25,51.490002,52.02,50.09,50.099998,2578100,49.828628
2015-08-24,49.279999,52.599998,48.599998,50.810001,3645000,50.534785
2015-08-21,52.669998,52.91,51.970001,52.169998,2697100,51.887416
2015-08-20,53.880001,53.900002,52.66,53.07,2417000,52.782542
2015-08-19,54.00,54.27,53.669998,53.98,2327200,53.687613
2015-08-18,54.639999,54.990002,54.32,54.360001,1855100,54.065556
2015-08-17,54.73,54.970001,54.43,54.810001,1616100,54.513119
2015-08-14,54.419998,55.139999,54.080002,55.029999,1682800,54.731925
2015-08-13,53.830002,54.509998,53.720001,54.139999,1713600,53.846746
2015-08-12,54.00,54.389999,53.32,54.040001,2304900,53.747289
2015-08-11,54.799999,54.919998,54.360001,54.599998,1473000,54.304254
2015-08-10,55.549999,55.84,54.830002,55.299999,2023600,55.000463
2015-08-07,54.470001,55.27,54.139999,55.27,2274700,54.970627
2015-08-06,55.259998,55.580002,54.310001,54.619999,2363400,54.324146
2015-08-05,54.639999,55.700001,54.549999,55.400002,3253600,55.099923
2015-08-04,53.720001,54.150002,53.599998,54.00,1658700,53.707505
2015-08-03,53.349998,53.759998,52.73,53.509998,2559100,53.220158
2015-07-31,53.259998,53.790001,52.560001,53.169998,2548700,52.881999
2015-07-30,50.84,54.959999,50.650002,52.98,3671000,52.69303
2015-07-29,50.099998,50.77,49.580002,50.599998,3716300,50.32592
2015-07-28,49.849998,50.150002,49.77,49.970001,1917100,49.699335
2015-07-27,49.630001,49.959999,49.32,49.509998,1823400,49.241824
2015-07-24,51.189999,51.540001,49.779999,49.939999,3016700,49.669495
2015-07-23,52.169998,52.220001,50.889999,50.98,2036900,50.703863
2015-07-22,51.98,52.599998,51.939999,52.029999,2658600,51.748175
2015-07-21,52.91,53.00,51.98,52.009998,1172300,51.728282
2015-07-20,52.650002,53.029999,52.650002,52.869999,1541900,52.583625