2015-12-16,117.970001,119.599998,115.870003,117.00,1321500,117.00
2015-12-15,117.68,117.889999,115.800003,116.989998,1345900,116.989998
2015-12-14,116.800003,117.599998,115.129997,116.790001,1322900,116.790001
2015-12-11,120.540001,121.309998,116.620003,117.349998,1800200,117.349998
2015-12-10,121.370003,123.190002,119.959999,121.449997,1535100,121.449997
2015-12-09,124.00,125.489998,119.889999,121.029999,2256300,121.029999
2015-12-08,126.349998,127.459999,124.279999,124.870003,1301700,124.870003
2015-12-07,129.520004,130.350006,126.650002,127.480003,1415000,127.480003
2015-12-04,128.210007,130.660004,127.029999,130.029999,1094300,130.029999
2015-12-03,129.899994,130.839996,127.199997,127.959999,1378200,127.959999
2015-12-02,130.75,132.520004,128.860001,129.440002,1249400,129.440002
2015-12-01,132.179993,132.690002,128.509995,131.039993,3269200,131.039993
2015-11-30,132.679993,133.00,129.550003,131.389999,1323300,131.389999
2015-11-27,135.279999,135.830002,132.139999,133.039993,499200,133.039993
2015-11-25,134.559998,136.759995,134.50,135.389999,861500,135.389999
2015-11-24,135.449997,137.800003,131.710007,134.889999,4604400,134.889999
2015-11-23,137.809998,141.979996,137.610001,140.649994,2062100,140.649994
2015-11-20,140.860001,141.940002,137.139999,137.600006,1783600,137.600006
2015-11-19,141.00,141.00,138.009995,139.710007,746400,139.710007
2015-11-18,138.419998,141.300003,137.259995,140.589996,962700,140.589996
2015-11-17,139.710007,140.199997,136.660004,137.919998,836400,137.919998
2015-11-16,136.210007,138.649994,135.119995,138.649994,660100,138.649994
2015-11-13,140.110001,140.330002,134.380005,136.419998,1546200,136.419998
2015-11-12,144.600006,147.740005,140.949997,141.139999,688800,141.139999
2015-11-11,149.610001,150.50,144.869995,145.059998,613800,145.059998
2015-11-10,146.729996,150.070007,146.470001,149.729996,665300,149.729996
2015-11-09,146.520004,147.419998,143.539993,146.850006,723600,146.850006
2015-11-06,147.399994,148.25,144.649994,146.639999,451000,146.639999
2015-11-05,148.860001,149.690002,146.649994,147.759995,347900,147.759995
2015-11-04,148.289993,149.550003,147.449997,148.199997,424700,148.199997
2015-11-03,148.740005,148.899994,147.190002,148.160004,602200,148.160004
2015-11-02,150.860001,150.929993,147.740005,149.169998,662400,149.169998
2015-10-30,150.520004,152.270004,148.960007,150.940002,477000,150.940002
2015-10-29,149.699997,151.00,148.899994,150.570007,516400,150.570007
2015-10-28,147.889999,149.970001,147.119995,149.470001,588900,149.25
2015-10-27,147.440002,147.949997,145.779999,147.699997,363600,147.482601
2015-10-26,144.910004,148.220001,144.210007,147.779999,582600,147.562485
2015-10-23,148.320007,148.429993,144.440002,144.759995,1135600,144.546926
2015-10-22,147.699997,149.429993,146.889999,147.589996,768900,147.372762
2015-10-21,146.059998,147.070007,144.869995,146.339996,829800,146.124602
2015-10-20,146.940002,150.649994,145.220001,145.860001,913600,145.645313
2015-10-19,142.600006,146.160004,141.139999,146.070007,697300,145.85501
2015-10-16,142.75,143.929993,141.339996,142.990005,573700,142.779542
2015-10-15,141.380005,143.100006,140.570007,141.649994,777500,141.441503
2015-10-14,142.360001,143.330002,140.350006,140.919998,448400,140.712581
2015-10-13,144.289993,145.160004,142.309998,142.660004,452700,142.450026
2015-10-12,143.050003,146.720001,142.860001,144.759995,846000,144.546926
2015-10-09,141.720001,143.580002,140.160004,143.00,737800,142.789522
2015-10-08,137.869995,142.520004,137.869995,141.929993,738100,141.721089
2015-10-07,137.429993,138.380005,135.309998,138.300003,773900,138.096442
2015-10-06,138.220001,139.110001,135.080002,136.149994,530400,135.949598
2015-10-05,137.559998,138.710007,136.610001,138.289993,608300,138.086447
2015-10-02,133.880005,136.460007,131.949997,136.449997,636300,136.249159
2015-10-01,136.75,136.949997,133.699997,134.970001,637000,134.771342
2015-09-30,135.190002,137.009995,133.279999,136.130005,821200,135.929638
2015-09-29,137.720001,138.889999,132.779999,133.800003,1145600,133.603066
2015-09-28,139.539993,140.899994,136.080002,137.940002,587600,137.736972
2015-09-25,142.699997,142.869995,138.910004,140.009995,500600,139.803917
2015-09-24,140.539993,142.029999,139.380005,141.600006,730200,141.391588
2015-09-23,138.360001,142.740005,138.360001,141.669998,987900,141.461477
2015-09-22,136.839996,138.960007,136.339996,138.600006,522600,138.396004
2015-09-21,137.800003,138.880005,136.330002,138.580002,410200,138.376029
2015-09-18,136.179993,138.839996,135.979996,136.869995,940500,136.668539
2015-09-17,138.800003,140.470001,137.490005,137.860001,485000,137.657088
2015-09-16,137.220001,138.949997,136.339996,138.720001,516500,138.515822
2015-09-15,138.679993,138.820007,136.50,137.419998,702600,137.217733
2015-09-14,138.970001,139.520004,137.270004,138.320007,391900,138.116417
2015-09-11,137.179993,139.320007,136.380005,139.240005,416100,139.035061
2015-09-10,137.710007,139.210007,137.080002,137.919998,724400,137.716997
2015-09-09,141.139999,142.080002,137.320007,137.679993,442200,137.477345
2015-09-08,137.169998,140.470001,137.110001,139.789993,605200,139.58424
2015-09-04,136.610001,138.419998,135.440002,136.529999,621500,136.329043
2015-09-03,138.380005,139.880005,136.419998,137.160004,794200,136.958121
2015-09-02,135.610001,138.119995,133.830002,138.080002,687400,137.876765
2015-09-01,135.75,136.820007,133.160004,134.050003,1428500,133.852698
2015-08-31,139.330002,142.929993,137.979996,138.00,1209300,137.796881
2015-08-28,139.919998,141.589996,137.440002,139.660004,1061100,139.454441
2015-08-27,133.330002,139.899994,131.610001,138.820007,2540800,138.615681
2015-08-26,119.57,121.379997,116.419998,121.290001,1505200,121.111477
2015-08-25,120.959999,122.379997,117.50,117.559998,838900,117.386964
2015-08-24,120.360001,120.360001,116.970001,119.769997,1471300,119.59371
2015-08-21,124.510002,125.18,122.370003,123.120003,856500,122.938785
2015-08-20,126.019997,127.550003,125.730003,125.769997,1128900,125.584879
2015-08-19,125.050003,127.57,123.690002,126.50,1181300,126.313808
2015-08-18,123.190002,125.110001,122.139999,124.129997,494400,123.947293
2015-08-17,120.870003,123.50,120.660004,123.32,427000,123.138488
2015-08-14,120.559998,122.120003,119.940002,121.139999,510100,120.961696
2015-08-13,119.830002,121.239998,119.459999,120.339996,474200,120.162871
2015-08-12,118.989998,119.93,117.849998,119.75,482500,119.573743
2015-08-11,120.459999,121.07,119.580002,119.989998,482900,119.813387
2015-08-10,121.43,122.089996,120.779999,121.610001,411300,121.431006
2015-08-07,119.919998,120.639999,119.230003,120.339996,309300,120.162871
2015-08-06,121.82,121.900002,119.690002,120.050003,367500,119.873304
2015-08-05,122.50,123.330002,121.550003,121.980003,387200,121.800464
2015-08-04,121.449997,122.309998,120.910004,121.529999,500900,121.351122
2015-08-03,121.309998,121.669998,120.059998,121.309998,663400,121.131444
2015-07-31,121.599998,121.989998,120.139999,121.220001,696800,121.04158
2015-07-30,121.389999,121.989998,120.589996,121.849998,613700,121.67065
2015-07-29,120.980003,122.589996,120.699997,121.779999,896600,121.381078
2015-07-28,119.209999,121.419998,118.470001,120.870003,16789000,120.474063
2015-07-27,121.510002,121.940002,118.309998,118.620003,1437200,118.231433
2015-07-24,123.300003,123.739998,120.75,121.040001,296600,120.643504
2015-07-23,123.730003,125.32,123.150002,123.489998,543300,123.085475
2015-07-22,122.410004,123.82,122.410004,123.699997,319600,123.294786
2015-07-21,122.779999,123.849998,121.389999,122.959999,465800,122.557213
2015-07-20,122.309998,123.190002,121.25,122.650002,455800,122.248231