2015-12-16,71.50,72.300003,70.769997,71.220001,7836900,71.220001
2015-12-15,71.00,72.129997,70.559998,71.839996,10481100,71.839996
2015-12-14,69.379997,70.529999,69.110001,70.019997,11191200,70.019997
2015-12-11,71.480003,71.480003,69.720001,69.82,9353100,69.82
2015-12-10,71.790001,73.230003,71.400002,71.480003,7160700,71.480003
2015-12-09,72.099998,74.050003,71.419998,72.120003,9310300,72.120003
2015-12-08,71.220001,72.989998,69.699997,71.50,8305200,71.50
2015-12-07,72.650002,73.279999,72.07,72.800003,10563000,72.800003
2015-12-04,73.830002,75.059998,73.160004,74.709999,8605300,74.709999
2015-12-03,76.459999,76.620003,74.139999,74.809998,8292700,74.809998
2015-12-02,77.389999,78.199997,75.620003,75.809998,9595000,75.809998
2015-12-01,76.809998,78.220001,76.50,78.169998,8172200,78.169998
2015-11-30,77.089996,77.870003,76.82,77.150002,7979400,77.150002
2015-11-27,76.790001,77.50,76.440002,77.330002,3147300,76.830002
2015-11-25,77.43,78.50,76.459999,77.529999,4055400,77.028706
2015-11-24,77.510002,78.980003,77.050003,78.18,6960500,77.674505
2015-11-23,76.690002,77.419998,76.309998,77.220001,5859600,76.720713
2015-11-20,77.919998,78.129997,76.230003,77.150002,8480500,76.651166
2015-11-19,77.730003,78.699997,77.629997,77.919998,6674600,77.416184
2015-11-18,77.00,78.68,76.760002,78.550003,6955100,78.042115
2015-11-17,78.040001,78.339996,76.660004,76.739998,5579200,76.243813
2015-11-16,76.269997,78.50,75.769997,78.330002,6662500,77.823536
2015-11-13,76.25,77.040001,75.709999,76.139999,7311400,75.647694
2015-11-12,76.349998,77.790001,75.910004,76.599998,8141900,76.104719
2015-11-11,78.480003,78.589996,76.760002,77.629997,5575200,77.128058
2015-11-10,77.400002,78.870003,77.279999,78.769997,5949900,78.260686
2015-11-09,78.82,79.290001,77.330002,77.910004,5860000,77.406254
2015-11-06,78.050003,79.07,77.00,79.059998,7444300,78.548812
2015-11-05,79.739998,80.720001,78.610001,78.800003,6730900,78.290499
2015-11-04,81.449997,81.709999,79.800003,80.309998,8788400,79.79073
2015-11-03,79.870003,82.43,79.690002,81.519997,10257000,80.992905
2015-11-02,77.650002,79.730003,77.449997,79.43,8480100,78.916422
2015-10-30,78.639999,78.889999,76.660004,78.160004,9474800,77.654637
2015-10-29,78.730003,79.949997,78.370003,78.690002,6612800,78.181209
2015-10-28,77.849998,79.709999,77.199997,79.129997,11293200,78.618359
2015-10-27,75.459999,77.419998,75.349998,76.949997,9291600,76.452454
2015-10-26,78.059998,78.150002,76.970001,77.150002,7887200,76.651166
2015-10-23,77.839996,79.239998,77.400002,78.349998,8867400,77.843404
2015-10-22,76.370003,78.519997,76.239998,78.260002,9091200,77.753989
2015-10-21,75.300003,76.980003,75.110001,75.629997,7928600,75.140989
2015-10-20,73.889999,76.089996,73.849998,75.550003,8901400,75.061512
2015-10-19,73.349998,75.419998,73.209999,74.139999,7586000,73.660626
2015-10-16,75.75,75.800003,72.489998,74.510002,17795100,74.028236
2015-10-15,75.360001,76.269997,73.879997,76.160004,11034700,75.667569
2015-10-14,74.599998,75.339996,73.769997,75.010002,7187800,74.525003
2015-10-13,74.190002,76.080002,74.00,74.639999,6666300,74.157393
2015-10-12,76.650002,76.650002,74.269997,74.940002,7575700,74.455456
2015-10-09,77.150002,77.370003,75.860001,76.360001,6842500,75.866273
2015-10-08,75.279999,76.93,74.410004,76.639999,8446600,76.144461
2015-10-07,75.43,76.900002,74.550003,75.349998,12631100,74.862801
2015-10-06,72.300003,74.410004,71.879997,73.940002,11672500,73.461922
2015-10-05,71.25,72.730003,71.050003,72.089996,8800800,71.623877
2015-10-02,66.93,70.449997,66.57,70.32,12738800,69.865325
2015-10-01,70.110001,70.989998,67.410004,67.650002,12055400,67.212591
2015-09-30,69.279999,69.800003,67.75,68.970001,11785800,68.524055
2015-09-29,69.610001,69.889999,68.029999,69.099998,11467000,68.653212
2015-09-28,71.650002,71.720001,69.32,69.370003,9189100,68.921471
2015-09-25,73.25,73.309998,72.230003,72.900002,5655600,72.428645
2015-09-24,71.389999,73.419998,71.110001,72.690002,7655300,72.220004
2015-09-23,73.209999,73.379997,71.900002,71.940002,5726700,71.474853
2015-09-22,71.519997,73.120003,71.50,72.57,5894900,72.100777
2015-09-21,73.260002,73.480003,72.279999,72.870003,5935900,72.39884
2015-09-18,73.980003,74.099998,72.199997,72.540001,12646500,72.070972
2015-09-17,76.160004,76.82,75.080002,75.300003,8500100,74.813129
2015-09-16,74.220001,76.50,73.989998,76.160004,7685200,75.667569
2015-09-15,73.279999,73.82,72.699997,73.589996,8408800,73.114179
2015-09-14,73.400002,73.400002,72.349998,72.839996,5997600,72.369028
2015-09-11,73.470001,73.720001,72.269997,73.699997,8359800,73.223468
2015-09-10,74.550003,74.839996,72.889999,74.07,8261000,73.591078
2015-09-09,75.660004,77.239998,74.239998,74.400002,10927200,73.918947
2015-09-08,75.300003,75.860001,74.739998,75.540001,7189500,75.051575
2015-09-04,75.129997,75.389999,74.419998,75.00,9072100,74.515066
2015-09-03,76.160004,77.519997,75.019997,76.260002,11091000,75.766921
2015-09-02,76.660004,76.900002,73.860001,75.410004,12993100,74.922418
2015-09-01,75.300003,76.57,74.839996,75.419998,14970000,74.932348
2015-08-31,75.129997,77.709999,74.610001,77.370003,17008400,76.869744
2015-08-28,74.099998,76.860001,73.279999,76.059998,15702900,75.071443
2015-08-27,72.300003,73.989998,70.900002,73.849998,28622100,72.890168
2015-08-26,72.519997,72.519997,68.010002,70.089996,58004300,69.179034
2015-08-25,76.599998,76.610001,72.50,72.519997,12085200,71.577452
2015-08-24,73.919998,76.300003,73.019997,73.870003,17350900,72.909912
2015-08-21,78.800003,79.900002,77.50,77.50,11130500,76.49273
2015-08-20,80.470001,81.830002,79.440002,79.440002,8483800,78.407518
2015-08-19,82.370003,82.940002,80.400002,80.669998,9410300,79.621528
2015-08-18,83.550003,83.779999,82.620003,83.150002,5106500,82.069298
2015-08-17,83.059998,83.849998,83.059998,83.50,4845400,82.414748
2015-08-14,84.019997,85.120003,83.519997,83.860001,4201500,82.77007
2015-08-13,84.389999,84.690002,83.440002,84.089996,5908500,82.997076
2015-08-12,83.989998,85.040001,82.870003,84.830002,6682100,83.727464
2015-08-11,82.970001,84.449997,82.559998,84.360001,6088400,83.263571
2015-08-10,82.199997,84.480003,82.160004,84.440002,6776600,83.342533
2015-08-07,83.220001,83.849998,81.949997,82.25,6275900,81.180994
2015-08-06,82.129997,84.190002,81.75,83.589996,8265700,82.503575
2015-08-05,82.940002,83.949997,82.129997,82.50,5812500,81.427745
2015-08-04,82.339996,83.00,81.870003,82.269997,4707300,81.200731
2015-08-03,82.040001,83.150002,81.660004,82.080002,6808800,81.013205
2015-07-31,83.099998,83.510002,82.629997,82.82,5568600,81.743586
2015-07-30,84.059998,84.419998,83.080002,83.519997,4653500,82.434485
2015-07-29,82.00,84.269997,81.919998,83.889999,8491100,82.799678
2015-07-28,82.540001,83.059998,81.150002,82.50,8330600,81.427745
2015-07-27,82.00,82.50,81.25,81.760002,7186200,80.697365
2015-07-24,85.75,85.809998,82.660004,82.900002,8745800,81.822548
2015-07-23,85.230003,86.610001,84.919998,86.019997,6419300,84.901992
2015-07-22,83.980003,85.860001,83.550003,85.260002,10589000,84.151875
2015-07-21,83.379997,85.290001,83.120003,84.300003,7809200,83.204353
2015-07-20,84.239998,84.529999,83.449997,83.519997,7110800,82.434485