2015-12-16,170.080002,171.729996,169.029999,171.259995,334400,171.259995
2015-12-15,169.610001,170.139999,167.669998,168.779999,425200,168.779999
2015-12-14,167.539993,169.020004,166.809998,168.339996,338800,168.339996
2015-12-11,167.979996,168.360001,166.440002,167.130005,371500,167.130005
2015-12-10,169.289993,170.899994,169.289993,169.690002,349200,169.690002
2015-12-09,169.649994,172.080002,168.490005,169.429993,387600,169.429993
2015-12-08,172.179993,174.100006,170.460007,170.720001,514200,170.720001
2015-12-07,173.669998,174.229996,172.320007,174.089996,396300,174.089996
2015-12-04,170.940002,173.929993,170.339996,173.820007,236700,173.820007
2015-12-03,172.380005,173.130005,169.970001,170.50,500900,170.50
2015-12-02,173.399994,173.869995,171.899994,171.990005,304000,171.990005
2015-12-01,172.479996,173.699997,172.130005,173.470001,263800,173.470001
2015-11-30,172.460007,173.139999,171.479996,172.160004,413400,172.160004
2015-11-27,171.240005,171.910004,169.770004,171.759995,114600,171.759995
2015-11-25,169.720001,171.699997,169.229996,170.889999,322000,170.889999
2015-11-24,166.309998,169.559998,165.910004,169.220001,375000,169.220001
2015-11-23,168.50,169.580002,167.210007,167.600006,398200,167.600006
2015-11-20,168.869995,169.759995,168.139999,168.649994,328400,168.649994
2015-11-19,168.100006,169.360001,168.00,168.820007,323400,168.210011
2015-11-18,165.149994,167.880005,164.380005,167.610001,377100,167.004377
2015-11-17,166.389999,166.830002,163.800003,164.300003,415500,163.706339
2015-11-16,165.270004,166.710007,164.610001,165.899994,557300,165.300549
2015-11-13,166.369995,167.729996,165.279999,165.880005,319000,165.280632
2015-11-12,168.100006,169.869995,166.779999,166.830002,350500,166.227196
2015-11-11,170.330002,171.389999,169.589996,169.809998,245900,169.196424
2015-11-10,168.729996,170.410004,168.009995,170.330002,376800,169.71455
2015-11-09,169.779999,170.100006,168.509995,169.330002,387500,168.718163
2015-11-06,169.279999,170.509995,167.970001,170.169998,256600,169.555124
2015-11-05,169.589996,169.990005,167.699997,169.449997,264300,168.837724
2015-11-04,168.130005,169.740005,167.919998,169.009995,296600,168.399312
2015-11-03,166.279999,168.270004,165.75,167.800003,378900,167.193692
2015-11-02,165.860001,167.240005,164.320007,166.830002,242700,166.227196
2015-10-30,164.839996,166.869995,164.00,165.889999,359000,165.29059
2015-10-29,164.649994,165.779999,163.369995,164.800003,272100,164.204532
2015-10-28,161.389999,165.110001,161.179993,164.830002,374700,164.234423
2015-10-27,161.610001,162.039993,160.369995,160.899994,329700,160.318615
2015-10-26,163.770004,164.660004,162.080002,162.360001,343900,161.773346
2015-10-23,165.080002,165.850006,162.619995,164.00,521100,163.40742
2015-10-22,162.589996,166.979996,161.600006,164.110001,571400,163.517023
2015-10-21,160.100006,161.839996,159.00,160.080002,508200,159.501586
2015-10-20,159.559998,161.25,158.009995,159.339996,408500,158.764254
2015-10-19,159.270004,160.199997,158.699997,159.779999,222900,159.202667
2015-10-16,160.809998,161.070007,159.139999,159.970001,244400,159.391983
2015-10-15,159.550003,160.770004,157.559998,160.600006,393600,160.019711
2015-10-14,161.449997,162.860001,158.630005,158.949997,538700,158.375664
2015-10-13,162.850006,164.00,161.470001,161.789993,235000,161.205399
2015-10-12,161.979996,163.740005,161.460007,163.600006,252200,163.008871
2015-10-09,161.990005,163.199997,161.169998,161.889999,265800,161.305043
2015-10-08,156.539993,162.679993,156.199997,161.720001,538400,161.135659
2015-10-07,155.240005,157.449997,154.990005,157.300003,448300,156.731632
2015-10-06,155.169998,155.960007,154.100006,154.570007,302700,154.011501
2015-10-05,153.449997,156.119995,153.449997,155.179993,687300,154.619282
2015-10-02,147.630005,151.309998,146.520004,151.309998,712200,150.76327
2015-10-01,151.110001,152.330002,148.820007,149.610001,522600,149.069416
2015-09-30,150.320007,151.75,148.729996,150.940002,542100,150.394612
2015-09-29,151.539993,151.699997,147.979996,148.899994,576100,148.361975
2015-09-28,152.509995,152.990005,150.039993,150.639999,324600,150.095693
2015-09-25,153.479996,154.520004,152.809998,153.729996,385600,153.174524
2015-09-24,152.330002,154.220001,150.570007,152.369995,538100,151.819438
2015-09-23,155.580002,155.580002,153.429993,153.770004,359800,153.214388
2015-09-22,155.059998,155.559998,154.009995,155.289993,359000,154.728885
2015-09-21,156.839996,158.279999,156.039993,156.990005,327100,156.422755
2015-09-18,157.309998,158.309998,155.399994,155.580002,1644900,155.017846
2015-09-17,159.070007,161.440002,158.559998,159.149994,358400,158.574938
2015-09-16,158.720001,159.820007,158.179993,159.089996,467100,158.515158
2015-09-15,158.550003,159.520004,157.800003,158.539993,442900,157.967142
2015-09-14,157.880005,158.300003,156.910004,157.919998,383600,157.349387
2015-09-11,156.990005,158.300003,156.690002,157.860001,353400,157.289606
2015-09-10,157.419998,159.110001,156.970001,157.639999,266900,157.0704
2015-09-09,160.889999,161.940002,157.419998,157.660004,209400,157.090332
2015-09-08,157.360001,159.779999,156.699997,159.740005,292200,159.162818
2015-09-04,154.75,156.360001,153.75,154.399994,329400,153.842101
2015-09-03,155.800003,158.270004,155.610001,157.410004,402900,156.841235
2015-09-02,155.789993,156.009995,153.419998,155.419998,472300,154.85842
2015-09-01,156.990005,156.990005,153.520004,154.440002,524000,153.881965
2015-08-31,158.889999,160.990005,158.490005,159.770004,280200,159.192708
2015-08-28,159.289993,160.940002,158.740005,159.889999,304100,159.31227
2015-08-27,157.869995,160.429993,156.970001,160.050003,480600,159.471695
2015-08-26,154.940002,155.850006,150.869995,155.690002,587600,155.127449
2015-08-25,157.470001,157.660004,151.449997,151.479996,714300,150.932654
2015-08-24,152.869995,159.50,150.479996,154.259995,774900,153.702608
2015-08-21,164.539993,166.580002,160.869995,160.919998,894800,160.338547
2015-08-20,167.960007,169.070007,166.580002,166.690002,352600,165.559611
2015-08-19,169.300003,170.389999,168.119995,169.479996,318500,168.330684
2015-08-18,169.770004,170.699997,169.690002,169.990005,234500,168.837235
2015-08-17,168.080002,169.690002,166.899994,169.509995,313400,168.36048
2015-08-14,166.570007,168.199997,166.199997,168.070007,184300,166.930258
2015-08-13,164.839996,167.169998,164.839996,166.529999,269600,165.400692
2015-08-12,163.889999,165.259995,162.479996,165.110001,291800,163.990324
2015-08-11,166.229996,166.559998,164.649994,165.139999,396500,164.020119
2015-08-10,167.720001,169.059998,167.210007,167.509995,368700,166.374042
2015-08-07,165.800003,166.940002,164.830002,166.070007,319000,164.94382
2015-08-06,167.380005,168.279999,165.460007,165.880005,284700,164.755106
2015-08-05,166.820007,169.070007,166.690002,167.389999,491800,166.254861
2015-08-04,163.25,166.00,163.25,165.580002,344000,164.457138
2015-08-03,164.850006,165.279999,162.50,163.610001,302600,162.500496
2015-07-31,165.00,165.860001,164.360001,164.800003,243700,163.682428
2015-07-30,163.729996,164.820007,162.630005,164.380005,243300,163.265278
2015-07-29,161.770004,164.380005,160.789993,164.220001,346500,163.10636
2015-07-28,157.089996,161.330002,157.089996,161.130005,450700,160.037318
2015-07-27,157.889999,159.679993,156.809998,157.089996,503200,156.024706
2015-07-24,162.75,163.440002,159.369995,159.740005,448700,158.656745
2015-07-23,161.419998,164.169998,160.449997,162.070007,594700,160.970946
2015-07-22,162.25,162.779999,161.279999,162.130005,415200,161.030537
2015-07-21,163.339996,163.940002,161.429993,162.550003,340400,161.447687
2015-07-20,162.429993,164.470001,162.429993,163.970001,269200,162.858055