2015-12-16,75.800003,76.129997,75.160004,75.599998,1174500,75.599998
2015-12-15,75.739998,76.230003,75.400002,75.669998,2359100,75.669998
2015-12-14,74.760002,75.440002,74.43,75.330002,1594000,75.330002
2015-12-11,75.010002,75.279999,74.540001,74.809998,2593400,74.809998
2015-12-10,75.160004,76.339996,74.900002,76.00,1618400,76.00
2015-12-09,75.019997,76.010002,74.779999,75.139999,1860300,75.139999
2015-12-08,74.519997,75.410004,74.440002,75.349998,1710300,75.349998
2015-12-07,75.059998,75.269997,74.419998,75.099998,1320200,75.099998
2015-12-04,74.989998,75.830002,74.809998,75.269997,2368300,75.269997
2015-12-03,75.239998,75.989998,74.540001,74.900002,2104800,74.900002
2015-12-02,75.32,75.849998,74.739998,75.199997,1621600,75.199997
2015-12-01,74.110001,75.989998,73.839996,75.879997,2832500,75.879997
2015-11-30,74.480003,74.660004,73.809998,73.870003,2791000,73.870003
2015-11-27,74.440002,74.709999,74.269997,74.580002,452000,74.580002
2015-11-25,74.50,74.849998,74.150002,74.489998,1156000,74.489998
2015-11-24,74.07,74.699997,74.00,74.43,1213500,74.43
2015-11-23,74.870003,74.980003,74.169998,74.550003,1972500,74.550003
2015-11-20,75.32,75.43,74.800003,74.93,1899700,74.93
2015-11-19,75.190002,75.470001,74.879997,75.019997,1921200,75.019997
2015-11-18,74.82,75.389999,74.730003,75.360001,1632000,75.360001
2015-11-17,73.599998,75.150002,73.599998,74.839996,1535500,74.839996
2015-11-16,73.599998,74.620003,73.50,74.559998,1439200,74.559998
2015-11-13,74.309998,74.43,73.769997,73.900002,1418000,73.900002
2015-11-12,74.550003,75.290001,74.300003,74.419998,2234700,74.419998
2015-11-11,75.230003,75.550003,73.349998,74.610001,3894600,74.610001
2015-11-10,76.440002,76.900002,75.50,75.699997,2797100,75.699997
2015-11-09,76.860001,77.099998,76.599998,76.910004,1505900,76.910004
2015-11-06,76.660004,77.300003,76.57,77.07,1909300,77.07
2015-11-05,76.93,77.230003,76.510002,76.75,2186200,76.75
2015-11-04,76.809998,77.139999,76.580002,77.059998,1357700,77.059998
2015-11-03,76.410004,77.290001,76.330002,76.919998,2666100,76.919998
2015-11-02,76.82,77.080002,76.540001,76.779999,2998100,76.779999
2015-10-30,77.150002,77.610001,76.919998,77.00,3114800,77.00
2015-10-29,77.150002,77.849998,77.099998,77.220001,2404500,77.220001
2015-10-28,76.849998,77.839996,76.699997,77.669998,2233900,77.669998
2015-10-27,77.160004,77.50,76.720001,76.900002,3159300,76.900002
2015-10-26,77.550003,78.629997,77.18,77.419998,5717800,77.419998
2015-10-23,77.010002,78.830002,77.010002,78.370003,6533200,78.370003
2015-10-22,76.900002,77.32,76.489998,77.089996,10060600,77.089996
2015-10-21,78.400002,78.50,76.540001,76.779999,30838500,76.779999
2015-10-20,77.410004,77.889999,74.389999,75.190002,18850800,75.190002
2015-10-19,70.93,75.18,70.669998,72.00,8576900,72.00
2015-10-16,69.93,70.260002,68.75,69.970001,3816900,69.970001
2015-10-15,68.43,70.959999,68.410004,69.879997,5531600,69.879997
2015-10-14,68.699997,70.50,67.330002,68.699997,15491300,68.699997
2015-10-13,62.220001,62.810001,61.490002,61.77,4030600,61.77
2015-10-12,62.34,62.849998,61.099998,62.849998,2264700,62.849998
2015-10-09,63.939999,64.349998,61.77,62.360001,3852400,62.360001
2015-10-08,62.139999,64.440002,61.689999,64.110001,5622900,64.110001
2015-10-07,61.299999,62.540001,59.720001,61.689999,4454600,61.689999
2015-10-06,59.799999,61.630001,59.490002,61.240002,5973700,61.240002
2015-10-05,59.990002,61.310001,59.380001,59.470001,4822000,59.470001
2015-10-02,56.09,59.779999,55.810001,59.580002,7077100,59.580002
2015-10-01,55.48,55.970001,53.77,55.91,6224500,55.91
2015-09-30,51.27,54.470001,51.049999,54.330002,8057600,54.330002
2015-09-29,48.849998,49.669998,48.25,49.09,3948300,49.09
2015-09-28,50.18,50.330002,48.25,48.799999,4015800,48.799999
2015-09-25,51.560001,51.919998,50.259998,50.860001,2384900,50.860001
2015-09-24,50.66,51.330002,49.66,51.009998,2097500,51.009998
2015-09-23,52.080002,52.150002,50.709999,50.990002,2268600,50.990002
2015-09-22,51.869999,52.419998,51.549999,51.82,3366700,51.82
2015-09-21,52.700001,54.18,52.599998,52.900002,3292100,52.900002
2015-09-18,53.82,53.990002,52.279999,52.689999,7391100,52.689999
2015-09-17,55.57,56.060001,54.41,54.669998,2661800,54.669998
2015-09-16,54.48,55.990002,54.43,55.790001,2804600,55.790001
2015-09-15,55.700001,57.139999,55.139999,55.720001,2935400,55.720001
2015-09-14,55.119999,55.43,54.259998,55.330002,2180100,55.330002
2015-09-11,54.200001,54.970001,53.740002,54.959999,2409500,54.959999
2015-09-10,54.23,55.18,53.830002,54.610001,2727900,54.610001
2015-09-09,56.240002,56.470001,54.389999,54.52,3747800,54.52
2015-09-08,55.150002,55.959999,54.110001,55.849998,3759000,55.849998
2015-09-04,53.200001,53.970001,52.630001,52.84,2482500,52.84
2015-09-03,54.450001,55.720001,53.900002,54.119999,3286700,54.119999
2015-09-02,53.849998,54.080002,52.849998,54.049999,2734500,54.049999
2015-09-01,52.700001,54.540001,52.59,52.810001,3487900,52.810001
2015-08-31,51.950001,55.220001,51.34,54.560001,6637200,54.560001
2015-08-28,52.200001,54.009998,51.84,52.27,3664500,52.27
2015-08-27,50.139999,52.939999,50.060001,52.849998,7294900,52.849998
2015-08-26,47.380001,49.700001,46.66,49.509998,5634400,49.509998
2015-08-25,48.849998,49.779999,46.049999,46.110001,5657100,46.110001
2015-08-24,46.740002,47.650002,44.279999,47.650002,6707500,47.650002
2015-08-21,49.400002,51.029999,48.950001,49.049999,5462000,49.049999
2015-08-20,53.16,53.360001,50.040001,50.130001,8187700,50.130001
2015-08-19,56.560001,56.779999,53.389999,53.810001,9543300,53.810001
2015-08-18,56.759998,57.360001,56.139999,56.900002,5803200,56.900002
2015-08-17,57.57,58.349998,56.939999,58.200001,2037900,58.200001
2015-08-14,57.939999,58.220001,57.299999,57.950001,2035500,57.950001
2015-08-13,59.220001,59.459999,57.73,57.860001,2765300,57.860001
2015-08-12,58.360001,59.48,57.360001,59.200001,2400800,59.200001
2015-08-11,59.740002,60.450001,58.650002,59.099998,3003300,59.099998
2015-08-10,59.669998,61.439999,59.650002,61.029999,2892000,61.029999
2015-08-07,58.759998,60.110001,58.66,59.41,1974300,59.41
2015-08-06,60.040001,60.040001,58.41,58.93,2830200,58.93
2015-08-05,59.52,60.75,59.52,59.740002,1900000,59.740002
2015-08-04,59.599998,59.880001,58.509998,59.299999,3278600,59.299999
2015-08-03,60.189999,60.32,58.849998,59.459999,2323900,59.459999
2015-07-31,60.57,60.990002,59.759998,60.290001,3204600,60.290001
2015-07-30,60.02,60.810001,59.860001,60.549999,2165100,60.549999
2015-07-29,61.200001,61.950001,59.91,60.50,3207900,60.199999
2015-07-28,61.290001,61.669998,59.619999,61.080002,4159300,60.777125
2015-07-27,61.200001,61.75,59.779999,61.16,4061900,60.856726
2015-07-24,63.990002,64.00,61.110001,61.84,5545400,61.533355
2015-07-23,61.599998,64.760002,61.509998,63.700001,23513700,63.384132
2015-07-22,54.959999,55.169998,53.759998,54.18,6987900,53.911339
2015-07-21,55.34,56.209999,55.32,55.48,2755300,55.204891
2015-07-20,56.00,56.73,54.849998,55.48,3825900,55.204891