2015-12-16,53.869999,55.34,53.43,55.029999,1006000,55.029999
2015-12-15,53.91,54.84,53.07,53.59,1176800,53.59
2015-12-14,54.779999,55.299999,53.00,53.32,1284700,53.32
2015-12-11,56.25,56.25,54.459999,54.619999,1224200,54.619999
2015-12-10,56.220001,57.84,56.220001,57.07,901100,57.07
2015-12-09,56.459999,57.98,56.16,56.290001,1715400,56.290001
2015-12-08,58.060001,58.389999,56.900002,56.939999,1036400,56.939999
2015-12-07,58.82,58.970001,57.700001,58.75,1098800,58.75
2015-12-04,56.689999,59.139999,56.560001,59.02,2454800,59.02
2015-12-03,57.23,57.52,55.759998,56.43,1858100,56.43
2015-12-02,58.209999,58.209999,56.290001,57.25,1875800,57.25
2015-12-01,57.23,57.349998,56.470001,56.889999,1442500,56.889999
2015-11-30,57.560001,58.029999,56.650002,56.799999,1803700,56.799999
2015-11-27,57.810001,58.16,57.040001,57.740002,582900,57.740002
2015-11-25,57.540001,58.049999,56.98,57.970001,855900,57.970001
2015-11-24,58.25,58.27,57.110001,57.869999,1448000,57.639998
2015-11-23,57.68,58.529999,57.360001,58.470001,1259500,58.237616
2015-11-20,56.939999,57.709999,56.50,57.68,1026500,57.450755
2015-11-19,56.790001,56.93,55.380001,56.720001,1356500,56.494571
2015-11-18,55.869999,56.720001,55.75,56.639999,1159900,56.414887
2015-11-17,56.639999,56.959999,55.34,55.740002,1351000,55.518467
2015-11-16,56.560001,57.220001,56.25,56.720001,1554000,56.494571
2015-11-13,57.580002,58.099998,56.720001,56.830002,1607400,56.604135
2015-11-12,57.509998,58.330002,57.200001,57.439999,1080000,57.211707
2015-11-11,58.580002,58.810001,57.700001,57.889999,2069900,57.659919
2015-11-10,58.150002,58.720001,57.130001,58.619999,1593700,58.387017
2015-11-09,61.00,62.00,57.189999,58.380001,3084000,58.147973
2015-11-06,58.040001,59.130001,57.639999,59.040001,1325700,58.80535
2015-11-05,59.57,59.759998,56.98,58.259998,1824700,58.028448
2015-11-04,61.48,62.299999,58.490002,59.57,3698500,59.333242
2015-11-03,59.75,61.400002,59.009998,61.240002,1296300,60.996607
2015-11-02,60.060001,60.439999,59.509998,59.790001,1436900,59.552369
2015-10-30,59.290001,60.34,58.580002,60.080002,1693400,59.841218
2015-10-29,58.00,59.580002,57.830002,59.279999,1749600,59.044394
2015-10-28,56.810001,58.18,56.580002,58.110001,1264800,57.879046
2015-10-27,57.00,57.740002,55.939999,56.779999,1248900,56.55433
2015-10-26,56.959999,57.279999,56.759998,57.139999,828600,56.9129
2015-10-23,57.060001,57.060001,56.459999,56.990002,877400,56.763498
2015-10-22,56.09,56.700001,55.75,56.669998,628700,56.444767
2015-10-21,56.82,56.91,55.919998,56.02,760100,55.797352
2015-10-20,55.869999,57.09,55.529999,56.560001,1090100,56.335207
2015-10-19,55.849998,56.41,55.720001,55.959999,1117900,55.73759
2015-10-16,56.619999,56.619999,55.799999,56.080002,837100,55.857115
2015-10-15,55.360001,56.509998,55.16,56.439999,912400,56.215681
2015-10-14,55.25,56.07,54.779999,55.220001,1035600,55.000533
2015-10-13,54.950001,55.860001,54.540001,55.240002,963900,55.020454
2015-10-12,56.200001,56.290001,54.720001,55.139999,1434100,54.920849
2015-10-09,55.689999,56.34,55.27,56.060001,1517700,55.837194
2015-10-08,54.689999,56.25,54.389999,55.75,3387900,55.528425
2015-10-07,52.07,54.790001,51.650002,54.619999,2326400,54.402915
2015-10-06,51.299999,52.009998,51.18,51.66,1736300,51.45468
2015-10-05,49.349998,51.709999,49.00,51.299999,2009200,51.096111
2015-10-02,47.939999,49.919998,47.720001,49.799999,1715300,49.602072
2015-10-01,49.189999,49.34,47.950001,48.419998,1790900,48.227556
2015-09-30,48.669998,49.529999,48.639999,49.189999,1665500,48.994496
2015-09-29,48.439999,48.66,47.619999,48.139999,1308300,47.94867
2015-09-28,49.470001,49.700001,48.200001,48.27,909900,48.078154
2015-09-25,50.150002,50.290001,49.200001,49.580002,1702400,49.382949
2015-09-24,49.07,50.080002,48.799999,49.84,2122400,49.641914
2015-09-23,51.040001,51.209999,49.360001,49.389999,1609100,49.193702
2015-09-22,51.950001,51.970001,50.98,51.029999,1243600,50.827183
2015-09-21,53.139999,53.27,52.099998,52.50,1174900,52.291342
2015-09-18,52.330002,53.59,52.18,52.919998,2351200,52.709671
2015-09-17,53.400002,53.82,52.82,52.93,1208200,52.719633
2015-09-16,53.09,53.939999,53.00,53.23,991200,53.01844
2015-09-15,52.77,53.169998,52.619999,53.080002,890100,52.869039
2015-09-14,53.16,53.16,52.34,52.619999,793600,52.410864
2015-09-11,53.23,53.470001,52.310001,53.16,635400,52.948719
2015-09-10,53.66,53.869999,53.049999,53.349998,1091300,53.137962
2015-09-09,54.52,54.599998,53.43,53.59,1429400,53.37701
2015-09-08,53.75,54.349998,53.43,53.860001,1154300,53.645937
2015-09-04,53.02,53.52,52.52,52.869999,1129000,52.65987
2015-09-03,53.00,54.529999,52.84,53.779999,1617000,53.566254
2015-09-02,52.34,52.869999,51.790001,52.830002,1451400,52.620032
2015-09-01,52.07,52.59,51.389999,51.779999,1520500,51.574202
2015-08-31,53.080002,53.43,52.25,53.09,1255900,52.878997
2015-08-28,52.68,53.66,52.259998,53.18,1606200,52.96864
2015-08-27,52.66,52.98,51.220001,52.669998,2716600,52.460665
2015-08-26,52.419998,52.630001,51.639999,52.00,2655200,51.564243
2015-08-25,52.849998,52.849998,51.200001,51.380001,2426100,50.94944
2015-08-24,51.740002,53.669998,51.32,51.720001,2071300,51.286591
2015-08-21,53.75,55.139999,53.290001,54.00,1823500,53.547483
2015-08-20,56.360001,56.360001,54.080002,54.23,2109800,53.775556
2015-08-19,56.77,57.580002,56.549999,57.07,1272800,56.591757
2015-08-18,58.540001,58.68,56.959999,57.009998,1813700,56.532258
2015-08-17,57.400002,58.84,57.240002,58.669998,950100,58.178347
2015-08-14,57.779999,58.130001,57.049999,57.52,1230500,57.037987
2015-08-13,58.830002,58.98,57.709999,57.959999,1437000,57.474298
2015-08-12,58.330002,59.32,58.32,58.919998,1590900,58.426252
2015-08-11,58.84,59.130001,57.98,58.799999,1704100,58.307259
2015-08-10,59.169998,59.580002,58.119999,59.169998,1722800,58.674157
2015-08-07,58.200001,60.369999,57.75,58.759998,3448300,58.267593
2015-08-06,58.00,59.639999,53.869999,58.59,4436400,58.09902
2015-08-05,62.060001,62.060001,56.639999,57.540001,3903100,57.057819
2015-08-04,63.209999,64.519997,60.119999,61.169998,3213100,60.657397
2015-08-03,62.73,62.830002,61.91,62.59,1222900,62.0655
2015-07-31,62.360001,62.639999,61.990002,62.580002,871400,62.055585
2015-07-30,61.709999,62.419998,61.310001,62.209999,631200,61.688683
2015-07-29,62.139999,62.580002,61.490002,61.93,822000,61.411031
2015-07-28,62.220001,62.27,61.389999,62.049999,843800,61.530024
2015-07-27,60.470001,62.52,60.400002,61.880001,2027900,61.361451
2015-07-24,61.830002,61.939999,60.790001,61.200001,1293900,60.687149
2015-07-23,62.709999,62.950001,61.689999,61.82,956900,61.301952
2015-07-22,63.07,63.400002,62.419998,62.75,1418300,62.224159
2015-07-21,64.290001,64.459999,63.130001,63.330002,1177400,62.7993
2015-07-20,64.980003,65.610001,63.790001,64.290001,1037600,63.751255