2015-12-16,119.75,120.00,116.919998,118.610001,706200,118.610001
2015-12-15,118.410004,119.559998,117.300003,118.529999,1115600,118.529999
2015-12-14,117.339996,118.150002,115.779999,117.089996,1135900,117.089996
2015-12-11,115.809998,116.540001,115.32,116.199997,1482300,116.199997
2015-12-10,116.470001,118.00,115.75,117.580002,1259200,117.580002
2015-12-09,114.980003,116.760002,114.870003,116.550003,939400,116.550003
2015-12-08,114.739998,116.18,114.07,115.959999,897900,115.959999
2015-12-07,115.639999,116.43,115.25,115.989998,1027700,115.989998
2015-12-04,113.599998,117.190002,112.949997,116.639999,1586500,116.639999
2015-12-03,118.07,118.650002,113.260002,113.639999,1675800,113.639999
2015-12-02,120.129997,120.57,118.57,118.769997,1158700,118.769997
2015-12-01,120.989998,122.279999,119.989998,120.629997,1121400,120.629997
2015-11-30,120.620003,121.029999,120.00,120.720001,2518700,120.720001
2015-11-27,121.529999,122.07,119.910004,120.690002,701200,120.690002
2015-11-25,123.639999,124.220001,121.910004,122.410004,532500,122.410004
2015-11-24,123.239998,123.739998,121.860001,123.599998,837800,123.599998
2015-11-23,121.889999,124.139999,121.529999,123.300003,874100,123.300003
2015-11-20,121.089996,122.239998,119.889999,121.910004,2236300,121.910004
2015-11-19,122.50,122.82,120.519997,120.82,1095100,120.82
2015-11-18,122.370003,122.989998,121.739998,122.209999,1042400,122.209999
2015-11-17,122.849998,123.120003,122.00,122.309998,727200,122.309998
2015-11-16,122.849998,123.010002,122.00,122.809998,585300,122.809998
2015-11-13,122.860001,124.099998,121.610001,122.769997,605500,122.769997
2015-11-12,123.150002,123.900002,122.779999,122.989998,643000,122.989998
2015-11-11,124.669998,125.43,123.889999,123.970001,527100,123.970001
2015-11-10,124.040001,125.099998,123.260002,124.529999,642000,124.529999
2015-11-09,125.459999,126.650002,123.089996,123.940002,571600,123.940002
2015-11-06,123.57,125.949997,123.25,125.879997,824900,125.879997
2015-11-05,123.919998,125.480003,123.919998,124.089996,918100,124.089996
2015-11-04,125.379997,125.379997,123.279999,123.919998,917100,123.919998
2015-11-03,124.169998,125.919998,123.309998,125.00,920100,125.00
2015-11-02,121.120003,124.639999,121.110001,124.32,1240300,124.32
2015-10-30,122.379997,123.980003,121.230003,121.370003,993300,121.370003
2015-10-29,121.440002,123.57,120.540001,122.449997,981800,122.449997
2015-10-28,122.239998,122.519997,120.00,121.50,1182600,121.50
2015-10-27,122.050003,123.43,121.080002,121.919998,1575900,121.919998
2015-10-26,120.110001,125.18,118.650002,123.089996,3402300,123.089996
2015-10-23,124.559998,125.00,110.559998,120.309998,8070200,120.309998
2015-10-22,149.229996,149.949997,148.679993,149.039993,890500,149.039993
2015-10-21,150.649994,150.960007,148.75,148.910004,716400,148.910004
2015-10-20,150.910004,151.570007,149.460007,149.929993,425100,149.929993
2015-10-19,148.669998,150.990005,148.50,150.839996,813000,150.839996
2015-10-16,148.740005,151.020004,148.539993,149.479996,827400,149.479996
2015-10-15,148.160004,148.880005,146.929993,148.520004,552800,148.520004
2015-10-14,149.610001,149.889999,147.339996,147.509995,288800,147.509995
2015-10-13,149.539993,149.949997,148.009995,149.279999,490900,149.279999
2015-10-12,147.899994,150.070007,146.960007,149.619995,399600,149.619995
2015-10-09,147.149994,148.869995,146.679993,148.630005,407200,148.630005
2015-10-08,144.669998,146.979996,144.059998,146.830002,748000,146.830002
2015-10-07,144.110001,144.779999,143.339996,144.699997,764500,144.699997
2015-10-06,144.809998,144.899994,142.720001,143.279999,684600,143.279999
2015-10-05,142.399994,144.25,141.970001,144.130005,521100,144.130005
2015-10-02,139.050003,141.929993,138.50,141.869995,793300,141.869995
2015-10-01,140.080002,141.389999,138.770004,140.479996,930900,140.479996
2015-09-30,138.630005,139.479996,137.050003,139.309998,901500,139.309998
2015-09-29,138.190002,138.619995,137.169998,138.210007,704000,138.210007
2015-09-28,139.690002,139.990005,137.820007,138.259995,711300,138.259995
2015-09-25,139.429993,141.559998,139.070007,140.050003,694000,140.050003
2015-09-24,138.050003,139.210007,137.649994,138.889999,510100,138.889999
2015-09-23,137.830002,138.979996,137.570007,138.50,455800,138.50
2015-09-22,137.509995,138.600006,136.919998,138.289993,644500,138.289993
2015-09-21,137.559998,139.139999,137.110001,139.070007,580900,139.070007
2015-09-18,136.50,138.559998,136.309998,137.050003,724000,137.050003
2015-09-17,137.710007,140.00,136.880005,138.179993,1019900,138.179993
2015-09-16,137.720001,138.380005,136.520004,137.149994,1151400,137.149994
2015-09-15,137.520004,138.580002,137.00,138.339996,695100,138.339996
2015-09-14,140.190002,140.190002,136.740005,137.059998,707000,137.059998
2015-09-11,138.949997,140.199997,138.220001,140.020004,689500,140.020004
2015-09-10,135.410004,139.850006,135.210007,138.509995,3311500,138.509995
2015-09-09,145.630005,146.160004,136.080002,136.25,3099900,136.25
2015-09-08,144.600006,145.699997,143.699997,145.610001,584500,145.610001
2015-09-04,140.979996,142.029999,140.259995,141.559998,434300,141.559998
2015-09-03,141.419998,143.279999,141.330002,142.100006,473200,142.100006
2015-09-02,140.589996,141.25,139.020004,141.220001,575300,141.220001
2015-09-01,139.279999,140.949997,138.570007,139.070007,904700,139.070007
2015-08-31,141.350006,141.850006,140.820007,141.139999,491200,141.139999
2015-08-28,141.699997,142.410004,140.559998,142.00,476600,142.00
2015-08-27,140.149994,141.910004,139.270004,141.839996,618100,141.839996
2015-08-26,139.050003,140.190002,136.00,139.25,787100,139.25
2015-08-25,140.100006,140.470001,135.630005,135.679993,908200,135.679993
2015-08-24,139.350006,141.850006,136.889999,138.029999,1146100,138.029999
2015-08-21,145.660004,146.509995,143.419998,143.429993,987000,143.429993
2015-08-20,147.509995,147.770004,146.619995,146.619995,796700,146.619995
2015-08-19,147.539993,148.869995,147.380005,148.259995,867100,148.259995
2015-08-18,146.800003,148.369995,146.770004,148.25,531900,148.25
2015-08-17,145.50,146.669998,144.149994,146.619995,337500,146.619995
2015-08-14,144.699997,145.589996,144.289993,145.529999,307100,145.529999
2015-08-13,144.520004,145.880005,144.070007,144.970001,368400,144.970001
2015-08-12,143.119995,145.339996,142.880005,144.779999,439700,144.779999
2015-08-11,143.460007,144.380005,142.630005,144.279999,378600,144.279999
2015-08-10,143.699997,144.339996,143.070007,144.300003,436300,144.300003
2015-08-07,141.619995,143.039993,141.389999,142.949997,405000,142.949997
2015-08-06,143.300003,143.300003,141.020004,141.860001,349700,141.860001
2015-08-05,142.720001,143.539993,142.009995,143.300003,515400,143.300003
2015-08-04,140.470001,142.759995,140.070007,141.630005,557000,141.630005
2015-08-03,141.220001,141.289993,139.850006,140.929993,504600,140.929993
2015-07-31,140.479996,141.449997,139.75,140.970001,937900,140.970001
2015-07-30,139.440002,140.679993,138.559998,140.410004,895700,140.410004
2015-07-29,135.479996,140.539993,135.070007,140.259995,1673900,140.259995
2015-07-28,132.839996,134.869995,132.429993,134.610001,1342600,134.610001
2015-07-27,132.350006,132.850006,131.860001,132.330002,810800,132.330002
2015-07-24,132.119995,134.160004,130.899994,132.919998,1641200,132.919998
2015-07-23,133.119995,134.070007,132.50,132.630005,783500,132.630005
2015-07-22,134.520004,135.240005,133.100006,133.240005,730400,133.240005
2015-07-21,135.130005,135.639999,133.369995,133.419998,463200,133.419998
2015-07-20,136.759995,137.00,134.990005,135.179993,834400,135.179993