2015-12-16,92.919998,96.349998,92.75,96.25,1745700,96.25
2015-12-15,92.330002,93.610001,92.139999,92.800003,966300,92.800003
2015-12-14,91.239998,92.019997,90.519997,91.900002,1336400,91.900002
2015-12-11,91.900002,92.230003,90.870003,91.279999,1550800,91.279999
2015-12-10,93.669998,94.110001,92.349998,92.519997,887000,92.519997
2015-12-09,93.639999,94.440002,92.800003,93.75,1561100,93.75
2015-12-08,94.50,95.00,92.75,94.019997,1788100,94.019997
2015-12-07,97.440002,97.440002,93.050003,95.00,2985900,95.00
2015-12-04,97.290001,98.220001,96.220001,97.669998,1225000,97.669998
2015-12-03,97.82,98.989998,96.650002,96.959999,997100,96.959999
2015-12-02,99.839996,99.989998,98.239998,98.379997,702200,98.379997
2015-12-01,99.639999,100.139999,98.800003,100.059998,850000,100.059998
2015-11-30,99.629997,100.07,99.209999,99.230003,1026100,99.230003
2015-11-27,99.360001,100.239998,99.199997,99.639999,429200,99.639999
2015-11-25,100.080002,100.080002,99.059998,99.18,951800,99.18
2015-11-24,100.589996,100.739998,99.669998,100.279999,819200,100.279999
2015-11-23,102.32,102.32,100.93,101.080002,622000,101.080002
2015-11-20,102.00,102.900002,101.75,102.169998,1293800,102.169998
2015-11-19,101.110001,101.940002,100.809998,101.660004,679300,101.660004
2015-11-18,100.089996,101.230003,99.470001,101.099998,878900,101.099998
2015-11-17,101.419998,101.959999,99.940002,100.110001,857400,100.110001
2015-11-16,98.809998,101.50,98.779999,101.480003,1045600,101.480003
2015-11-13,99.650002,100.379997,98.669998,98.860001,1032000,98.860001
2015-11-12,101.18,102.209999,99.480003,99.50,961700,99.50
2015-11-11,101.489998,102.150002,100.980003,101.480003,997000,101.480003
2015-11-10,100.459999,101.370003,100.050003,101.300003,957500,101.300003
2015-11-09,100.699997,100.93,99.779999,100.349998,1306000,100.349998
2015-11-06,103.190002,103.300003,100.169998,100.919998,1476900,100.919998
2015-11-05,105.290001,105.519997,104.07,104.120003,1175100,104.120003
2015-11-04,104.239998,105.779999,104.110001,105.519997,1587200,105.519997
2015-11-03,102.830002,104.699997,99.169998,104.449997,1851200,104.449997
2015-11-02,102.290001,102.589996,101.730003,102.389999,1649400,102.389999
2015-10-30,101.489998,102.449997,100.870003,102.410004,1283100,102.410004
2015-10-29,100.50,101.480003,99.610001,101.300003,929400,101.300003
2015-10-28,101.019997,101.400002,99.50,100.910004,1230300,100.910004
2015-10-27,101.07,101.449997,100.290001,101.010002,772700,101.010002
2015-10-26,101.629997,101.830002,100.470001,101.449997,1038300,101.449997
2015-10-23,102.410004,102.959999,101.239998,101.470001,1106300,101.470001
2015-10-22,101.360001,102.550003,101.169998,102.510002,1030800,102.510002
2015-10-21,101.830002,102.360001,101.050003,101.139999,670500,101.139999
2015-10-20,101.540001,101.760002,101.110001,101.459999,846900,101.459999
2015-10-19,101.269997,101.889999,100.809998,101.839996,982900,101.839996
2015-10-16,101.279999,102.029999,100.32,101.610001,1247100,101.610001
2015-10-15,99.800003,101.00,99.209999,100.709999,960500,100.709999
2015-10-14,100.529999,101.040001,99.25,99.389999,1512200,99.389999
2015-10-13,100.019997,100.839996,99.889999,100.529999,1062000,100.529999
2015-10-12,100.099998,100.959999,99.559998,100.330002,826400,100.330002
2015-10-09,99.790001,100.300003,99.169998,99.720001,1268200,99.720001
2015-10-08,97.589996,99.800003,97.139999,99.660004,1161400,99.660004
2015-10-07,97.860001,98.800003,97.370003,97.790001,1119100,97.790001
2015-10-06,97.980003,98.690002,97.339996,97.669998,1841600,97.669998
2015-10-05,97.099998,98.419998,96.849998,98.360001,1082500,98.360001
2015-10-02,96.989998,96.989998,95.82,96.68,1904200,96.68
2015-10-01,96.709999,96.919998,95.489998,96.400002,1782700,96.400002
2015-09-30,94.959999,96.809998,94.699997,96.720001,1888200,96.720001
2015-09-29,94.010002,94.809998,93.860001,94.459999,1602700,94.459999
2015-09-28,93.629997,94.540001,93.400002,94.029999,1903400,94.029999
2015-09-25,92.870003,95.110001,92.870003,93.940002,1649900,93.940002
2015-09-24,91.800003,92.849998,91.510002,92.739998,1112700,92.739998
2015-09-23,92.400002,93.080002,91.529999,92.110001,1158900,92.110001
2015-09-22,93.589996,94.150002,92.690002,93.00,3013600,92.300001
2015-09-21,92.650002,93.269997,92.199997,93.059998,1295300,92.359547
2015-09-18,92.50,93.410004,92.25,92.43,2514100,91.734291
2015-09-17,91.459999,94.309998,91.050003,92.93,1359500,92.230528
2015-09-16,90.870003,91.779999,90.50,91.459999,982400,90.771591
2015-09-15,90.410004,91.00,89.870003,90.849998,1308400,90.166182
2015-09-14,90.43,91.019997,90.00,90.309998,1013200,89.630246
2015-09-11,89.900002,90.440002,89.440002,90.32,1488200,89.640172
2015-09-10,91.389999,91.650002,89.739998,90.089996,1944300,89.4119
2015-09-09,93.150002,93.32,91.279999,91.480003,1272500,90.791445
2015-09-08,93.290001,93.669998,92.620003,92.949997,1569100,92.250374
2015-09-04,92.440002,93.089996,91.830002,92.639999,2220600,91.94271
2015-09-03,92.120003,93.550003,91.75,93.389999,2616800,92.687065
2015-09-02,93.169998,93.300003,90.68,92.00,2412000,91.307528
2015-09-01,93.580002,94.089996,91.690002,92.220001,1647200,91.525873
2015-08-31,97.059998,97.139999,94.050003,94.849998,2016400,94.136074
2015-08-28,97.699997,98.139999,96.099998,97.360001,2048800,96.627184
2015-08-27,97.559998,97.940002,96.540001,97.839996,2160300,97.103567
2015-08-26,97.93,98.25,94.870003,96.93,1777300,96.20042
2015-08-25,100.040001,100.82,96.510002,96.589996,2361100,95.862976
2015-08-24,98.279999,101.099998,97.82,98.739998,2475500,97.996794
2015-08-21,103.769997,104.529999,101.949997,101.959999,1312300,101.192559
2015-08-20,104.209999,105.50,104.010002,104.300003,1210000,103.51495
2015-08-19,105.089996,105.589996,104.269997,104.900002,978200,104.110432
2015-08-18,105.839996,106.279999,105.230003,105.599998,1102300,104.805161
2015-08-17,106.150002,106.699997,105.019997,106.379997,979800,105.579288
2015-08-14,104.800003,106.290001,104.50,106.129997,786800,105.33117
2015-08-13,105.150002,105.589996,104.419998,105.080002,1023300,104.289078
2015-08-12,102.50,105.379997,102.169998,105.330002,1454800,104.537196
2015-08-11,102.32,103.949997,101.93,102.849998,870400,102.075859
2015-08-10,102.00,103.169998,101.68,102.349998,1237900,101.579623
2015-08-07,100.040001,101.940002,99.730003,101.839996,972200,101.073459
2015-08-06,100.550003,100.660004,98.93,100.239998,1400100,99.485504
2015-08-05,101.07,102.160004,100.370003,100.690002,1801800,99.932121
2015-08-04,101.860001,103.199997,99.540001,99.959999,1520900,99.207613
2015-08-03,101.959999,103.290001,101.699997,102.75,1367300,101.976614
2015-07-31,101.639999,102.599998,101.580002,101.779999,1260500,101.013913
2015-07-30,100.260002,101.339996,100.07,100.860001,700300,100.10084
2015-07-29,100.209999,100.849998,99.779999,100.589996,891400,99.832868
2015-07-28,100.370003,100.889999,99.720001,100.370003,806800,99.61453
2015-07-27,99.720001,101.120003,99.620003,100.349998,873300,99.594677
2015-07-24,99.669998,100.150002,99.470001,99.620003,745200,98.870175
2015-07-23,100.760002,101.00,99.269997,99.699997,877000,98.949568
2015-07-22,100.720001,101.389999,100.360001,100.959999,1030400,100.200086
2015-07-21,101.980003,102.339996,100.349998,100.690002,831000,99.932121
2015-07-20,102.459999,102.489998,101.580002,102.019997,757600,101.252105