2015-12-16,62.16,63.080002,61.240002,62.189999,2138200,62.189999
2015-12-15,60.880001,62.150002,60.77,61.720001,1777500,61.720001
2015-12-14,60.720001,61.00,59.880001,60.25,1634600,60.25
2015-12-11,60.919998,61.049999,60.099998,60.630001,1651100,60.630001
2015-12-10,60.68,61.93,60.369999,61.700001,1612300,61.700001
2015-12-09,60.66,61.599998,60.419998,60.560001,1689600,60.560001
2015-12-08,61.41,61.610001,60.720001,60.939999,1807700,60.939999
2015-12-07,62.189999,62.419998,61.27,61.619999,998700,61.619999
2015-12-04,61.82,62.490002,61.669998,62.310001,1590800,62.310001
2015-12-03,63.00,63.41,61.48,61.610001,1856400,61.610001
2015-12-02,63.119999,63.66,62.759998,62.970001,1749600,62.970001
2015-12-01,63.580002,63.779999,62.73,62.970001,2094200,62.970001
2015-11-30,63.82,64.040001,63.07,63.099998,1943500,63.099998
2015-11-27,63.139999,63.720001,63.049999,63.66,511000,63.66
2015-11-25,62.77,63.040001,62.43,62.970001,981200,62.970001
2015-11-24,62.610001,62.91,61.91,62.779999,1136500,62.779999
2015-11-23,62.00,63.419998,61.869999,63.080002,1621200,63.080002
2015-11-20,62.77,63.200001,61.599998,61.93,2428700,61.93
2015-11-19,63.150002,63.25,62.43,62.52,1144700,62.52
2015-11-18,62.91,63.50,62.52,63.43,1249900,63.43
2015-11-17,62.560001,63.029999,62.099998,62.669998,904400,62.669998
2015-11-16,61.790001,62.470001,61.560001,62.439999,1115300,62.439999
2015-11-13,62.00,62.560001,61.639999,61.84,1102200,61.84
2015-11-12,63.130001,63.27,62.139999,62.18,997400,62.18
2015-11-11,64.150002,64.470001,63.32,63.349998,670000,63.349998
2015-11-10,63.549999,64.110001,63.290001,64.00,806900,64.00
2015-11-09,64.220001,64.519997,63.099998,63.630001,1296700,63.630001
2015-11-06,64.230003,64.870003,63.880001,64.82,1479000,64.82
2015-11-05,64.360001,64.68,63.860001,64.599998,1148500,64.599998
2015-11-04,64.470001,64.639999,63.18,64.400002,1485800,64.400002
2015-11-03,64.550003,64.739998,63.700001,64.050003,1685000,64.050003
2015-11-02,63.950001,64.800003,63.810001,64.660004,1419200,64.660004
2015-10-30,63.720001,64.110001,63.459999,63.810001,1685500,63.810001
2015-10-29,62.810001,63.689999,62.810001,63.580002,1770500,63.580002
2015-10-28,62.740002,63.09,61.619999,62.900002,2434700,62.900002
2015-10-27,62.959999,63.27,62.220001,62.799999,1724300,62.799999
2015-10-26,62.830002,63.380001,62.52,62.919998,1708000,62.919998
2015-10-23,62.259998,63.060001,61.98,62.860001,2562500,62.860001
2015-10-22,62.23,62.439999,60.34,61.82,4229500,61.82
2015-10-21,64.419998,64.959999,62.130001,62.299999,5376000,62.299999
2015-10-20,68.029999,68.970001,67.860001,68.360001,2523100,68.360001
2015-10-19,67.879997,68.339996,67.470001,68.220001,1348900,68.220001
2015-10-16,67.360001,68.239998,67.279999,68.00,1555800,68.00
2015-10-15,66.07,67.260002,66.040001,67.18,1555900,67.18
2015-10-14,66.519997,67.00,65.790001,65.879997,1821500,65.879997
2015-10-13,65.370003,68.580002,65.099998,66.489998,4339700,66.489998
2015-10-12,63.889999,65.660004,63.830002,65.389999,2667200,65.389999
2015-10-09,63.09,64.029999,62.98,63.990002,3107000,63.990002
2015-10-08,63.049999,63.450001,62.639999,63.189999,1428400,63.189999
2015-10-07,62.860001,63.360001,62.299999,63.099998,1498700,63.099998
2015-10-06,63.799999,63.919998,61.759998,62.48,2234200,62.48
2015-10-05,63.400002,64.599998,63.099998,64.00,2034900,64.00
2015-10-02,61.860001,63.91,61.009998,63.810001,2482700,63.810001
2015-10-01,63.360001,63.720001,62.470001,62.759998,2687300,62.759998
2015-09-30,63.799999,63.82,62.66,63.09,2293600,63.09
2015-09-29,63.110001,64.059998,62.400002,62.939999,1708400,62.939999
2015-09-28,64.209999,64.440002,62.360001,62.779999,2280900,62.779999
2015-09-25,66.879997,67.080002,64.400002,64.849998,1416800,64.56
2015-09-24,66.080002,66.510002,65.830002,66.379997,1560300,66.083157
2015-09-23,66.57,67.120003,66.239998,66.349998,1140300,66.053292
2015-09-22,66.489998,67.370003,66.019997,66.599998,1691200,66.302174
2015-09-21,67.800003,68.050003,66.620003,66.970001,1319000,66.670522
2015-09-18,68.029999,68.419998,67.199997,67.309998,3138900,67.008998
2015-09-17,69.480003,70.349998,68.900002,69.239998,1162000,68.930368
2015-09-16,69.059998,69.610001,68.970001,69.32,1855200,69.010012
2015-09-15,68.830002,69.110001,68.349998,69.040001,1896900,68.731265
2015-09-14,69.879997,70.260002,68.169998,68.459999,1966700,68.153857
2015-09-11,69.449997,70.080002,69.120003,69.790001,1021300,69.477911
2015-09-10,68.720001,70.019997,68.449997,69.730003,1531700,69.418182
2015-09-09,71.43,71.900002,68.43,68.589996,2593000,68.283273
2015-09-08,70.709999,71.260002,70.260002,71.239998,1205300,70.921424
2015-09-04,69.82,70.059998,68.900002,69.639999,1146400,69.328581
2015-09-03,71.389999,71.669998,70.110001,70.379997,1437000,70.065269
2015-09-02,69.57,71.089996,68.870003,71.059998,2013100,70.742229
2015-09-01,69.089996,70.480003,68.150002,68.68,1977600,68.372874
2015-08-31,72.519997,72.730003,70.75,70.809998,1330300,70.493347
2015-08-28,72.160004,72.919998,71.849998,72.620003,1679500,72.295258
2015-08-27,72.669998,73.370003,70.769997,72.43,8793400,72.106105
2015-08-26,69.480003,69.68,67.199997,69.339996,2260100,69.029919
2015-08-25,68.610001,70.00,67.360001,68.260002,4329900,67.954754
2015-08-24,65.300003,68.120003,63.950001,66.419998,3085600,66.122979
2015-08-21,69.57,69.68,68.019997,68.019997,1658100,67.715822
2015-08-20,71.470001,71.790001,70.25,70.300003,1133500,69.985633
2015-08-19,72.129997,72.730003,71.400002,72.139999,1584100,71.817401
2015-08-18,72.32,72.889999,72.199997,72.50,1672300,72.175792
2015-08-17,70.669998,72.620003,70.18,72.540001,2293100,72.215614
2015-08-14,71.120003,71.25,70.550003,70.940002,1148100,70.62277
2015-08-13,71.379997,71.529999,70.470001,71.220001,2291500,70.901517
2015-08-12,70.910004,71.419998,70.18,71.239998,1459700,70.921424
2015-08-11,71.559998,72.050003,71.190002,71.589996,1021500,71.269857
2015-08-10,71.75,72.349998,71.75,72.00,1186400,71.678028
2015-08-07,71.839996,72.110001,70.690002,71.43,1526700,71.110577
2015-08-06,73.199997,73.620003,71.769997,71.940002,1292100,71.618298
2015-08-05,73.580002,74.150002,73.129997,73.309998,1168700,72.982167
2015-08-04,73.489998,73.68,72.589996,72.760002,1462200,72.434631
2015-08-03,73.870003,74.279999,73.309998,73.400002,1811900,73.071769
2015-07-31,74.339996,74.529999,73.709999,73.82,1847500,73.489889
2015-07-30,74.139999,74.330002,73.57,73.910004,1139300,73.57949
2015-07-29,74.309998,74.519997,73.610001,74.419998,1466900,74.087204
2015-07-28,73.470001,74.25,73.199997,74.190002,1441500,73.858237
2015-07-27,73.900002,74.43,73.019997,73.18,1927900,72.852751
2015-07-24,75.110001,75.910004,73.790001,73.940002,1998600,73.609355
2015-07-23,76.050003,76.529999,75.050003,75.529999,2896800,75.192241
2015-07-22,75.650002,77.889999,75.349998,76.669998,4452500,76.327142
2015-07-21,76.830002,80.839996,75.379997,76.709999,3834900,76.366964
2015-07-20,77.099998,77.349998,76.489998,76.57,1373900,76.227591