2015-12-16,68.099998,69.089996,66.900002,68.610001,4472400,68.610001
2015-12-15,66.440002,67.57,66.440002,67.410004,4608000,67.410004
2015-12-14,66.580002,67.110001,64.50,65.730003,3440600,65.730003
2015-12-11,67.879997,68.129997,66.010002,66.120003,2786000,66.120003
2015-12-10,68.830002,69.849998,68.739998,69.050003,2666900,69.050003
2015-12-09,70.43,70.760002,68.709999,68.830002,4594600,68.830002
2015-12-08,71.099998,72.239998,70.800003,70.959999,2707800,70.959999
2015-12-07,73.43,73.43,72.089996,72.519997,1582700,72.519997
2015-12-04,71.800003,73.769997,71.440002,73.690002,2144100,73.690002
2015-12-03,72.480003,72.940002,71.169998,71.339996,2392700,71.339996
2015-12-02,72.639999,72.910004,71.919998,72.360001,2465800,72.360001
2015-12-01,72.949997,73.269997,71.980003,72.43,1877500,72.43
2015-11-30,72.809998,73.099998,72.489998,72.580002,1796900,72.580002
2015-11-27,72.709999,72.879997,72.110001,72.800003,798800,72.800003
2015-11-25,72.580002,73.029999,72.110001,72.82,1559300,72.82
2015-11-24,71.870003,72.639999,71.550003,72.339996,1615300,72.339996
2015-11-23,72.779999,73.190002,72.419998,72.620003,1785200,72.620003
2015-11-20,73.129997,73.50,72.610001,72.779999,1595500,72.779999
2015-11-19,72.779999,73.129997,72.349998,72.620003,1427100,72.620003
2015-11-18,71.150002,72.959999,71.00,72.879997,2198000,72.879997
2015-11-17,70.760002,71.639999,70.309998,70.980003,1861300,70.980003
2015-11-16,68.989998,70.589996,68.989998,70.589996,2078400,70.589996
2015-11-13,70.330002,70.919998,69.830002,69.959999,1986000,69.959999
2015-11-12,71.209999,71.519997,70.620003,70.620003,2922300,70.620003
2015-11-11,71.75,72.269997,71.43,71.650002,2944600,71.650002
2015-11-10,72.089996,72.629997,71.089996,71.43,2780500,71.43
2015-11-09,73.830002,73.889999,72.169998,72.419998,3290900,72.419998
2015-11-06,74.639999,75.400002,72.860001,73.620003,4261700,73.620003
2015-11-05,71.339996,72.879997,71.059998,72.459999,3251900,72.459999
2015-11-04,71.169998,71.639999,70.720001,71.269997,1955700,71.269997
2015-11-03,69.959999,71.830002,69.82,71.25,3056000,71.25
2015-11-02,69.190002,70.580002,69.019997,70.32,1822400,70.32
2015-10-30,69.889999,70.190002,69.00,69.00,2886900,69.00
2015-10-29,70.339996,70.550003,69.43,69.779999,2010600,69.779999
2015-10-28,67.459999,70.370003,67.449997,70.339996,3690200,70.339996
2015-10-27,66.440002,67.790001,66.220001,67.470001,3393000,67.470001
2015-10-26,67.139999,68.440002,66.449997,66.919998,3978700,66.919998
2015-10-23,69.029999,69.209999,65.290001,67.139999,6390700,67.139999
2015-10-22,67.459999,69.910004,67.459999,69.269997,3160800,69.269997
2015-10-21,68.50,68.620003,67.18,67.190002,2259300,67.190002
2015-10-20,67.730003,68.489998,67.660004,68.260002,2364700,68.260002
2015-10-19,67.940002,68.510002,67.580002,67.82,1960100,67.82
2015-10-16,68.949997,68.949997,67.970001,68.510002,2279400,68.510002
2015-10-15,67.440002,68.639999,67.120003,68.510002,2033300,68.510002
2015-10-14,67.50,67.599998,66.480003,66.639999,2612700,66.639999
2015-10-13,68.550003,69.150002,67.660004,67.709999,1650900,67.709999
2015-10-12,68.550003,69.25,68.43,69.110001,1423600,69.110001
2015-10-09,69.449997,69.550003,68.150002,68.769997,2626400,68.769997
2015-10-08,68.580002,69.57,68.389999,69.449997,1190700,69.449997
2015-10-07,68.75,69.419998,68.099998,69.019997,2435900,69.019997
2015-10-06,68.349998,68.699997,67.949997,68.110001,1684000,68.110001
2015-10-05,67.800003,68.849998,67.690002,68.669998,3978300,68.669998
2015-10-02,65.300003,67.120003,63.970001,67.120003,3499400,67.120003
2015-10-01,66.940002,67.379997,65.949997,67.110001,2190700,67.110001
2015-09-30,67.550003,67.720001,66.290001,67.209999,2848800,67.209999
2015-09-29,66.290001,66.970001,65.760002,66.620003,2432900,66.620003
2015-09-28,68.080002,68.57,66.269997,66.389999,3047100,66.050001
2015-09-25,68.660004,69.209999,68.120003,68.739998,2718600,68.387964
2015-09-24,67.779999,68.150002,67.089996,67.730003,3485400,67.383142
2015-09-23,68.660004,68.93,68.129997,68.559998,2373000,68.208886
2015-09-22,68.550003,69.150002,67.870003,68.610001,3236000,68.258633
2015-09-21,69.720001,70.669998,69.25,69.839996,2551100,69.48233
2015-09-18,70.139999,70.699997,68.790001,69.00,4757900,68.646635
2015-09-17,72.199997,73.410004,71.220001,71.489998,3090300,71.123881
2015-09-16,71.93,72.209999,71.459999,72.089996,2475500,71.720807
2015-09-15,71.480003,72.209999,71.110001,71.93,3418300,71.56163
2015-09-14,71.519997,71.769997,71.099998,71.300003,1522700,70.934859
2015-09-11,71.099998,71.559998,70.440002,71.519997,1981400,71.153726
2015-09-10,71.00,72.239998,70.699997,71.620003,2372800,71.25322
2015-09-09,72.699997,73.550003,71.099998,71.260002,2209300,70.895063
2015-09-08,71.68,72.290001,71.190002,72.220001,2350000,71.850146
2015-09-04,70.580002,70.849998,69.68,70.029999,2448200,69.671359
2015-09-03,71.00,72.230003,70.800003,71.449997,2310300,71.084085
2015-09-02,72.849998,72.849998,69.849998,70.82,2249000,70.457314
2015-09-01,70.129997,70.68,69.209999,69.68,3690200,69.323153
2015-08-31,72.489998,72.769997,71.699997,71.919998,2616800,71.551679
2015-08-28,72.629997,73.18,72.050003,73.110001,2003900,72.735587
2015-08-27,71.709999,73.290001,71.57,72.940002,3134900,72.56646
2015-08-26,69.93,70.839996,68.779999,70.769997,3644200,70.407567
2015-08-25,71.529999,72.07,68.040001,68.089996,4179500,67.741292
2015-08-24,68.93,72.220001,67.059998,69.459999,4985800,69.104278
2015-08-21,75.209999,75.459999,73.75,73.879997,4060200,73.501641
2015-08-20,76.959999,77.019997,75.82,75.919998,2820800,75.531194
2015-08-19,77.919998,78.650002,77.540001,77.949997,2289700,77.550797
2015-08-18,77.809998,78.610001,77.650002,78.379997,1415100,77.978595
2015-08-17,77.360001,78.220001,77.129997,78.129997,2034400,77.729875
2015-08-14,77.290001,78.510002,77.290001,78.470001,1496200,78.068138
2015-08-13,77.029999,77.940002,77.029999,77.550003,1915100,77.152852
2015-08-12,77.550003,77.690002,75.809998,77.209999,2891400,76.814589
2015-08-11,78.440002,79.00,78.019997,78.43,2038600,78.028342
2015-08-10,79.290001,79.800003,79.010002,79.529999,2062500,79.122707
2015-08-07,78.18,78.860001,77.470001,78.510002,1448000,78.107934
2015-08-06,78.00,79.00,77.889999,78.349998,2679900,77.94875
2015-08-05,78.879997,79.360001,78.00,78.099998,1668400,77.70003
2015-08-04,77.32,78.18,76.959999,78.150002,2140000,77.749777
2015-08-03,76.599998,77.220001,76.07,77.190002,2011000,76.794695
2015-07-31,77.150002,77.330002,76.410004,76.559998,1928900,76.167916
2015-07-30,76.449997,77.160004,76.370003,77.150002,1232700,76.754899
2015-07-29,76.290001,76.50,75.93,76.419998,1879700,76.028634
2015-07-28,75.230003,76.18,74.790001,76.169998,2740500,75.779914
2015-07-27,74.599998,74.980003,73.629997,74.830002,3448800,74.44678
2015-07-24,77.800003,77.800003,75.120003,75.379997,5198500,74.993959
2015-07-23,80.889999,81.260002,79.480003,79.709999,2070100,79.301786
2015-07-22,79.540001,81.029999,79.540001,80.82,2157700,80.406102
2015-07-21,79.650002,80.790001,79.339996,79.949997,1938200,79.540555
2015-07-20,79.550003,80.050003,79.010002,79.800003,1961500,79.391329