2015-12-16,140.070007,143.289993,140.070007,142.960007,1253000,142.960007
2015-12-15,138.300003,139.710007,137.699997,139.279999,1125400,139.279999
2015-12-14,138.300003,139.00,135.339996,137.690002,1355300,137.690002
2015-12-11,139.610001,141.199997,137.50,138.300003,1271200,138.300003
2015-12-10,140.240005,141.339996,139.350006,139.979996,769900,139.979996
2015-12-09,142.580002,143.059998,139.580002,140.179993,786600,140.179993
2015-12-08,141.300003,143.389999,140.869995,142.990005,765500,142.990005
2015-12-07,144.229996,144.669998,140.720001,141.800003,1252600,141.800003
2015-12-04,140.770004,144.839996,140.539993,144.669998,1081500,144.669998
2015-12-03,141.990005,142.669998,140.00,140.50,961100,140.50
2015-12-02,142.910004,142.910004,141.350006,141.839996,842600,141.839996
2015-12-01,140.949997,142.919998,140.789993,142.850006,1306900,142.850006
2015-11-30,143.800003,144.600006,140.259995,140.259995,1871700,140.259995
2015-11-27,143.320007,144.440002,142.889999,143.789993,554000,143.789993
2015-11-25,141.839996,143.990005,141.509995,143.190002,974800,143.190002
2015-11-24,141.199997,141.619995,140.029999,141.339996,1049600,141.339996
2015-11-23,139.360001,142.860001,139.119995,142.080002,1815500,142.080002
2015-11-20,138.130005,139.889999,137.270004,137.619995,1443500,137.619995
2015-11-19,137.979996,138.50,137.259995,137.460007,794800,137.460007
2015-11-18,138.460007,139.190002,137.139999,138.289993,1176600,138.289993
2015-11-17,135.589996,138.929993,135.520004,138.110001,1733200,138.110001
2015-11-16,132.490005,135.330002,132.080002,135.259995,1370800,135.259995
2015-11-13,133.00,134.199997,132.059998,132.199997,584100,132.199997
2015-11-12,134.300003,134.910004,133.380005,133.380005,964900,133.380005
2015-11-11,135.039993,135.449997,134.789993,134.979996,1006700,134.979996
2015-11-10,131.979996,134.850006,131.889999,134.779999,2116300,134.779999
2015-11-09,131.75,132.449997,131.550003,132.270004,1093200,132.270004
2015-11-06,132.580002,133.00,131.429993,132.110001,904900,132.110001
2015-11-05,133.429993,134.00,132.869995,133.259995,584300,133.259995
2015-11-04,134.419998,134.850006,132.070007,133.199997,688500,132.889998
2015-11-03,135.080002,135.130005,133.770004,134.410004,720500,134.097188
2015-11-02,134.910004,135.470001,134.220001,135.080002,980400,134.765627
2015-10-30,135.220001,135.75,134.490005,134.800003,937100,134.48628
2015-10-29,135.559998,135.570007,134.110001,135.110001,625100,134.795556
2015-10-28,136.470001,136.589996,134.580002,135.610001,784000,135.294392
2015-10-27,135.679993,136.419998,135.089996,135.679993,523200,135.364222
2015-10-26,136.50,136.759995,135.050003,136.00,725300,135.683484
2015-10-23,138.380005,138.880005,135.660004,136.199997,1191700,135.883016
2015-10-22,136.910004,137.929993,136.50,137.809998,1298500,137.489269
2015-10-21,136.130005,137.460007,135.259995,136.309998,724700,135.99276
2015-10-20,135.440002,135.979996,134.600006,135.899994,570000,135.583711
2015-10-19,135.070007,135.889999,134.600006,135.179993,993900,134.865385
2015-10-16,135.199997,135.490005,134.449997,135.089996,1003400,134.775598
2015-10-15,134.490005,135.729996,134.009995,134.929993,1384800,134.615967
2015-10-14,135.160004,135.910004,133.259995,133.690002,1270000,133.378863
2015-10-13,137.309998,137.710007,134.699997,135.020004,1320500,134.705769
2015-10-12,136.949997,138.669998,136.690002,137.070007,1209800,136.751001
2015-10-09,136.800003,137.669998,136.080002,136.889999,1196200,136.571412
2015-10-08,134.509995,136.839996,133.470001,136.690002,1986700,136.371881
2015-10-07,135.399994,135.399994,131.960007,134.570007,3039400,134.256819
2015-10-06,132.110001,132.470001,130.669998,131.320007,1494700,131.014383
2015-10-05,130.00,132.529999,129.600006,132.240005,1857600,131.93224
2015-10-02,126.589996,129.210007,126.00,129.119995,1124000,128.819491
2015-10-01,125.150002,127.769997,124.57,127.699997,1532500,127.402798
2015-09-30,125.199997,125.50,123.510002,125.209999,1438000,124.918595
2015-09-29,125.790001,126.480003,122.349998,123.50,1479700,123.212576
2015-09-28,129.470001,129.619995,125.209999,125.93,1311300,125.636921
2015-09-25,128.779999,130.00,127.709999,129.820007,1663700,129.517874
2015-09-24,127.339996,127.830002,126.300003,127.120003,589700,126.824153
2015-09-23,127.870003,128.570007,127.440002,128.050003,606600,127.751989
2015-09-22,127.089996,128.139999,126.32,127.239998,905400,126.943869
2015-09-21,127.970001,129.339996,127.580002,128.220001,1276200,127.921592
2015-09-18,129.009995,130.50,127.349998,127.349998,3865100,127.053614
2015-09-17,131.190002,132.199997,130.130005,130.410004,1411400,130.106497
2015-09-16,129.559998,131.380005,128.869995,131.160004,2018200,130.854752
2015-09-15,128.309998,128.929993,127.639999,128.539993,1223600,128.240839
2015-09-14,127.75,128.149994,126.900002,127.900002,778400,127.602337
2015-09-11,125.809998,127.459999,125.529999,127.410004,1264000,127.113479
2015-09-10,125.879997,127.839996,125.730003,127.410004,883300,127.113479
2015-09-09,129.960007,129.990005,125.550003,125.910004,1507800,125.61697
2015-09-08,128.960007,129.169998,127.239998,129.160004,1314500,128.859407
2015-09-04,127.220001,128.300003,126.830002,127.519997,1446800,127.223216
2015-09-03,129.440002,130.289993,128.639999,129.00,1371900,128.699775
2015-09-02,129.070007,129.089996,127.540001,129.00,1609200,128.699775
2015-09-01,127.00,128.710007,126.550003,127.720001,2724800,127.422756
2015-08-31,127.769997,128.369995,126.760002,128.00,1584500,127.702103
2015-08-28,126.489998,128.029999,126.00,127.940002,1213300,127.642245
2015-08-27,126.110001,127.82,125.019997,127.040001,1718300,126.744338
2015-08-26,121.879997,125.339996,120.120003,124.879997,3342000,124.589361
2015-08-25,123.230003,123.559998,119.470001,120.010002,1635800,119.7307
2015-08-24,115.269997,122.610001,114.489998,119.279999,3020400,119.002396
2015-08-21,127.900002,127.900002,122.849998,123.110001,1955100,122.823484
2015-08-20,128.589996,129.800003,128.289993,128.669998,1342100,128.370542
2015-08-19,129.320007,130.080002,128.059998,129.729996,1198500,129.428072
2015-08-18,128.580002,130.419998,128.580002,129.699997,1351500,129.398143
2015-08-17,127.470001,128.630005,126.980003,128.509995,963400,128.21091
2015-08-14,127.330002,128.130005,126.970001,128.009995,1162000,127.712074
2015-08-13,125.669998,128.039993,125.110001,127.529999,1891300,127.233195
2015-08-12,123.989998,125.360001,123.019997,125.25,1473000,124.958503
2015-08-11,123.099998,125.18,122.739998,125.07,958600,124.778921
2015-08-10,124.300003,124.980003,123.760002,123.989998,971800,123.701433
2015-08-07,123.769997,123.980003,122.809998,123.529999,865300,123.242505
2015-08-06,123.980003,124.50,123.43,124.18,1254900,123.581713
2015-08-05,121.699997,123.440002,121.260002,123.349998,837800,122.75571
2015-08-04,120.949997,121.449997,120.639999,121.239998,989400,120.655875
2015-08-03,120.610001,121.669998,120.32,121.029999,1233300,120.446888
2015-07-31,119.43,120.160004,118.919998,120.019997,1389300,119.441752
2015-07-30,117.730003,119.610001,116.559998,119.00,753700,118.42667
2015-07-29,118.029999,118.989998,117.720001,118.629997,692200,118.058449
2015-07-28,118.00,118.00,116.550003,117.739998,752400,117.172738
2015-07-27,116.010002,117.400002,115.410004,117.339996,998000,116.774664
2015-07-24,117.43,118.129997,116.32,116.43,668000,115.869052
2015-07-23,119.360001,119.580002,117.349998,117.559998,642300,116.993605
2015-07-22,116.889999,119.410004,116.489998,119.370003,1051600,118.79489
2015-07-21,117.730003,118.080002,116.459999,116.989998,477300,116.426351
2015-07-20,117.800003,118.25,117.440002,117.919998,481300,117.351871