2015-12-16,78.25,79.459999,77.129997,78.970001,3010000,78.970001
2015-12-15,78.18,78.779999,76.849998,77.779999,4556100,77.779999
2015-12-14,79.639999,79.989998,76.449997,78.510002,6032200,78.510002
2015-12-11,83.07,83.559998,80.809998,81.43,4147100,81.43
2015-12-10,84.510002,86.18,84.169998,84.889999,2570300,84.889999
2015-12-09,86.529999,86.739998,83.919998,84.68,3884700,84.68
2015-12-08,85.43,87.769997,84.50,87.099998,2997300,87.099998
2015-12-07,87.919998,87.989998,86.169998,86.690002,2862000,86.690002
2015-12-04,83.239998,88.519997,82.129997,87.919998,5103700,87.919998
2015-12-03,86.709999,87.099998,83.129997,83.440002,4180800,83.440002
2015-12-02,83.949997,85.779999,83.300003,84.629997,3403400,84.629997
2015-12-01,83.629997,84.489998,83.279999,83.760002,3719100,83.760002
2015-11-30,81.889999,83.190002,80.769997,83.019997,3526700,83.019997
2015-11-27,80.629997,82.129997,80.00,81.900002,1555200,81.900002
2015-11-25,79.93,80.480003,79.019997,80.309998,3182800,80.309998
2015-11-24,78.25,80.099998,77.809998,79.720001,3537600,79.720001
2015-11-23,78.910004,78.910004,77.510002,77.720001,1616900,77.720001
2015-11-20,78.559998,79.400002,77.650002,78.57,2368300,78.57
2015-11-19,80.199997,80.239998,77.160004,78.00,2913200,78.00
2015-11-18,77.629997,80.540001,77.190002,80.410004,4021300,80.410004
2015-11-17,75.470001,77.790001,75.330002,77.150002,3131700,77.150002
2015-11-16,74.599998,75.639999,73.650002,75.279999,3238300,75.019997
2015-11-13,75.709999,76.25,74.160004,74.830002,3278300,74.571555
2015-11-12,78.779999,78.800003,75.800003,75.839996,4735900,75.578061
2015-11-11,81.669998,81.75,79.040001,79.099998,3346300,78.826804
2015-11-10,81.150002,81.349998,79.75,80.370003,5691400,80.092422
2015-11-09,85.849998,85.849998,83.809998,84.889999,4468300,84.596807
2015-11-06,84.040001,86.919998,83.110001,85.989998,7145500,85.693006
2015-11-05,80.93,81.199997,78.82,80.279999,5120400,80.002728
2015-11-04,79.669998,80.339996,78.870003,80.18,3423500,79.903075
2015-11-03,79.010002,79.360001,77.50,79.080002,3200200,78.806876
2015-11-02,77.279999,79.559998,77.169998,79.300003,3297400,79.026117
2015-10-30,75.07,77.699997,74.690002,77.239998,4138700,76.973227
2015-10-29,74.769997,76.389999,74.010002,74.629997,4783300,74.372241
2015-10-28,77.900002,79.019997,76.449997,77.50,6349500,77.232331
2015-10-27,77.00,79.169998,75.510002,76.309998,4922800,76.046439
2015-10-26,81.00,81.00,77.00,77.910004,5660600,77.640919
2015-10-23,82.75,83.18,81.389999,82.550003,2976600,82.264893
2015-10-22,78.970001,81.720001,78.699997,81.690002,4254800,81.407862
2015-10-21,78.709999,79.239998,77.589996,77.669998,3320200,77.401742
2015-10-20,77.470001,78.550003,76.739998,78.290001,3172000,78.019604
2015-10-19,79.150002,79.910004,77.410004,77.830002,2587600,77.561193
2015-10-16,80.269997,80.290001,78.709999,79.599998,2474800,79.325077
2015-10-15,78.720001,80.75,78.410004,80.239998,4519100,79.962866
2015-10-14,77.190002,78.82,75.839996,77.82,4586500,77.551226
2015-10-13,78.989998,79.550003,77.389999,77.470001,3186900,77.202436
2015-10-12,79.93,80.50,78.860001,79.589996,2655100,79.315109
2015-10-09,79.559998,80.260002,78.449997,79.50,3301800,79.225424
2015-10-08,82.910004,83.040001,77.300003,79.43,7537300,79.155666
2015-10-07,81.160004,83.650002,79.839996,83.610001,5818300,83.321229
2015-10-06,81.839996,82.489998,74.510002,80.709999,15091100,80.431244
2015-10-05,84.489998,84.75,81.800003,81.870003,4257100,81.587241
2015-10-02,81.889999,84.080002,81.110001,84.059998,3592400,83.769672
2015-10-01,83.980003,84.029999,81.510002,83.370003,4801500,83.08206
2015-09-30,84.110001,85.25,82.730003,84.209999,3926200,83.919155
2015-09-29,82.50,84.989998,82.00,82.849998,3479900,82.563852
2015-09-28,87.43,88.110001,82.669998,82.709999,3423000,82.424336
2015-09-25,88.599998,89.720001,86.50,87.769997,3723700,87.466857
2015-09-24,87.309998,87.790001,84.43,86.349998,4603900,86.051764
2015-09-23,86.730003,89.040001,86.169998,88.120003,2852000,87.815655
2015-09-22,87.580002,88.480003,86.300003,86.699997,3518400,86.400553
2015-09-21,90.220001,91.089996,88.580002,89.220001,2073000,88.911854
2015-09-18,89.00,90.839996,88.639999,89.370003,3298700,89.061337
2015-09-17,91.169998,92.629997,90.230003,90.739998,2380600,90.426601
2015-09-16,91.639999,91.879997,90.129997,91.519997,2552800,91.203906
2015-09-15,89.82,91.860001,89.699997,91.660004,3282900,91.343429
2015-09-14,90.059998,90.669998,89.089996,89.50,3049200,89.190886
2015-09-11,87.400002,88.639999,86.550003,88.160004,2176600,87.855517
2015-09-10,86.989998,89.43,86.510002,88.07,3930900,87.765824
2015-09-09,88.800003,89.769997,86.169998,86.419998,3767200,86.121522
2015-09-08,85.739998,87.900002,84.870003,87.730003,3614400,87.427002
2015-09-04,84.029999,85.550003,83.080002,83.370003,2880700,83.08206
2015-09-03,86.309998,87.440002,85.040001,85.339996,2269100,85.04525
2015-09-02,85.449997,85.739998,83.510002,85.739998,2930100,85.44387
2015-09-01,84.480003,86.330002,82.400002,83.050003,4780300,82.763166
2015-08-31,87.870003,89.790001,87.290001,87.349998,3052000,87.04831
2015-08-28,88.370003,89.970001,87.57,88.620003,3834700,88.313928
2015-08-27,88.940002,90.080002,86.620003,89.769997,5726400,89.45995
2015-08-26,83.519997,86.279999,81.559998,86.150002,5399100,85.852457
2015-08-25,85.379997,86.650002,80.309998,80.559998,5995600,80.28176
2015-08-24,71.010002,84.800003,70.800003,80.510002,12093500,80.231937
2015-08-21,80.169998,82.00,78.220001,79.07,7272200,78.796908
2015-08-20,85.889999,86.879997,82.419998,82.440002,5447600,82.155272
2015-08-19,86.540001,88.220001,85.349998,87.230003,5615000,86.928729
2015-08-18,90.800003,90.900002,85.150002,85.699997,5824300,85.404007
2015-08-17,88.589996,91.00,88.160004,90.93,2577200,90.615947
2015-08-14,89.040001,89.379997,87.599998,89.099998,2825000,88.792266
2015-08-13,90.120003,91.529999,89.419998,89.639999,2666200,89.330402
2015-08-12,86.879997,90.589996,86.50,89.900002,4216200,89.589506
2015-08-11,88.529999,91.139999,87.68,88.970001,4769900,88.662717
2015-08-10,89.900002,91.449997,88.580002,91.029999,4561500,90.7156
2015-08-07,85.25,88.400002,85.010002,88.360001,5158000,88.054824
2015-08-06,89.989998,89.989998,84.330002,85.980003,6850700,85.683046
2015-08-05,86.629997,90.57,86.629997,88.959999,4794200,88.65275
2015-08-04,90.889999,91.00,85.07,88.690002,12171300,88.383686
2015-08-03,95.169998,95.75,91.629997,92.779999,5236200,92.200453
2015-07-31,96.830002,97.220001,95.18,95.669998,7096700,95.072401
2015-07-30,95.190002,97.050003,93.559998,96.760002,4306300,96.155596
2015-07-29,95.739998,96.099998,93.650002,95.190002,3355400,94.595403
2015-07-28,94.82,96.529999,93.209999,95.68,3631300,95.08234
2015-07-27,96.099998,96.300003,92.260002,93.489998,6172700,92.906017
2015-07-24,106.43,106.50,97.440002,97.709999,10488700,97.099659
2015-07-23,102.489998,105.00,100.50,103.120003,5896500,102.475869
2015-07-22,97.470001,100.129997,96.00,99.639999,6546700,99.017603
2015-07-21,103.129997,104.139999,102.07,103.970001,2551800,103.320558
2015-07-20,104.190002,105.410004,102.980003,103.139999,3129500,102.495741