2015-12-16,93.059998,94.120003,92.50,93.93,1384600,93.93
2015-12-15,92.129997,92.989998,91.660004,92.440002,1707500,92.440002
2015-12-14,90.300003,92.00,90.300003,91.410004,1994800,91.410004
2015-12-11,92.010002,92.639999,91.559998,92.199997,1319200,92.199997
2015-12-10,92.379997,93.620003,92.370003,92.93,937000,92.93
2015-12-09,93.040001,93.93,92.160004,92.32,1722500,92.32
2015-12-08,93.68,93.940002,93.010002,93.519997,945800,93.519997
2015-12-07,94.370003,94.790001,93.550003,94.139999,1006200,94.139999
2015-12-04,92.849998,94.379997,92.669998,94.339996,1388100,94.339996
2015-12-03,96.260002,96.559998,92.43,92.580002,2564300,92.580002
2015-12-02,96.949997,97.169998,96.110001,96.260002,1219800,96.260002
2015-12-01,97.339996,97.860001,96.459999,96.790001,1476300,96.790001
2015-11-30,98.379997,98.779999,96.459999,96.459999,3517600,96.459999
2015-11-27,97.559998,98.330002,97.169998,98.089996,775400,98.089996
2015-11-25,96.610001,97.639999,96.239998,97.220001,993900,97.220001
2015-11-24,95.389999,96.690002,95.099998,96.610001,1363100,96.610001
2015-11-23,96.540001,97.160004,95.879997,96.080002,1707300,96.080002
2015-11-20,95.980003,97.160004,95.57,96.480003,1782200,96.480003
2015-11-19,96.809998,96.989998,95.360001,95.410004,1515200,95.410004
2015-11-18,96.809998,97.220001,96.449997,97.010002,1595500,97.010002
2015-11-17,96.709999,97.239998,96.339996,96.610001,1585800,96.610001
2015-11-16,95.589996,96.699997,95.190002,96.660004,1037000,96.660004
2015-11-13,95.150002,96.419998,95.150002,95.629997,1372300,95.629997
2015-11-12,96.480003,97.059998,95.580002,95.610001,2023400,95.610001
2015-11-11,97.790001,98.25,97.370003,97.629997,1052800,97.629997
2015-11-10,96.769997,97.709999,96.769997,97.599998,866300,97.599998
2015-11-09,97.25,97.589996,96.300003,96.809998,1049100,96.809998
2015-11-06,97.190002,97.610001,96.43,97.599998,1286100,97.599998
2015-11-05,97.519997,97.779999,96.68,97.589996,1619000,97.589996
2015-11-04,96.800003,97.839996,96.669998,97.50,1438900,97.50
2015-11-03,96.629997,97.110001,95.860001,96.800003,987000,96.800003
2015-11-02,95.830002,96.910004,95.730003,96.709999,1152500,96.709999
2015-10-30,96.07,96.400002,95.470001,95.620003,1371500,95.620003
2015-10-29,95.400002,96.690002,95.360001,95.849998,1121100,95.849998
2015-10-28,93.839996,95.849998,93.059998,95.769997,1735100,95.769997
2015-10-27,93.900002,94.779999,92.919998,93.839996,1794300,93.839996
2015-10-26,94.360001,94.760002,93.559998,93.900002,2325000,93.900002
2015-10-23,98.040001,98.360001,94.029999,94.440002,4007200,94.440002
2015-10-22,100.169998,100.190002,98.110001,98.529999,2432000,98.529999
2015-10-21,99.720001,99.970001,98.559998,99.790001,2038700,99.790001
2015-10-20,100.129997,100.43,98.900002,99.209999,1121400,99.209999
2015-10-19,99.620003,100.510002,99.32,100.459999,927900,100.459999
2015-10-16,99.309998,100.059998,98.300003,100.029999,1248800,100.029999
2015-10-15,97.400002,98.760002,96.529999,98.690002,1226000,98.690002
2015-10-14,97.599998,98.379997,96.68,96.900002,1267200,96.900002
2015-10-13,98.25,99.050003,97.440002,97.57,876000,97.57
2015-10-12,97.510002,98.739998,97.379997,98.510002,792000,98.510002
2015-10-09,97.18,98.459999,96.900002,97.75,1459600,97.75
2015-10-08,95.82,97.360001,95.449997,97.349998,1301600,97.349998
2015-10-07,95.339996,96.029999,94.50,96.00,1038100,96.00
2015-10-06,96.629997,96.779999,94.25,94.919998,1477900,94.919998
2015-10-05,95.889999,97.419998,95.889999,96.889999,1457100,96.889999
2015-10-02,94.120003,96.459999,93.529999,96.459999,1593000,96.459999
2015-10-01,94.50,94.970001,93.650002,94.910004,1785600,94.910004
2015-09-30,94.290001,94.849998,92.870003,94.099998,1693200,94.099998
2015-09-29,92.889999,94.160004,92.440002,93.230003,1653300,93.230003
2015-09-28,95.459999,96.010002,91.730003,92.400002,2584800,92.400002
2015-09-25,98.970001,99.449997,96.300003,96.900002,1564500,96.555002
2015-09-24,97.959999,98.400002,97.400002,98.220001,1714200,97.870302
2015-09-23,98.25,98.879997,97.860001,98.589996,1332100,98.23898
2015-09-22,98.410004,98.900002,97.720001,98.559998,1295000,98.209088
2015-09-21,100.019997,100.699997,98.809998,99.610001,1229300,99.255353
2015-09-18,99.529999,100.160004,99.050003,99.220001,4146000,98.866742
2015-09-17,100.589996,102.220001,100.18,100.559998,1683900,100.201967
2015-09-16,99.669998,100.849998,99.559998,100.599998,1218200,100.241826
2015-09-15,98.980003,100.120003,98.760002,99.849998,945800,99.494496
2015-09-14,99.650002,99.949997,98.360001,98.760002,1159000,98.408381
2015-09-11,97.830002,99.760002,97.580002,99.650002,2048900,99.295211
2015-09-10,97.269997,98.889999,96.949997,98.300003,1735700,97.950019
2015-09-09,99.440002,99.519997,97.080002,97.290001,1611900,96.943613
2015-09-08,96.839996,98.629997,96.839996,98.57,1893100,98.219055
2015-09-04,95.709999,96.260002,94.519997,95.339996,1444000,95.000551
2015-09-03,97.50,97.870003,96.389999,96.68,1661000,96.335784
2015-09-02,96.660004,97.029999,95.610001,96.900002,1430700,96.555002
2015-09-01,96.489998,97.129997,94.839996,95.459999,2028700,95.120127
2015-08-31,99.480003,100.349998,98.400002,98.650002,1812000,98.298772
2015-08-28,100.330002,100.800003,99.089996,99.690002,2478300,99.33507
2015-08-27,100.099998,101.300003,99.459999,101.080002,2286700,100.72012
2015-08-26,97.790001,98.839996,95.660004,98.809998,2182700,98.458198
2015-08-25,98.349998,98.43,95.389999,95.489998,2489400,95.150019
2015-08-24,95.139999,96.43,91.809998,95.610001,2560800,95.269594
2015-08-21,101.610001,101.790001,99.339996,99.370003,1783600,99.016209
2015-08-20,103.550003,103.919998,102.50,102.519997,1027000,102.154988
2015-08-19,103.879997,105.339996,102.949997,104.529999,1163600,104.157834
2015-08-18,103.93,104.449997,103.730003,104.309998,684900,103.938616
2015-08-17,103.269997,104.239998,102.599998,104.139999,786700,103.769223
2015-08-14,102.82,103.739998,102.660004,103.639999,831300,103.271003
2015-08-13,102.900002,103.839996,102.209999,102.970001,1533900,102.603391
2015-08-12,101.879997,103.309998,100.949997,103.129997,1934400,102.762817
2015-08-11,101.300003,101.949997,100.800003,101.82,1115800,101.457483
2015-08-10,101.720001,102.50,101.529999,102.190002,722500,101.826169
2015-08-07,101.32,101.400002,99.879997,100.940002,1092500,100.580619
2015-08-06,102.970001,103.480003,101.029999,101.32,1159400,100.959264
2015-08-05,102.239998,103.360001,102.00,103.120003,1440700,102.752858
2015-08-04,101.809998,102.419998,101.269997,101.480003,913600,101.118698
2015-08-03,102.309998,102.699997,100.93,101.510002,970900,101.14859
2015-07-31,101.919998,102.800003,101.589996,102.269997,1242800,101.905878
2015-07-30,101.82,102.019997,101.309998,101.839996,673000,101.477409
2015-07-29,102.059998,102.300003,101.370003,101.980003,1222800,101.616917
2015-07-28,100.57,101.75,99.980003,101.610001,1113900,101.248232
2015-07-27,100.839996,101.190002,99.690002,100.019997,2172900,99.663889
2015-07-24,100.050003,103.989998,99.830002,100.970001,3012400,100.610511
2015-07-23,98.959999,98.959999,98.010002,98.25,1612100,97.900194
2015-07-22,98.889999,99.209999,98.07,98.540001,1348400,98.189163
2015-07-21,98.459999,99.239998,98.220001,99.059998,1220900,98.707308
2015-07-20,98.269997,98.660004,98.050003,98.379997,625400,98.029729