2015-12-16,41.369999,41.610001,41.02,41.540001,3481800,41.540001
2015-12-15,40.939999,41.299999,40.93,41.139999,4271900,41.139999
2015-12-14,40.970001,41.25,40.77,41.209999,4531900,41.209999
2015-12-11,40.84,41.080002,40.759998,40.91,4623800,40.91
2015-12-10,41.139999,41.279999,40.869999,41.110001,3609700,41.110001
2015-12-09,40.919998,41.369999,40.740002,41.130001,4496700,41.130001
2015-12-08,40.779999,41.310001,40.560001,41.169998,4455000,41.169998
2015-12-07,41.130001,41.330002,40.799999,41.07,4946600,41.07
2015-12-04,40.650002,41.439999,40.650002,41.099998,5312400,41.099998
2015-12-03,41.07,41.290001,40.389999,40.509998,5370700,40.509998
2015-12-02,41.049999,41.23,40.919998,41.009998,2718500,41.009998
2015-12-01,41.34,41.41,40.98,41.040001,4886200,41.040001
2015-11-30,41.52,41.619999,41.09,41.099998,4372400,41.099998
2015-11-27,41.52,41.630001,41.290001,41.549999,1412300,41.549999
2015-11-25,41.32,41.740002,41.310001,41.50,2689800,41.50
2015-11-24,41.189999,41.549999,41.00,41.32,4800700,41.32
2015-11-23,41.02,41.509998,40.990002,41.400002,4785500,41.400002
2015-11-20,41.580002,41.689999,40.880001,40.919998,3563200,40.919998
2015-11-19,41.41,42.00,41.259998,41.400002,5467200,41.400002
2015-11-18,40.470001,41.209999,40.41,41.150002,3280100,41.150002
2015-11-17,40.599998,40.93,40.34,40.48,2900500,40.48
2015-11-16,39.970001,40.619999,39.869999,40.59,3517500,40.59
2015-11-13,40.130001,40.259998,39.689999,39.970001,7653500,39.970001
2015-11-12,40.18,40.369999,39.900002,40.220001,4659200,40.220001
2015-11-11,40.50,40.529999,40.290001,40.360001,4247100,40.360001
2015-11-10,40.400002,40.720001,40.299999,40.529999,2659900,40.529999
2015-11-09,40.77,40.919998,40.130001,40.470001,4330700,40.470001
2015-11-06,40.810001,41.009998,40.650002,40.93,3101600,40.93
2015-11-05,40.790001,41.16,40.669998,41.060001,2414500,41.060001
2015-11-04,41.240002,41.470001,40.639999,40.790001,3340200,40.790001
2015-11-03,40.880001,41.009998,40.549999,40.959999,5389800,40.959999
2015-11-02,40.98,41.209999,40.200001,41.040001,6554800,41.040001
2015-10-30,41.650002,41.860001,41.25,41.25,6045500,41.25
2015-10-29,41.470001,41.950001,41.369999,41.790001,2923300,41.790001
2015-10-28,41.619999,41.860001,41.150002,41.57,3540000,41.57
2015-10-27,41.18,41.66,41.150002,41.630001,3624000,41.630001
2015-10-26,41.790001,41.799999,41.470001,41.490002,3580000,41.490002
2015-10-23,41.830002,41.939999,41.509998,41.759998,3490200,41.759998
2015-10-22,41.720001,42.029999,41.669998,41.709999,4269000,41.709999
2015-10-21,41.18,41.869999,41.00,41.540001,3696100,41.540001
2015-10-20,41.360001,41.529999,41.040001,41.09,3055700,41.09
2015-10-19,41.290001,41.459999,41.110001,41.419998,2577100,41.419998
2015-10-16,40.880001,41.459999,40.810001,41.43,3114000,41.43
2015-10-15,40.59,40.869999,40.419998,40.790001,2733500,40.790001
2015-10-14,41.139999,41.259998,40.299999,40.450001,4294500,40.450001
2015-10-13,41.009998,41.52,41.009998,41.240002,4876700,41.240002
2015-10-12,40.93,41.240002,40.869999,41.240002,2845300,41.240002
2015-10-09,41.00,41.07,40.73,40.93,4582800,40.93
2015-10-08,40.509998,40.959999,40.279999,40.950001,4653400,40.950001
2015-10-07,40.139999,40.560001,40.029999,40.560001,4868700,40.560001
2015-10-06,40.139999,40.259998,39.799999,40.080002,6607000,40.080002
2015-10-05,39.599998,40.23,39.470001,40.209999,7938000,40.209999
2015-10-02,38.360001,39.41,38.34,39.400002,4810100,39.400002
2015-10-01,38.720001,38.900002,38.41,38.610001,5010000,38.610001
2015-09-30,39.029999,39.23,38.73,38.970001,4911000,38.970001
2015-09-29,38.880001,39.139999,38.720001,38.93,5080100,38.629999
2015-09-28,39.639999,39.84,38.709999,38.720001,6512900,38.421618
2015-09-25,39.889999,40.200001,39.41,39.73,7571400,39.423834
2015-09-24,39.32,39.810001,39.209999,39.709999,7543500,39.403987
2015-09-23,39.439999,39.490002,39.189999,39.450001,4591500,39.145993
2015-09-22,39.52,39.630001,39.240002,39.349998,5134900,39.046761
2015-09-21,39.509998,39.939999,39.41,39.849998,4925600,39.542908
2015-09-18,38.98,39.73,38.98,39.48,12607400,39.17576
2015-09-17,39.599998,39.860001,39.240002,39.509998,6160000,39.205528
2015-09-16,39.509998,39.59,39.099998,39.529999,7832100,39.225374
2015-09-15,39.970001,40.029999,39.029999,39.459999,8726000,39.155914
2015-09-14,39.830002,39.93,39.50,39.880001,4038100,39.572679
2015-09-11,39.470001,39.970001,39.169998,39.950001,5034200,39.642139
2015-09-10,39.52,39.73,39.220001,39.369999,7886700,39.066607
2015-09-09,40.27,40.310001,39.529999,39.599998,3918200,39.294834
2015-09-08,40.169998,40.169998,39.77,40.07,6046400,39.761214
2015-09-04,39.560001,39.740002,39.32,39.57,4840700,39.265067
2015-09-03,39.689999,40.119999,39.689999,39.91,5137000,39.602447
2015-09-02,39.360001,39.77,39.16,39.77,4627200,39.463526
2015-09-01,39.389999,39.389999,38.860001,39.080002,9320700,38.778845
2015-08-31,39.919998,39.990002,39.580002,39.869999,7574700,39.562754
2015-08-28,40.25,40.419998,39.740002,39.91,5344200,39.602447
2015-08-27,40.200001,40.529999,39.610001,40.299999,5485000,39.989441
2015-08-26,39.799999,40.040001,39.119999,39.950001,8679300,39.642139
2015-08-25,39.98,40.189999,39.040001,39.040001,9560900,38.739152
2015-08-24,38.740002,39.830002,38.119999,39.259998,13531300,38.957454
2015-08-21,40.48,40.68,39.669998,39.700001,7892600,39.394066
2015-08-20,40.75,41.02,40.52,40.549999,6354800,40.237514
2015-08-19,41.099998,41.150002,40.689999,40.959999,6957500,40.644355
2015-08-18,41.139999,41.34,41.02,41.150002,6704900,40.832893
2015-08-17,40.810001,41.369999,40.700001,41.150002,11117400,40.832893
2015-08-14,38.52,41.869999,38.419998,41.380001,30108300,41.06112
2015-08-13,38.689999,38.790001,38.240002,38.52,7792200,38.223159
2015-08-12,37.860001,38.77,37.650002,38.630001,8207700,38.332312
2015-08-11,37.419998,38.119999,37.380001,37.970001,9812300,37.677398
2015-08-10,37.189999,37.950001,36.91,37.59,14246200,37.300325
2015-08-07,35.759998,36.939999,35.73,36.93,11239700,36.645412
2015-08-06,36.599998,36.610001,35.970001,36.25,11785500,35.970652
2015-08-05,36.630001,36.860001,36.549999,36.759998,6263900,36.47672
2015-08-04,36.279999,36.470001,36.00,36.450001,8687200,36.169111
2015-08-03,36.02,36.360001,35.889999,36.27,2464100,35.990498
2015-07-31,36.23,36.50,36.139999,36.310001,3099200,36.030191
2015-07-30,36.099998,36.119999,35.919998,36.060001,3172500,35.782117
2015-07-29,36.07,36.34,35.990002,36.25,2742700,35.970652
2015-07-28,35.84,36.049999,35.619999,36.02,3925400,35.742424
2015-07-27,35.889999,35.889999,35.549999,35.779999,4181500,35.504272
2015-07-24,36.139999,36.139999,35.889999,36.00,3058800,35.722578
2015-07-23,36.200001,36.330002,36.07,36.139999,3469900,35.861499
2015-07-22,36.290001,36.41,36.139999,36.220001,3357600,35.940884
2015-07-21,36.25,36.419998,36.139999,36.299999,4290800,36.020265
2015-07-20,36.32,36.32,36.029999,36.27,2839500,35.990498