2015-12-16,33.91,34.48,33.900002,34.400002,31043500,34.400002
2015-12-15,33.720001,33.93,33.41,33.810001,25179300,33.810001
2015-12-14,33.150002,33.650002,33.110001,33.599998,26231000,33.599998
2015-12-11,33.41,33.59,33.09,33.169998,26774500,33.169998
2015-12-10,33.630001,34.029999,33.549999,33.669998,27655000,33.669998
2015-12-09,33.75,34.23,33.470001,33.57,24865900,33.57
2015-12-08,33.950001,34.099998,33.630001,33.849998,28340200,33.849998
2015-12-07,33.880001,34.389999,33.880001,34.27,33900500,34.27
2015-12-04,33.189999,34.169998,33.169998,34.110001,35459600,34.110001
2015-12-03,33.610001,33.66,33.009998,33.099998,28737200,33.099998
2015-12-02,33.759998,33.950001,33.540001,33.560001,25814700,33.560001
2015-12-01,33.779999,33.970001,33.580002,33.77,16746800,33.77
2015-11-30,33.59,33.75,33.419998,33.669998,22967000,33.669998
2015-11-27,33.50,33.779999,33.48,33.57,9327100,33.57
2015-11-25,33.349998,33.50,33.240002,33.450001,14601700,33.450001
2015-11-24,33.290001,33.59,33.200001,33.389999,17717500,33.389999
2015-11-23,33.66,33.68,33.43,33.459999,15273700,33.459999
2015-11-20,33.740002,33.779999,33.549999,33.66,20454600,33.66
2015-11-19,33.52,33.75,33.470001,33.619999,17963200,33.619999
2015-11-18,33.25,33.580002,33.02,33.540001,22233800,33.540001
2015-11-17,33.07,33.52,33.060001,33.259998,20367700,33.259998
2015-11-16,32.349998,33.049999,32.220001,33.040001,23601600,33.040001
2015-11-13,32.639999,32.84,32.310001,32.310001,23626900,32.310001
2015-11-12,32.84,32.860001,32.630001,32.689999,17408400,32.689999
2015-11-11,32.84,33.00,32.799999,32.919998,14038900,32.919998
2015-11-10,32.860001,32.900002,32.669998,32.790001,19263300,32.790001
2015-11-09,32.959999,32.970001,32.75,32.84,20434300,32.84
2015-11-06,33.220001,33.27,32.860001,33.16,21494500,33.16
2015-11-05,33.490002,33.560001,33.27,33.34,16142700,33.34
2015-11-04,33.759998,33.779999,33.439999,33.48,17296100,33.48
2015-11-03,33.549999,33.75,33.459999,33.630001,17702800,33.630001
2015-11-02,33.689999,33.779999,33.389999,33.610001,25538700,33.610001
2015-10-30,33.619999,33.75,33.509998,33.509998,24581800,33.509998
2015-10-29,33.48,33.669998,33.279999,33.549999,17841800,33.549999
2015-10-28,33.360001,33.599998,33.130001,33.419998,27816800,33.419998
2015-10-27,33.57,33.610001,33.16,33.209999,24456000,33.209999
2015-10-26,33.75,33.759998,33.48,33.66,25419200,33.66
2015-10-23,34.700001,34.740002,33.619999,33.740002,46231400,33.740002
2015-10-22,33.459999,34.16,33.459999,33.959999,33298700,33.959999
2015-10-21,33.880001,33.939999,33.330002,33.599998,27215000,33.599998
2015-10-20,33.59,33.849998,33.52,33.75,20086000,33.75
2015-10-19,33.630001,33.689999,33.419998,33.630001,28250800,33.630001
2015-10-16,33.75,33.860001,33.540001,33.830002,32868400,33.830002
2015-10-15,33.330002,33.50,33.200001,33.490002,19170400,33.490002
2015-10-14,33.23,33.389999,33.099998,33.27,23682900,33.27
2015-10-13,33.189999,33.290001,33.060001,33.220001,22148600,33.220001
2015-10-12,33.200001,33.310001,33.07,33.299999,14204200,33.299999
2015-10-09,33.419998,33.52,33.00,33.139999,19351300,33.139999
2015-10-08,33.110001,33.41,32.869999,33.400002,17305200,33.400002
2015-10-07,33.07,33.34,33.009998,33.119999,21010300,33.119999
2015-10-06,33.50,33.52,33.25,33.310001,27867000,32.840002
2015-10-05,32.98,33.490002,32.970001,33.43,27876700,32.958308
2015-10-02,32.34,32.639999,32.189999,32.639999,28505900,32.179454
2015-10-01,32.48,32.639999,32.169998,32.529999,30815500,32.071005
2015-09-30,32.360001,32.709999,32.240002,32.580002,34815500,32.120303
2015-09-29,31.99,32.18,31.85,32.07,33785200,31.617497
2015-09-28,32.259998,32.34,31.879999,31.90,35924900,31.449895
2015-09-25,32.27,32.700001,32.16,32.330002,27104200,31.87383
2015-09-24,32.02,32.23,31.950001,32.110001,24741400,31.656933
2015-09-23,32.290001,32.34,32.040001,32.200001,15739200,31.745664
2015-09-22,32.32,32.450001,32.130001,32.27,25518700,31.814676
2015-09-21,32.549999,32.689999,32.450001,32.560001,19870300,32.100585
2015-09-18,32.68,32.790001,32.41,32.549999,44627200,32.090724
2015-09-17,32.73,33.139999,32.41,32.779999,37922100,32.317478
2015-09-16,32.860001,33.099998,32.759998,32.939999,23514200,32.47522
2015-09-15,32.68,32.93,32.540001,32.860001,22371700,32.396351
2015-09-14,32.740002,32.779999,32.509998,32.549999,18504700,32.090724
2015-09-11,32.73,32.779999,32.560001,32.720001,17626900,32.258327
2015-09-10,32.77,32.84,32.549999,32.75,25602300,32.287902
2015-09-09,33.400002,33.50,32.720001,32.779999,22559100,32.317478
2015-09-08,32.950001,33.189999,32.810001,33.139999,18851000,32.672399
2015-09-04,32.68,32.779999,32.349998,32.560001,29318900,32.100585
2015-09-03,32.970001,33.240002,32.919998,33.040001,22833400,32.573811
2015-09-02,32.970001,32.970001,32.50,32.82,24093000,32.356914
2015-09-01,32.599998,32.790001,32.16,32.32,33048000,31.863969
2015-08-31,33.200001,33.279999,33.009998,33.200001,22286500,32.731554
2015-08-28,33.34,33.450001,33.099998,33.290001,24154000,32.820284
2015-08-27,33.009998,33.490002,32.82,33.439999,42589900,32.968165
2015-08-26,32.360001,32.849998,32.009998,32.689999,49631200,32.228748
2015-08-25,33.110001,33.110001,31.77,31.799999,50674200,31.351306
2015-08-24,32.18,32.689999,30.969999,32.369999,77231300,31.913263
2015-08-21,33.700001,33.950001,33.380001,33.380001,41636700,32.909014
2015-08-20,34.169998,34.459999,33.950001,33.950001,38363400,33.470971
2015-08-19,34.299999,34.50,34.07,34.360001,21139300,33.875186
2015-08-18,34.16,34.43,34.119999,34.349998,20538200,33.865325
2015-08-17,33.959999,34.23,33.900002,34.23,21050600,33.747019
2015-08-14,33.91,34.049999,33.779999,34.049999,22759600,33.569559
2015-08-13,34.009998,34.169998,33.790001,33.810001,35521100,33.332947
2015-08-12,33.860001,34.07,33.450001,34.02,61974500,33.539983
2015-08-11,34.599998,34.959999,34.57,34.650002,35402700,34.161095
2015-08-10,34.299999,34.779999,34.200001,34.779999,29179800,34.289258
2015-08-07,34.110001,34.259998,34.040001,34.209999,25627600,33.727301
2015-08-06,34.549999,34.59,33.950001,34.240002,32734200,33.75688
2015-08-05,34.790001,34.830002,34.509998,34.57,22837600,34.082222
2015-08-04,34.790001,34.799999,34.50,34.580002,26249900,34.092083
2015-08-03,34.950001,35.02,34.50,34.66,29677600,34.170952
2015-07-31,34.939999,34.990002,34.720001,34.740002,29880900,34.249825
2015-07-30,34.860001,34.889999,34.68,34.799999,25958800,34.308976
2015-07-29,34.470001,34.91,34.369999,34.689999,42986100,34.200528
2015-07-28,34.57,34.580002,34.220001,34.330002,52950700,33.845611
2015-07-27,34.220001,34.66,34.02,34.32,50523600,33.83575
2015-07-24,34.66,35.09,34.290001,34.290001,87250900,33.806174
2015-07-23,34.279999,34.34,33.860001,33.93,37054300,33.451253
2015-07-22,34.25,34.349998,34.02,34.27,51795800,33.786456
2015-07-21,34.669998,34.669998,34.389999,34.57,27871700,34.082222
2015-07-20,35.040001,35.060001,34.709999,34.900002,22216800,34.407568