2015-12-16,73.029999,74.040001,73.00,73.800003,3933000,73.800003
2015-12-15,73.059998,74.25,72.769997,72.980003,4573600,72.980003
2015-12-14,71.830002,72.989998,71.629997,72.720001,4704800,72.720001
2015-12-11,71.790001,72.550003,71.300003,71.839996,3745800,71.839996
2015-12-10,72.349998,73.050003,72.099998,72.370003,4215100,72.370003
2015-12-09,72.25,72.989998,71.169998,72.010002,4193600,72.010002
2015-12-08,73.080002,73.360001,72.489998,72.660004,3787000,72.660004
2015-12-07,73.50,74.260002,73.150002,73.389999,4957400,73.389999
2015-12-04,73.120003,74.239998,73.110001,73.900002,6416300,73.900002
2015-12-03,72.010002,73.239998,71.760002,73.190002,7223100,73.190002
2015-12-02,72.800003,73.010002,71.860001,71.93,5565700,71.93
2015-12-01,73.07,73.43,72.25,72.809998,4322400,72.809998
2015-11-30,73.779999,73.779999,72.120003,72.50,7428400,72.50
2015-11-27,73.559998,73.879997,72.82,73.440002,2595200,73.440002
2015-11-25,73.220001,73.620003,72.949997,73.160004,5598700,73.160004
2015-11-24,71.870003,73.160004,71.760002,72.889999,4802400,72.889999
2015-11-23,71.059998,72.900002,71.00,72.279999,5454100,72.279999
2015-11-20,71.110001,71.650002,70.589996,70.830002,5994100,70.830002
2015-11-19,70.00,71.480003,69.849998,70.550003,8337100,70.550003
2015-11-18,71.639999,71.980003,68.150002,69.779999,25042800,69.779999
2015-11-17,71.199997,74.379997,71.199997,72.910004,9077600,72.910004
2015-11-16,71.199997,72.379997,70.800003,72.309998,8938200,72.309998
2015-11-13,73.709999,73.709999,71.540001,71.889999,8161000,71.33
2015-11-12,74.849998,75.769997,74.330002,74.93,5801900,74.34632
2015-11-11,76.400002,76.629997,73.949997,74.870003,7441100,74.28679
2015-11-10,76.419998,77.910004,76.00,77.190002,3943700,76.588718
2015-11-09,77.389999,77.540001,74.919998,76.230003,5529800,75.636197
2015-11-06,78.160004,78.480003,76.43,77.220001,4483400,76.618483
2015-11-05,77.139999,78.209999,76.599998,78.150002,3217600,77.541239
2015-11-04,78.699997,78.699997,76.599998,77.389999,3726700,76.787157
2015-11-03,77.379997,78.50,77.199997,78.230003,3740800,77.620617
2015-11-02,77.00,77.470001,75.519997,77.260002,4147100,76.658172
2015-10-30,76.169998,77.919998,76.089996,77.18,4952700,76.578793
2015-10-29,76.209999,76.50,74.970001,76.279999,3815800,75.685803
2015-10-28,75.089996,76.279999,74.699997,76.230003,4327800,75.636197
2015-10-27,74.040001,74.739998,73.919998,74.730003,4083700,74.147881
2015-10-26,73.25,74.760002,73.18,74.019997,6706700,73.443405
2015-10-23,77.489998,77.599998,72.75,72.940002,9443200,72.371824
2015-10-22,76.57,77.169998,75.959999,77.110001,4943800,76.509339
2015-10-21,74.849998,76.599998,74.610001,76.400002,5847400,75.804871
2015-10-20,74.830002,75.300003,74.379997,74.400002,5021800,73.82045
2015-10-19,75.019997,75.300003,74.629997,74.699997,4639400,74.118109
2015-10-16,75.370003,75.389999,74.699997,75.050003,4753600,74.465388
2015-10-15,76.120003,76.209999,73.379997,75.129997,10162100,74.544759
2015-10-14,79.260002,80.110001,74.559998,76.199997,18449200,75.606424
2015-10-13,79.110001,79.839996,78.910004,78.959999,2910200,78.344927
2015-10-12,78.879997,79.379997,78.860001,79.209999,1556800,78.592979
2015-10-09,78.690002,78.959999,78.190002,78.879997,2857600,78.265548
2015-10-08,78.540001,79.660004,78.389999,78.690002,3580600,78.077033
2015-10-07,78.589996,78.769997,77.989998,78.559998,3291100,77.948041
2015-10-06,79.330002,79.459999,77.370003,78.099998,4892800,77.491625
2015-10-05,79.970001,80.169998,79.290001,79.510002,4708700,78.890645
2015-10-02,78.07,79.57,77.400002,79.529999,4631100,78.910486
2015-10-01,78.349998,79.589996,78.18,79.510002,6393600,78.890645
2015-09-30,78.82,78.940002,78.18,78.660004,4579600,78.047268
2015-09-29,77.660004,78.559998,77.160004,77.980003,4816600,77.372565
2015-09-28,78.989998,79.169998,77.389999,77.669998,4332800,77.064974
2015-09-25,79.610001,79.980003,78.75,79.050003,3055600,78.43423
2015-09-24,78.459999,79.18,77.93,79.059998,3934200,78.444146
2015-09-23,78.00,78.879997,77.830002,78.760002,3940200,78.146488
2015-09-22,77.599998,78.120003,77.279999,78.050003,3146400,77.442019
2015-09-21,77.160004,78.620003,76.949997,78.260002,4180400,77.650382
2015-09-18,77.339996,77.900002,76.489998,76.620003,6651600,76.023158
2015-09-17,78.779999,79.120003,77.879997,78.010002,5668900,77.40233
2015-09-16,77.779999,78.610001,77.639999,78.50,3468900,77.888511
2015-09-15,77.389999,78.25,77.160004,77.82,3423600,77.213807
2015-09-14,77.650002,77.860001,76.580002,77.150002,2715300,76.549028
2015-09-11,76.839996,78.010002,76.839996,77.879997,3346100,77.273338
2015-09-10,76.709999,77.75,76.599998,77.07,4479000,76.46965
2015-09-09,79.050003,79.089996,77.00,77.160004,3349100,76.558953
2015-09-08,77.690002,78.440002,76.980003,78.379997,4929100,77.769443
2015-09-04,76.849998,77.169998,76.150002,76.419998,4112900,75.824711
2015-09-03,77.529999,78.470001,77.160004,77.449997,4559200,76.846687
2015-09-02,76.290001,77.230003,76.07,77.050003,7527600,76.449809
2015-09-01,76.419998,76.839996,74.989998,75.389999,6690000,74.802736
2015-08-31,77.43,78.199997,76.949997,77.709999,4477100,77.104664
2015-08-28,77.790001,78.800003,77.559998,78.029999,4424900,77.422171
2015-08-27,77.190002,77.919998,76.559998,77.849998,6929900,77.243573
2015-08-26,75.760002,77.139999,74.360001,76.839996,8160000,76.241438
2015-08-25,76.760002,77.160004,73.870003,73.940002,7554700,73.364034
2015-08-24,73.900002,77.580002,71.910004,75.279999,10419100,74.693592
2015-08-21,80.07,80.870003,78.360001,78.400002,7982000,77.789291
2015-08-20,80.349998,81.669998,79.809998,80.660004,7497600,80.031689
2015-08-19,80.300003,84.620003,79.120003,80.870003,21173800,80.240052
2015-08-18,78.599998,80.730003,78.599998,80.300003,7326700,79.674492
2015-08-17,78.43,79.199997,78.190002,78.980003,2908900,78.364775
2015-08-14,78.980003,79.610001,78.730003,79.349998,3597900,78.176251
2015-08-13,78.730003,79.809998,78.290001,78.989998,3322900,77.821576
2015-08-12,78.550003,79.239998,77.080002,79.00,5077100,77.83143
2015-08-11,78.650002,79.260002,78.269997,78.870003,4188100,77.703356
2015-08-10,79.449997,79.690002,78.82,78.970001,2998400,77.801875
2015-08-07,79.639999,79.739998,78.599998,78.980003,3153400,77.811729
2015-08-06,80.00,80.339996,78.620003,79.540001,4508200,78.363443
2015-08-05,80.629997,81.07,79.75,80.040001,4303400,78.856047
2015-08-04,80.309998,80.779999,79.709999,80.050003,4355600,78.865901
2015-08-03,81.18,81.629997,80.050003,80.389999,3595800,79.200869
2015-07-31,82.279999,82.360001,81.709999,81.849998,2832200,80.639271
2015-07-30,81.580002,82.279999,81.540001,81.93,2991300,80.71809
2015-07-29,80.690002,82.019997,80.599998,81.839996,5323500,80.629417
2015-07-28,80.489998,80.599998,79.489998,80.529999,5457200,79.338797
2015-07-27,79.870003,79.879997,79.129997,79.489998,4637300,78.31418
2015-07-24,81.870003,81.870003,80.099998,80.209999,5294300,79.023531
2015-07-23,82.889999,82.949997,81.620003,81.650002,3489600,80.442233
2015-07-22,82.550003,83.349998,82.440002,82.82,4350900,81.594924
2015-07-21,84.18,84.25,82.150002,82.279999,6085900,81.062911
2015-07-20,84.650002,84.980003,84.169998,84.230003,3261400,82.984071