2015-12-16,74.730003,75.650002,74.339996,75.510002,1030100,75.510002
2015-12-15,74.660004,75.059998,73.809998,74.330002,1369800,74.330002
2015-12-14,75.309998,76.019997,73.099998,73.980003,2234000,73.980003
2015-12-11,75.620003,75.82,74.50,75.220001,1540200,75.220001
2015-12-10,76.550003,77.199997,76.040001,76.489998,988300,76.489998
2015-12-09,75.800003,77.43,75.68,76.449997,1814900,76.449997
2015-12-08,75.480003,76.910004,75.43,76.110001,1681600,76.110001
2015-12-07,76.349998,76.550003,75.489998,76.120003,1336600,76.120003
2015-12-04,76.470001,77.470001,76.120003,76.879997,1596000,76.879997
2015-12-03,78.18,78.50,75.849998,76.129997,2092600,76.129997
2015-12-02,79.400002,79.809998,77.739998,77.849998,1468600,77.849998
2015-12-01,79.760002,80.080002,78.589996,79.43,1539100,79.43
2015-11-30,79.50,80.019997,78.699997,79.68,1840800,79.68
2015-11-27,80.800003,81.550003,79.50,79.730003,1061900,79.730003
2015-11-25,78.889999,81.760002,78.610001,80.769997,3050800,80.769997
2015-11-24,75.400002,80.150002,75.00,79.32,7883900,79.32
2015-11-23,75.309998,77.419998,75.309998,76.550003,3503700,76.550003
2015-11-20,74.769997,75.330002,74.769997,75.139999,2797500,75.139999
2015-11-19,74.459999,74.889999,74.00,74.239998,2187300,74.239998
2015-11-18,74.440002,74.599998,73.720001,74.419998,4063100,74.419998
2015-11-17,75.610001,76.419998,73.50,74.129997,2075900,74.129997
2015-11-16,74.139999,75.269997,73.980003,75.230003,1629400,75.230003
2015-11-13,75.50,75.540001,73.089996,74.470001,3117300,74.470001
2015-11-12,78.260002,78.260002,76.57,76.82,1529300,76.82
2015-11-11,79.940002,79.949997,77.019997,77.389999,1742500,77.389999
2015-11-10,79.860001,80.330002,78.809998,80.089996,1329700,80.089996
2015-11-09,81.82,81.910004,79.50,80.220001,1258500,80.220001
2015-11-06,82.57,83.07,80.089996,81.910004,1984100,81.910004
2015-11-05,82.889999,84.190002,82.199997,83.989998,1143000,83.989998
2015-11-04,83.410004,83.559998,82.360001,82.669998,914300,82.669998
2015-11-03,82.440002,84.010002,82.279999,83.400002,884900,83.400002
2015-11-02,82.580002,83.32,81.830002,82.699997,1091400,82.699997
2015-10-30,81.099998,82.830002,80.93,82.440002,1471800,82.440002
2015-10-29,80.849998,82.169998,80.540001,81.309998,1223000,81.309998
2015-10-28,79.730003,81.75,79.480003,81.209999,1324000,81.209999
2015-10-27,78.660004,79.589996,78.18,79.550003,1326800,79.550003
2015-10-26,78.510002,79.169998,77.779999,78.889999,1212400,78.889999
2015-10-23,79.82,79.980003,77.889999,78.610001,1668200,78.610001
2015-10-22,79.169998,79.300003,78.00,79.25,1505200,79.25
2015-10-21,80.550003,80.860001,78.959999,79.129997,725900,79.129997
2015-10-20,79.760002,81.050003,79.739998,79.900002,963100,79.900002
2015-10-19,78.75,80.379997,78.620003,80.040001,1123700,80.040001
2015-10-16,79.669998,79.940002,78.650002,79.029999,1106300,79.029999
2015-10-15,78.949997,79.389999,78.449997,79.269997,1315600,79.269997
2015-10-14,79.059998,79.82,77.870003,78.809998,868600,78.809998
2015-10-13,80.050003,80.279999,78.690002,78.779999,1236600,78.779999
2015-10-12,81.389999,81.699997,80.199997,80.540001,842600,80.540001
2015-10-09,81.860001,82.449997,80.959999,81.400002,817200,81.400002
2015-10-08,79.760002,81.910004,79.639999,81.669998,1035200,81.669998
2015-10-07,80.809998,81.989998,79.510002,80.209999,1139000,80.209999
2015-10-06,80.150002,80.540001,79.389999,79.860001,847800,79.860001
2015-10-05,78.709999,80.620003,78.650002,80.25,1385200,80.25
2015-10-02,75.739998,77.959999,75.00,77.900002,992300,77.900002
2015-10-01,77.339996,77.449997,75.970001,76.580002,1200800,76.580002
2015-09-30,76.029999,77.489998,75.400002,77.220001,1242900,77.220001
2015-09-29,75.169998,76.190002,74.760002,75.199997,955600,75.199997
2015-09-28,76.660004,76.860001,74.279999,74.879997,1368200,74.879997
2015-09-25,78.730003,78.790001,77.059998,77.379997,770800,77.379997
2015-09-24,77.959999,78.050003,76.970001,77.910004,867200,77.910004
2015-09-23,78.980003,79.209999,78.029999,78.639999,756700,78.639999
2015-09-22,78.349998,78.879997,77.309998,78.709999,1328200,78.709999
2015-09-21,79.75,80.190002,78.989998,79.370003,1150400,79.370003
2015-09-18,79.410004,80.290001,78.900002,79.349998,1892500,79.349998
2015-09-17,81.150002,82.18,80.400002,80.610001,1161500,80.610001
2015-09-16,80.620003,81.529999,79.910004,81.440002,1443000,81.040002
2015-09-15,79.959999,80.57,79.290001,80.32,1208700,79.9255
2015-09-14,80.07,80.50,79.32,79.599998,1071500,79.209035
2015-09-11,79.959999,80.50,79.080002,80.099998,1103300,79.706579
2015-09-10,80.279999,81.110001,79.980003,80.199997,773500,79.806087
2015-09-09,82.459999,83.449997,80.769997,80.959999,738600,80.562356
2015-09-08,81.669998,82.010002,80.599998,81.870003,872200,81.46789
2015-09-04,80.279999,81.290001,79.889999,80.309998,934900,79.915547
2015-09-03,81.639999,82.629997,80.989998,81.379997,1006600,80.980291
2015-09-02,81.080002,82.120003,80.449997,81.800003,1380100,81.398234
2015-09-01,81.00,81.389999,79.610001,79.940002,1533100,79.547369
2015-08-31,82.989998,83.830002,82.150002,82.25,1312800,81.846021
2015-08-28,82.309998,84.040001,81.860001,83.610001,1987200,83.199342
2015-08-27,81.639999,85.239998,81.50,83.290001,5806400,82.880914
2015-08-26,83.370003,85.25,82.769997,85.080002,2461200,84.662123
2015-08-25,86.830002,86.830002,81.82,81.839996,2061200,81.438031
2015-08-24,82.639999,84.980003,81.50,82.989998,3093400,82.582384
2015-08-21,88.349998,88.800003,85.879997,85.889999,1906500,85.468142
2015-08-20,90.690002,91.50,88.82,88.989998,1366700,88.552914
2015-08-19,91.809998,92.199997,90.650002,91.290001,719900,90.841621
2015-08-18,91.050003,92.099998,90.980003,91.550003,754200,91.100346
2015-08-17,90.050003,91.199997,89.269997,90.970001,628400,90.523193
2015-08-14,90.18,91.019997,89.379997,90.330002,1383100,89.886337
2015-08-13,89.580002,90.800003,89.540001,90.129997,1164200,89.687315
2015-08-12,92.389999,92.389999,88.650002,89.75,2388700,89.309184
2015-08-11,93.900002,94.93,92.730003,93.599998,1661800,93.140273
2015-08-10,93.949997,96.43,93.660004,95.610001,1254700,95.140402
2015-08-07,93.209999,93.50,92.519997,93.370003,494600,92.911406
2015-08-06,94.68,94.959999,92.629997,93.260002,838400,92.801946
2015-08-05,95.629997,96.300003,94.739998,94.82,689300,94.354282
2015-08-04,94.330002,95.639999,94.00,94.790001,647600,94.32443
2015-08-03,95.910004,95.949997,93.599998,94.019997,1111400,93.558208
2015-07-31,95.50,95.989998,95.019997,95.699997,1031800,95.229957
2015-07-30,94.239998,95.309998,93.970001,95.00,856800,94.533398
2015-07-29,92.540001,94.800003,92.339996,94.379997,1342600,93.91644
2015-07-28,91.110001,92.290001,90.07,91.989998,933500,91.53818
2015-07-27,92.800003,93.209999,90.540001,90.82,1061200,90.373928
2015-07-24,95.389999,95.480003,92.580002,93.239998,1226300,92.78204
2015-07-23,95.00,95.900002,94.699997,95.239998,1180300,94.772217
2015-07-22,93.739998,94.790001,93.50,94.760002,763200,94.294579
2015-07-21,94.00,94.50,93.620003,93.900002,675100,93.438802
2015-07-20,92.910004,94.419998,92.720001,94.00,793100,93.538309