2015-12-16,138.679993,140.740005,138.289993,140.449997,1610100,140.449997
2015-12-15,136.309998,138.160004,136.309998,137.490005,1717000,137.490005
2015-12-14,133.850006,135.570007,133.410004,135.410004,1452500,135.410004
2015-12-11,133.229996,135.050003,133.059998,134.199997,1542400,134.199997
2015-12-10,134.419998,136.100006,133.979996,135.130005,1056700,134.980008
2015-12-09,135.419998,136.990005,134.009995,134.389999,1525000,134.240824
2015-12-08,134.949997,136.979996,134.559998,136.050003,1548700,135.898985
2015-12-07,136.850006,136.970001,134.940002,135.529999,1341000,135.379558
2015-12-04,133.580002,137.149994,133.380005,137.070007,1877900,136.917857
2015-12-03,136.740005,137.619995,131.779999,132.570007,2367600,132.422852
2015-12-02,138.520004,138.869995,136.529999,136.770004,1534000,136.618187
2015-12-01,138.860001,139.669998,137.160004,138.350006,2719200,138.196435
2015-11-30,140.289993,140.660004,138.360001,138.399994,2609600,138.246368
2015-11-27,138.639999,140.289993,138.639999,139.960007,643700,139.804649
2015-11-25,137.800003,138.949997,137.619995,138.660004,1085500,138.506089
2015-11-24,136.589996,138.110001,136.199997,137.960007,1263000,137.806869
2015-11-23,137.800003,138.600006,137.070007,137.600006,1819000,137.447268
2015-11-20,138.289993,138.399994,137.419998,137.839996,2780100,137.686992
2015-11-19,137.779999,138.580002,137.160004,137.399994,1562200,137.247478
2015-11-18,135.679993,137.949997,135.539993,137.729996,1504500,137.577113
2015-11-17,135.00,136.800003,134.940002,135.440002,1696700,135.289662
2015-11-16,132.580002,135.610001,132.509995,135.539993,1369200,135.389542
2015-11-13,132.669998,133.690002,131.910004,132.330002,1348400,132.183113
2015-11-12,133.809998,134.929993,132.419998,132.440002,1296900,132.292992
2015-11-11,136.399994,136.649994,134.800003,134.860001,1818400,134.710304
2015-11-10,134.309998,136.470001,133.419998,136.029999,1942900,135.879003
2015-11-09,134.360001,134.699997,132.970001,134.300003,1819600,134.150928
2015-11-06,133.970001,134.419998,133.110001,134.300003,1242200,134.150928
2015-11-05,134.75,135.729996,133.740005,134.949997,1756900,134.8002
2015-11-04,134.360001,135.330002,133.369995,135.25,1622500,135.09987
2015-11-03,134.080002,134.690002,132.610001,134.259995,1460200,134.110964
2015-11-02,131.279999,134.759995,131.009995,134.539993,1618600,134.390652
2015-10-30,131.419998,132.410004,130.779999,130.779999,2435600,130.634831
2015-10-29,129.229996,131.509995,128.899994,131.380005,1783400,131.234171
2015-10-28,126.889999,129.309998,126.080002,129.25,1483300,129.10653
2015-10-27,126.599998,127.949997,126.400002,126.790001,1711600,126.649262
2015-10-26,126.779999,127.260002,126.199997,127.029999,1926400,126.888993
2015-10-23,124.489998,127.279999,124.099998,126.470001,3333600,126.329617
2015-10-22,127.760002,128.039993,123.669998,124.00,3278400,123.862358
2015-10-21,128.729996,129.990005,124.190002,127.110001,4230500,126.968906
2015-10-20,128.690002,129.580002,128.039993,128.619995,2077900,128.477225
2015-10-19,126.269997,129.070007,125.980003,129.029999,2007500,128.886773
2015-10-16,125.860001,126.449997,125.300003,126.400002,1964300,126.259695
2015-10-15,124.300003,125.540001,123.540001,125.470001,2245400,125.330727
2015-10-14,125.18,126.120003,123.519997,123.970001,1326800,123.832392
2015-10-13,125.07,126.699997,124.830002,125.480003,898500,125.340718
2015-10-12,126.139999,126.50,125.309998,125.900002,916900,125.76025
2015-10-09,125.760002,126.690002,125.589996,126.519997,1283000,126.379557
2015-10-08,124.730003,125.849998,124.129997,125.849998,1504000,125.710303
2015-10-07,124.690002,125.57,123.949997,125.199997,2002000,125.061023
2015-10-06,125.349998,125.970001,122.410004,124.089996,2445200,123.952254
2015-10-05,124.400002,126.760002,124.400002,126.550003,2176400,126.40953
2015-10-02,120.040001,124.519997,119.919998,124.489998,1383300,124.351812
2015-10-01,122.699997,123.059998,121.00,122.099998,2043100,121.964465
2015-09-30,120.470001,122.419998,120.470001,122.279999,1944200,122.144266
2015-09-29,118.290001,121.309998,118.129997,119.839996,2181800,119.706972
2015-09-28,121.160004,121.919998,117.099998,118.129997,3655700,117.998871
2015-09-25,124.660004,125.360001,122.220001,122.650002,1996800,122.513858
2015-09-24,123.809998,124.239998,122.690002,124.00,1491500,123.862358
2015-09-23,124.809998,125.620003,124.349998,124.620003,1339400,124.481672
2015-09-22,125.00,125.419998,124.209999,125.25,2078600,125.11097
2015-09-21,126.120003,127.230003,125.269997,126.330002,1866300,126.189773
2015-09-18,127.360001,127.50,125.459999,125.779999,2701200,125.640381
2015-09-17,126.419998,130.759995,126.010002,128.229996,3074900,128.087658
2015-09-16,124.989998,126.639999,124.400002,126.279999,2137200,126.139826
2015-09-15,122.870003,125.480003,122.150002,125.089996,2125000,124.951144
2015-09-14,123.330002,123.330002,121.580002,122.160004,1268700,122.024404
2015-09-11,121.43,122.959999,120.93,122.900002,1411100,122.76358
2015-09-10,121.230003,122.629997,121.059998,122.029999,1883600,121.744708
2015-09-09,124.82,124.949997,121.410004,121.620003,2199800,121.335671
2015-09-08,123.620003,123.790001,122.190002,123.690002,1729600,123.400831
2015-09-04,120.68,121.989998,120.18,121.169998,2158800,120.886718
2015-09-03,123.260002,124.25,122.379997,122.769997,2383800,122.482976
2015-09-02,123.099998,123.099998,120.68,122.779999,2923500,122.492955
2015-09-01,123.00,124.239998,120.779999,121.449997,3550300,121.166062
2015-08-31,126.510002,127.239998,124.889999,125.370003,2601400,125.076904
2015-08-28,127.529999,127.910004,125.639999,126.519997,1818100,126.224209
2015-08-27,126.730003,128.100006,125.57,127.910004,2159500,127.610966
2015-08-26,122.559998,125.459999,121.220001,125.260002,3074100,124.96716
2015-08-25,124.529999,124.879997,119.93,120.050003,2863500,119.769341
2015-08-24,120.900002,126.120003,117.980003,121.669998,3978700,121.385549
2015-08-21,131.009995,132.039993,127.910004,127.959999,2046100,127.660845
2015-08-20,133.580002,133.699997,132.25,132.339996,2282000,132.030602
2015-08-19,134.449997,135.050003,133.50,133.729996,1299300,133.417352
2015-08-18,136.149994,136.710007,135.199997,135.320007,879900,135.003646
2015-08-17,134.600006,136.399994,134.009995,136.309998,892200,135.991322
2015-08-14,133.589996,135.240005,133.50,135.020004,904100,134.704345
2015-08-13,134.949997,135.130005,133.369995,133.720001,828300,133.407381
2015-08-12,133.559998,135.059998,130.570007,134.710007,2205700,134.395072
2015-08-11,135.720001,136.470001,133.850006,134.580002,1546800,134.265371
2015-08-10,137.039993,137.509995,136.470001,137.179993,761300,136.859283
2015-08-07,136.919998,137.080002,134.339996,136.020004,1070400,135.702007
2015-08-06,138.369995,139.119995,136.009995,136.919998,1063800,136.599897
2015-08-05,138.970001,139.419998,138.039993,138.690002,1117100,138.365763
2015-08-04,138.679993,138.990005,137.509995,137.770004,857700,137.447916
2015-08-03,139.50,139.779999,137.679993,138.440002,1448000,138.116347
2015-07-31,139.130005,140.25,138.889999,139.529999,1190000,139.203795
2015-07-30,138.929993,139.600006,137.470001,139.119995,947300,138.79475
2015-07-29,138.309998,139.759995,138.309998,139.619995,1099600,139.293581
2015-07-28,138.729996,139.119995,137.449997,138.649994,1256900,138.325848
2015-07-27,137.479996,137.589996,136.289993,137.020004,1388300,136.699669
2015-07-24,139.639999,140.720001,137.600006,137.940002,1345500,137.617516
2015-07-23,140.50,140.940002,139.550003,140.600006,2030000,140.271301
2015-07-22,140.220001,141.25,138.080002,140.059998,3412200,139.732555
2015-07-21,136.339996,137.039993,135.710007,136.470001,1864400,136.150952
2015-07-20,135.820007,136.490005,135.419998,136.169998,1055400,135.85165