2015-12-16,72.139999,72.410004,70.970001,72.129997,2684000,72.129997
2015-12-15,70.889999,71.650002,70.889999,71.370003,2103000,71.370003
2015-12-14,70.199997,71.00,68.760002,70.040001,1982200,70.040001
2015-12-11,72.330002,72.480003,70.470001,70.800003,2173200,70.280005
2015-12-10,73.129997,74.129997,72.940002,73.339996,1652600,72.801343
2015-12-09,73.75,74.470001,72.75,73.169998,1131300,72.632594
2015-12-08,74.589996,74.68,73.940002,74.110001,1901600,73.565692
2015-12-07,75.860001,76.07,74.690002,75.160004,1592100,74.607983
2015-12-04,75.300003,76.260002,75.139999,76.029999,2197400,75.471589
2015-12-03,75.739998,75.93,74.639999,75.169998,2346900,74.617904
2015-12-02,76.50,76.589996,75.300003,75.540001,1157300,74.98519
2015-12-01,76.599998,77.050003,76.019997,76.489998,1325700,75.928209
2015-11-30,76.160004,76.410004,75.480003,76.150002,1528700,75.59071
2015-11-27,76.059998,76.129997,75.489998,75.949997,512500,75.392174
2015-11-25,75.589996,76.419998,75.339996,76.010002,858600,75.451739
2015-11-24,75.239998,75.779999,74.970001,75.620003,870400,75.064604
2015-11-23,76.419998,76.699997,76.019997,76.150002,655600,75.59071
2015-11-20,76.669998,76.910004,75.910004,76.370003,1069400,75.809095
2015-11-19,76.379997,76.480003,76.010002,76.379997,716400,75.819016
2015-11-18,74.809998,76.489998,74.720001,76.489998,1194800,75.928209
2015-11-17,75.230003,75.57,74.470001,74.739998,1064100,74.191062
2015-11-16,74.300003,75.360001,73.779999,75.339996,797600,74.786654
2015-11-13,75.029999,75.32,74.160004,74.360001,1235600,73.813856
2015-11-12,76.029999,76.669998,75.190002,75.25,1382700,74.697319
2015-11-11,76.470001,76.739998,76.169998,76.379997,966400,75.819016
2015-11-10,75.449997,76.160004,75.260002,76.160004,823600,75.600639
2015-11-09,76.809998,76.870003,75.25,75.529999,1359600,74.975261
2015-11-06,77.169998,77.709999,76.419998,76.93,929900,76.36498
2015-11-05,76.379997,77.050003,76.260002,76.669998,831200,76.106887
2015-11-04,76.599998,76.940002,76.00,76.190002,1018000,75.630417
2015-11-03,75.82,76.889999,75.669998,76.68,1170400,76.116816
2015-11-02,75.959999,76.220001,75.580002,76.190002,1433300,75.630417
2015-10-30,75.360001,75.989998,75.010002,75.620003,1967700,75.064604
2015-10-29,74.860001,75.550003,74.309998,75.379997,1268700,74.826361
2015-10-28,74.059998,75.239998,73.800003,75.239998,1643900,74.68739
2015-10-27,73.519997,74.00,73.209999,73.949997,1018900,73.406864
2015-10-26,74.309998,74.529999,73.870003,74.190002,1284200,73.645106
2015-10-23,74.610001,74.610001,73.43,74.389999,1986100,73.843634
2015-10-22,70.900002,74.620003,70.739998,74.25,3740200,73.704663
2015-10-21,70.970001,71.00,69.559998,69.639999,1384100,69.128521
2015-10-20,70.489998,70.790001,70.120003,70.550003,1033500,70.031841
2015-10-19,70.309998,70.589996,70.00,70.260002,992000,69.74397
2015-10-16,70.529999,70.900002,70.199997,70.800003,1307700,70.280005
2015-10-15,69.190002,70.199997,69.129997,70.199997,1201500,69.684406
2015-10-14,69.129997,69.849998,68.849998,68.980003,1296900,68.473373
2015-10-13,70.230003,70.279999,69.080002,69.150002,1679900,68.642122
2015-10-12,70.889999,71.00,69.599998,70.239998,2320700,69.724113
2015-10-09,72.139999,72.449997,71.129997,71.50,1528800,70.974861
2015-10-08,71.470001,72.169998,70.949997,72.040001,1631000,71.510896
2015-10-07,71.449997,72.169998,70.650002,71.980003,1430500,71.451339
2015-10-06,70.540001,70.870003,69.989998,70.629997,1205300,70.111248
2015-10-05,69.510002,70.82,69.43,70.75,1509300,70.230369
2015-10-02,66.32,68.75,65.879997,68.739998,2105600,68.23513
2015-10-01,69.550003,69.940002,67.940002,68.589996,1880800,68.08623
2015-09-30,69.209999,69.529999,68.510002,69.50,1920900,68.98955
2015-09-29,69.449997,71.190002,67.980003,68.269997,2689900,67.768581
2015-09-28,68.940002,69.379997,68.440002,69.099998,4012500,68.592486
2015-09-25,68.940002,69.470001,68.629997,69.120003,2098200,68.612344
2015-09-24,68.419998,68.769997,67.93,68.360001,2242300,67.857924
2015-09-23,69.309998,69.370003,68.510002,68.870003,1370000,68.36418
2015-09-22,69.160004,69.849998,68.559998,69.059998,1969000,68.552779
2015-09-21,69.900002,70.440002,69.550003,70.220001,1032900,69.704263
2015-09-18,70.089996,70.760002,69.279999,69.57,2956100,69.059036
2015-09-17,71.459999,72.440002,70.93,71.059998,1858000,70.53809
2015-09-16,71.040001,71.790001,70.480003,71.68,1380900,71.153539
2015-09-15,70.580002,71.510002,70.169998,70.949997,1900100,70.428897
2015-09-14,70.959999,70.980003,70.279999,70.580002,1309400,70.06162
2015-09-11,70.220001,71.029999,70.00,71.00,1181200,70.478533
2015-09-10,70.459999,71.50,70.419998,70.919998,1372400,69.882936
2015-09-09,72.00,72.879997,70.32,70.449997,1689600,69.419808
2015-09-08,70.260002,71.18,69.599998,71.150002,1839800,70.109576
2015-09-04,69.449997,70.120003,68.989998,69.440002,1500900,68.424582
2015-09-03,69.889999,70.769997,69.739998,70.360001,1853900,69.331127
2015-09-02,70.370003,70.540001,69.00,69.910004,1591100,68.887711
2015-09-01,70.150002,70.32,69.050003,69.379997,2445400,68.365455
2015-08-31,71.870003,72.25,71.300003,71.879997,1305800,70.828897
2015-08-28,72.089996,72.480003,71.809998,72.400002,1408200,71.341297
2015-08-27,71.57,73.120003,71.57,72.900002,2214800,71.833986
2015-08-26,69.620003,71.120003,69.160004,70.809998,3412800,69.774544
2015-08-25,72.199997,72.199997,68.32,68.330002,3049100,67.330813
2015-08-24,68.330002,72.099998,67.760002,69.650002,4135400,68.631511
2015-08-21,73.370003,73.769997,72.010002,72.089996,3034700,71.035825
2015-08-20,75.199997,75.199997,72.00,73.93,1509600,72.848923
2015-08-19,75.970001,76.239998,75.099998,75.470001,899300,74.366404
2015-08-18,77.57,77.57,76.050003,76.339996,675700,75.223678
2015-08-17,75.50,76.279999,75.360001,76.230003,819100,75.115293
2015-08-14,75.589996,76.150002,75.50,76.07,772200,74.957629
2015-08-13,75.379997,76.360001,75.019997,75.830002,982000,74.721141
2015-08-12,75.739998,75.760002,74.040001,75.470001,2510300,74.366404
2015-08-11,76.669998,76.669998,75.879997,76.18,1131000,75.066021
2015-08-10,76.510002,76.900002,76.25,76.889999,1181900,75.765638
2015-08-07,76.059998,76.269997,75.330002,75.839996,969300,74.730989
2015-08-06,76.849998,76.870003,75.459999,75.889999,1164100,74.780261
2015-08-05,77.339996,77.489998,76.07,76.480003,1561900,75.361637
2015-08-04,77.25,77.769997,76.730003,77.050003,1113600,75.923302
2015-08-03,77.129997,77.389999,76.709999,77.239998,1100100,76.110518
2015-07-31,77.629997,77.980003,77.019997,77.129997,1431800,76.002126
2015-07-30,77.089996,77.830002,77.019997,77.50,1175200,76.366719
2015-07-29,77.379997,77.769997,76.93,77.559998,1105300,76.425839
2015-07-28,77.370003,77.379997,76.650002,77.160004,1042700,76.031694
2015-07-27,76.580002,76.900002,75.550003,76.629997,1427900,75.509438
2015-07-24,77.099998,77.559998,75.989998,76.839996,1714000,75.716366
2015-07-23,78.059998,78.980003,77.029999,77.279999,2349900,76.149934
2015-07-22,79.07,79.220001,78.449997,78.739998,1639200,77.588584
2015-07-21,79.139999,79.739998,78.739998,79.07,1029800,77.91376
2015-07-20,79.529999,79.620003,79.050003,79.349998,792500,78.189665