2015-12-16,87.919998,88.699997,86.349998,88.089996,1081700,88.089996
2015-12-15,88.699997,89.00,87.139999,87.18,1226900,87.18
2015-12-14,88.260002,89.099998,87.209999,88.220001,785900,88.220001
2015-12-11,87.800003,89.199997,87.440002,87.900002,763300,87.900002
2015-12-10,88.559998,89.550003,87.309998,88.849998,863400,88.849998
2015-12-09,89.160004,91.379997,88.080002,88.900002,1073300,88.900002
2015-12-08,89.269997,91.220001,87.449997,90.029999,1304600,90.029999
2015-12-07,88.199997,88.290001,87.010002,87.93,696200,87.93
2015-12-04,86.010002,88.290001,85.779999,88.040001,1408900,88.040001
2015-12-03,88.580002,88.889999,85.309998,85.660004,1498800,85.660004
2015-12-02,89.989998,90.230003,89.239998,89.400002,440000,89.400002
2015-12-01,89.800003,90.730003,89.050003,89.660004,770700,89.660004
2015-11-30,91.279999,91.360001,88.959999,89.349998,731400,89.349998
2015-11-27,91.410004,91.660004,90.410004,91.410004,277600,91.410004
2015-11-25,91.529999,91.919998,90.730003,91.139999,472600,91.139999
2015-11-24,90.970001,91.459999,90.389999,91.00,747800,91.00
2015-11-23,91.010002,92.519997,90.690002,91.459999,799400,91.459999
2015-11-20,89.769997,90.959999,89.379997,90.809998,944400,90.809998
2015-11-19,87.730003,90.25,87.730003,89.239998,974800,89.239998
2015-11-18,86.790001,88.360001,86.089996,88.150002,985200,88.150002
2015-11-17,87.209999,87.370003,85.809998,86.150002,954700,86.150002
2015-11-16,85.25,87.019997,84.839996,86.949997,812900,86.949997
2015-11-13,89.489998,89.489998,85.059998,85.199997,1699400,85.199997
2015-11-12,90.879997,91.660004,89.739998,89.769997,730300,89.769997
2015-11-11,92.470001,92.470001,91.040001,91.379997,429900,91.179995
2015-11-10,91.730003,92.290001,90.760002,91.970001,751000,91.768708
2015-11-09,93.239998,93.360001,91.309998,92.029999,562100,91.828574
2015-11-06,93.32,93.75,92.720001,93.379997,672400,93.175618
2015-11-05,93.00,94.00,92.739998,93.650002,776000,93.445031
2015-11-04,92.080002,92.889999,91.32,92.730003,1140400,92.527047
2015-11-03,92.190002,92.870003,91.260002,92.50,915700,92.297547
2015-11-02,92.400002,92.739998,91.190002,92.080002,783200,91.878468
2015-10-30,91.559998,93.010002,91.139999,92.389999,883900,92.187787
2015-10-29,91.370003,92.25,90.309998,91.139999,687500,90.940523
2015-10-28,90.769997,91.650002,89.980003,91.580002,708000,91.379562
2015-10-27,91.18,91.370003,89.540001,90.669998,770100,90.47155
2015-10-26,90.889999,91.82,90.25,91.720001,1311500,91.519255
2015-10-23,92.00,92.269997,88.760002,90.43,1281100,90.232078
2015-10-22,90.150002,91.099998,86.93,91.019997,3101800,90.820783
2015-10-21,87.00,87.400002,85.800003,86.25,1603300,86.061226
2015-10-20,86.830002,87.25,85.910004,86.449997,890800,86.260785
2015-10-19,84.980003,87.010002,84.82,86.970001,1485900,86.779651
2015-10-16,84.699997,85.279999,84.410004,85.209999,834300,85.023501
2015-10-15,84.739998,85.139999,83.550003,84.690002,1341900,84.504643
2015-10-14,84.589996,84.989998,83.519997,84.150002,1054900,83.965824
2015-10-13,85.760002,86.629997,84.220001,84.459999,1435300,84.275143
2015-10-12,88.959999,88.959999,85.43,85.739998,1991000,85.55234
2015-10-09,89.07,89.720001,88.68,89.639999,840600,89.443806
2015-10-08,87.879997,89.75,87.839996,89.199997,981000,89.004766
2015-10-07,86.870003,88.660004,86.650002,88.610001,1560200,88.416061
2015-10-06,88.540001,88.620003,86.25,86.57,837900,86.380525
2015-10-05,87.690002,88.690002,87.330002,88.410004,1400000,88.216502
2015-10-02,84.800003,86.839996,83.809998,86.82,1344100,86.629978
2015-10-01,84.400002,85.989998,83.370003,85.949997,1514000,85.76188
2015-09-30,83.540001,84.919998,82.949997,84.32,1692200,84.13545
2015-09-29,81.889999,82.50,80.059998,82.309998,2333500,82.129847
2015-09-28,83.139999,84.00,81.620003,81.68,1546500,81.501229
2015-09-25,83.00,84.949997,82.519997,83.970001,2728400,83.786218
2015-09-24,82.459999,83.220001,81.010002,82.349998,1409100,82.16976
2015-09-23,83.099998,83.589996,82.230003,83.040001,1795100,82.858253
2015-09-22,83.910004,83.989998,81.370003,82.809998,2306800,82.628753
2015-09-21,86.410004,87.68,84.269997,84.889999,1720400,84.704202
2015-09-18,86.07,87.860001,85.919998,86.269997,1565100,86.081179
2015-09-17,88.139999,88.339996,86.099998,86.989998,1410800,86.799604
2015-09-16,86.480003,88.330002,86.239998,87.959999,1074800,87.767483
2015-09-15,86.370003,87.190002,85.309998,86.50,699600,86.310679
2015-09-14,87.589996,87.589996,85.800003,86.110001,976200,85.921533
2015-09-11,86.410004,88.07,85.910004,87.959999,837000,87.767483
2015-09-10,85.360001,87.379997,85.050003,86.690002,911900,86.500266
2015-09-09,86.620003,87.610001,85.610001,85.800003,1036300,85.612214
2015-09-08,85.059998,86.489998,84.269997,86.360001,710000,86.170986
2015-09-04,83.019997,84.389999,82.650002,83.190002,761000,83.007926
2015-09-03,84.00,85.669998,83.220001,83.949997,1561200,83.766257
2015-09-02,83.580002,84.150002,82.410004,83.690002,1432100,83.506832
2015-09-01,83.269997,84.32,81.68,82.230003,1230400,82.050028
2015-08-31,85.129997,86.540001,84.790001,85.309998,1180100,85.123281
2015-08-28,86.940002,87.269997,84.669998,85.389999,1646900,85.203108
2015-08-27,85.790001,88.949997,85.120003,87.120003,1486700,86.929325
2015-08-26,85.279999,85.940002,82.589996,85.040001,1199800,84.853875
2015-08-25,85.25,86.389999,83.040001,83.040001,1454400,82.858253
2015-08-24,79.699997,86.389999,75.00,83.580002,2718600,83.397072
2015-08-21,88.830002,88.989998,85.519997,85.589996,1595700,85.402667
2015-08-20,92.650002,93.089996,89.650002,89.650002,1005300,89.453786
2015-08-19,93.699997,94.309998,92.50,93.349998,583500,93.145685
2015-08-18,93.849998,94.519997,93.18,94.089996,672900,93.884063
2015-08-17,93.019997,94.089996,92.370003,93.940002,639400,93.734398
2015-08-14,92.93,94.739998,92.389999,93.099998,533300,92.896232
2015-08-13,92.470001,94.730003,92.419998,93.199997,666300,92.996012
2015-08-12,92.769997,93.080002,91.25,92.760002,620000,92.357419
2015-08-11,92.540001,93.620003,92.190002,93.470001,653100,93.064336
2015-08-10,92.68,93.720001,92.470001,93.110001,572500,92.705898
2015-08-07,90.959999,91.82,90.419998,91.699997,538000,91.302014
2015-08-06,93.50,93.989998,91.07,91.169998,813900,90.774316
2015-08-05,93.540001,93.870003,92.760002,93.349998,985100,92.944855
2015-08-04,91.089996,92.480003,91.089996,92.269997,493700,91.86954
2015-08-03,92.75,93.07,90.470001,91.339996,512400,90.943576
2015-07-31,92.040001,93.440002,91.709999,92.519997,689100,92.118455
2015-07-30,92.050003,92.489998,91.43,91.989998,506200,91.590756
2015-07-29,91.870003,92.599998,91.690002,92.279999,711300,91.879499
2015-07-28,92.540001,92.760002,91.199997,91.720001,828500,91.321932
2015-07-27,93.690002,93.839996,91.480003,92.080002,787700,91.68037
2015-07-24,95.900002,96.089996,92.690002,93.57,1293800,93.163901
2015-07-23,94.599998,96.279999,93.50,95.459999,2742200,95.045698
2015-07-22,93.610001,94.940002,93.370003,94.779999,1156900,94.368649
2015-07-21,93.599998,94.400002,93.150002,93.529999,1054800,93.124074
2015-07-20,93.699997,94.00,92.800003,93.129997,1389900,92.725808