2015-12-16,102.440002,106.580002,102.440002,104.790001,2108300,104.790001
2015-12-15,102.220001,103.900002,100.610001,101.940002,2180500,101.940002
2015-12-14,99.989998,102.029999,98.07,101.830002,2641400,101.830002
2015-12-11,105.360001,105.370003,100.239998,100.599998,2968900,100.599998
2015-12-10,106.589996,108.669998,105.440002,107.050003,2789800,107.050003
2015-12-09,112.18,112.489998,107.139999,107.769997,2553700,107.769997
2015-12-08,108.730003,113.589996,108.50,112.269997,2370500,112.269997
2015-12-07,111.330002,113.610001,108.620003,110.559998,1969600,110.559998
2015-12-04,110.559998,113.099998,110.199997,112.370003,1747300,112.370003
2015-12-03,113.169998,114.120003,109.699997,110.230003,1764800,110.230003
2015-12-02,117.00,118.260002,112.379997,112.75,1875100,112.75
2015-12-01,115.889999,117.860001,114.080002,117.809998,1720600,117.809998
2015-11-30,117.980003,118.089996,113.50,115.169998,2101100,115.169998
2015-11-27,116.779999,118.099998,115.959999,117.220001,499200,117.220001
2015-11-25,117.629997,118.690002,116.699997,117.300003,1339200,117.300003
2015-11-24,117.220001,119.669998,115.919998,118.239998,2217700,117.739995
2015-11-23,114.489998,117.860001,113.709999,117.589996,1712400,117.092742
2015-11-20,113.949997,115.199997,113.730003,114.440002,1219100,113.956069
2015-11-19,114.029999,115.139999,112.18,113.790001,1741100,113.308816
2015-11-18,113.489998,114.480003,110.919998,113.75,1771500,113.268984
2015-11-17,113.43,114.580002,113.040001,113.449997,1344200,112.97025
2015-11-16,111.690002,113.550003,110.940002,113.43,1270900,112.950338
2015-11-13,111.470001,113.919998,110.900002,111.660004,1876500,111.187826
2015-11-12,113.410004,114.330002,110.879997,111.620003,1888100,111.147994
2015-11-11,115.18,116.449997,114.00,114.580002,1486000,114.095476
2015-11-10,112.43,115.839996,110.75,115.099998,1643600,114.613274
2015-11-09,113.760002,114.870003,111.540001,112.68,1528900,112.203509
2015-11-06,115.00,116.519997,112.57,113.690002,1847900,113.20924
2015-11-05,114.779999,116.889999,114.010002,115.400002,2132800,114.912008
2015-11-04,112.959999,115.059998,112.18,114.580002,2611200,114.095476
2015-11-03,111.400002,113.199997,109.629997,112.529999,2066500,112.054142
2015-11-02,107.339996,112.150002,107.00,111.349998,2922700,110.879131
2015-10-30,109.190002,109.580002,106.879997,106.93,2522600,106.477824
2015-10-29,105.779999,109.849998,104.650002,108.989998,2898500,108.529111
2015-10-28,104.610001,107.110001,102.75,105.279999,2858300,104.8348
2015-10-27,102.769997,104.629997,102.599998,104.489998,1543600,104.04814
2015-10-26,103.519997,104.559998,102.720001,103.440002,1078900,103.002585
2015-10-23,101.82,105.160004,101.389999,103.629997,1385000,103.191776
2015-10-22,101.00,101.949997,99.889999,101.529999,1751000,101.100658
2015-10-21,101.260002,101.559998,99.589996,100.239998,1668600,99.816112
2015-10-20,102.139999,102.18,99.099998,100.910004,1625100,100.483284
2015-10-19,104.330002,104.50,102.18,102.540001,1527000,102.106389
2015-10-16,103.639999,104.940002,102.769997,104.889999,1848700,104.44645
2015-10-15,99.879997,103.580002,99.330002,103.510002,2036000,103.072288
2015-10-14,100.190002,100.470001,98.339996,98.989998,2146500,98.571398
2015-10-13,103.230003,104.040001,99.959999,100.07,2034300,99.646833
2015-10-12,103.529999,104.610001,102.730003,103.629997,1487700,103.191776
2015-10-09,104.110001,104.889999,100.910004,103.400002,2554800,102.962753
2015-10-08,102.809998,104.980003,102.139999,104.410004,2555700,103.968484
2015-10-07,103.669998,104.309998,100.169998,102.970001,3508900,102.534571
2015-10-06,104.550003,105.00,101.370003,103.099998,3622300,102.664018
2015-10-05,102.690002,105.540001,101.93,104.849998,2846500,104.406618
2015-10-02,99.309998,101.610001,97.860001,101.540001,2347400,101.110618
2015-10-01,97.040001,100.540001,95.370003,100.290001,3110300,99.865903
2015-09-30,99.43,100.559998,96.199997,97.239998,4291900,96.828798
2015-09-29,98.879997,100.879997,97.389999,98.330002,2069300,97.914193
2015-09-28,100.57,103.040001,96.309998,98.379997,3220800,97.963977
2015-09-25,100.879997,103.050003,99.739998,101.529999,2668600,101.100658
2015-09-24,98.660004,100.93,97.339996,100.400002,3067400,99.975439
2015-09-23,94.790001,99.260002,94.75,98.980003,4381200,98.561446
2015-09-22,92.610001,95.050003,92.080002,94.360001,2064700,93.960979
2015-09-21,93.239998,96.00,92.660004,93.68,2488000,93.283855
2015-09-18,92.339996,95.139999,92.339996,93.050003,3008500,92.656521
2015-09-17,92.940002,95.290001,92.470001,93.879997,2644900,93.483006
2015-09-16,94.339996,94.620003,91.470001,92.830002,3122800,92.437451
2015-09-15,93.449997,94.669998,92.010002,94.110001,2398700,93.712037
2015-09-14,95.209999,96.169998,93.110001,93.209999,2861400,92.815841
2015-09-11,96.00,96.610001,93.800003,95.580002,4177700,95.175822
2015-09-10,97.120003,98.599998,96.480003,96.800003,2452200,96.390664
2015-09-09,96.540001,98.82,96.059998,96.290001,2201900,95.882818
2015-09-08,93.459999,96.139999,92.669998,95.980003,2255800,95.574132
2015-09-04,91.540001,93.720001,90.989998,92.019997,1697500,91.630871
2015-09-03,92.419998,94.940002,92.339996,92.860001,2751500,92.467322
2015-09-02,91.160004,92.559998,89.75,92.459999,2722400,92.069012
2015-09-01,89.669998,91.589996,88.900002,89.720001,2960400,89.340601
2015-08-31,92.970001,94.980003,91.970001,92.010002,2786200,91.620918
2015-08-28,90.669998,94.050003,90.660004,93.459999,2720300,93.064784
2015-08-27,93.290001,94.220001,88.910004,90.639999,3802300,90.256709
2015-08-26,89.279999,91.93,87.400002,91.760002,2877200,91.371976
2015-08-25,92.400002,93.00,88.50,88.68,3034300,87.807113
2015-08-24,86.989998,91.290001,86.32,89.970001,3826900,89.084417
2015-08-21,100.160004,100.239998,93.449997,93.610001,4784200,92.688587
2015-08-20,104.00,105.110001,101.839996,101.959999,1691800,100.956395
2015-08-19,105.489998,106.339996,104.129997,104.949997,1860800,103.916962
2015-08-18,103.870003,105.82,103.709999,105.650002,1446100,104.610077
2015-08-17,101.279999,104.25,100.779999,104.25,2019500,103.223856
2015-08-14,102.860001,103.879997,101.349998,102.080002,2714000,101.075217
2015-08-13,109.279999,110.739998,102.800003,104.410004,4705800,103.382284
2015-08-12,109.00,109.940002,106.860001,109.379997,2121900,108.303358
2015-08-11,106.519997,109.620003,105.190002,109.43,2197400,108.352869
2015-08-10,102.989998,107.949997,102.43,107.360001,3498000,106.303244
2015-08-07,100.93,102.699997,99.459999,102.029999,2243100,101.025706
2015-08-06,98.120003,102.25,95.629997,101.269997,4544500,100.273185
2015-08-05,97.309998,98.589996,96.849998,98.120003,2498800,97.154197
2015-08-04,97.019997,97.629997,95.629997,96.82,1627500,95.86699
2015-08-03,97.099998,98.25,96.220001,96.830002,1870900,95.876893
2015-07-31,96.400002,98.470001,96.150002,97.339996,1389700,96.381868
2015-07-30,97.400002,97.669998,94.559998,96.230003,3143600,95.282801
2015-07-29,97.599998,98.400002,96.50,97.760002,1998500,96.79774
2015-07-28,97.25,98.839996,96.330002,97.779999,1531600,96.817539
2015-07-27,97.900002,98.739998,96.239998,97.110001,1950000,96.154136
2015-07-24,99.00,99.889999,98.309998,98.940002,1400800,97.966125
2015-07-23,99.720001,100.480003,98.279999,98.440002,1368500,97.471047
2015-07-22,99.269997,100.75,97.410004,99.760002,2322600,98.778053
2015-07-21,99.599998,100.489998,97.339996,98.830002,2466100,97.857207
2015-07-20,102.139999,102.139999,99.360001,99.589996,2533000,98.609721