2015-12-16,182.149994,185.610001,181.300003,185.059998,2169300,185.059998
2015-12-15,179.710007,182.660004,179.309998,181.080002,1400800,181.080002
2015-12-14,181.570007,181.649994,177.869995,178.809998,1874900,178.809998
2015-12-11,181.869995,183.119995,178.869995,180.50,2339600,180.50
2015-12-10,183.860001,184.820007,183.00,183.509995,1370400,183.509995
2015-12-09,184.270004,186.550003,183.539993,183.919998,1661900,183.919998
2015-12-08,185.020004,186.649994,184.070007,184.880005,1240900,184.880005
2015-12-07,184.039993,186.759995,183.679993,185.610001,1917200,185.610001
2015-12-04,182.039993,185.190002,181.380005,185.190002,1810400,185.190002
2015-12-03,184.630005,185.410004,180.800003,181.380005,1987700,181.380005
2015-12-02,186.210007,186.449997,184.580002,184.619995,2169800,184.619995
2015-12-01,185.860001,187.259995,185.020004,186.50,1097300,186.50
2015-11-30,185.429993,185.770004,183.589996,184.770004,1243700,184.770004
2015-11-27,184.039993,185.880005,183.470001,185.259995,283000,185.259995
2015-11-25,183.880005,184.770004,183.029999,183.800003,588400,183.800003
2015-11-24,183.380005,185.610001,182.899994,183.649994,856400,183.649994
2015-11-23,184.710007,186.649994,184.149994,184.419998,1229200,184.419998
2015-11-20,184.539993,185.070007,183.770004,184.50,1654000,184.50
2015-11-19,185.75,185.75,176.979996,184.00,1563300,184.00
2015-11-18,184.130005,184.960007,183.770004,184.789993,1386100,184.789993
2015-11-17,186.00,186.00,183.75,184.00,1197100,184.00
2015-11-16,185.320007,185.869995,184.059998,185.839996,1009500,185.839996
2015-11-13,187.910004,190.199997,185.350006,185.429993,1780600,185.429993
2015-11-12,188.949997,189.369995,187.929993,188.940002,800300,188.940002
2015-11-11,190.139999,190.210007,188.259995,189.399994,538000,189.399994
2015-11-10,187.899994,189.75,187.050003,189.309998,1114200,189.309998
2015-11-09,187.600006,188.759995,186.419998,187.830002,869100,187.830002
2015-11-06,187.570007,188.809998,186.970001,188.089996,1051400,188.089996
2015-11-05,187.75,189.210007,186.850006,187.679993,1621600,187.679993
2015-11-04,189.539993,190.399994,188.380005,188.649994,1159400,188.649994
2015-11-03,186.699997,189.369995,185.720001,189.309998,1603300,189.309998
2015-11-02,190.470001,190.789993,186.839996,187.410004,1138100,187.410004
2015-10-30,192.449997,192.449997,189.169998,189.399994,1544900,189.399994
2015-10-29,183.520004,192.850006,183.520004,191.820007,2124300,191.820007
2015-10-28,183.50,185.710007,182.559998,185.25,1094300,185.25
2015-10-27,184.839996,185.979996,182.869995,183.350006,1696800,183.350006
2015-10-26,185.089996,186.190002,184.770004,185.199997,1026100,185.199997
2015-10-23,183.559998,185.619995,183.089996,185.190002,1358900,185.190002
2015-10-22,180.940002,184.910004,180.910004,182.899994,1722800,182.899994
2015-10-21,188.080002,188.080002,180.320007,180.440002,3110600,180.440002
2015-10-20,186.50,187.960007,186.50,187.309998,584100,187.309998
2015-10-19,188.440002,188.800003,186.729996,187.330002,1556400,187.330002
2015-10-16,189.529999,189.529999,187.300003,188.710007,1103800,188.710007
2015-10-15,187.399994,188.660004,186.509995,188.259995,1162000,188.259995
2015-10-14,187.919998,188.029999,185.300003,186.169998,1242900,186.169998
2015-10-13,185.889999,188.220001,185.729996,187.919998,1310900,187.919998
2015-10-12,187.240005,188.509995,186.429993,186.669998,1412300,186.669998
2015-10-09,188.960007,189.00,186.470001,187.380005,1754400,187.380005
2015-10-08,185.589996,188.440002,185.589996,188.440002,1766200,188.440002
2015-10-07,188.210007,188.690002,185.759995,186.009995,1598000,186.009995
2015-10-06,188.320007,189.289993,186.199997,187.169998,1536600,187.169998
2015-10-05,186.210007,189.440002,185.869995,188.740005,1926200,188.740005
2015-10-02,180.139999,185.289993,179.550003,185.190002,3235700,185.190002
2015-10-01,179.740005,182.860001,179.080002,181.850006,3333000,181.850006
2015-09-30,175.509995,180.309998,174.520004,179.369995,4205500,179.369995
2015-09-29,176.130005,177.970001,173.419998,174.00,3749300,174.00
2015-09-28,183.679993,184.270004,176.399994,176.679993,3698000,175.929989
2015-09-25,185.570007,186.429993,183.149994,183.789993,1327600,183.009808
2015-09-24,187.800003,189.169998,184.240005,185.080002,2053100,184.29434
2015-09-23,190.139999,190.410004,188.279999,188.300003,1568200,187.500673
2015-09-22,190.00,191.100006,188.669998,190.240005,2062100,189.43244
2015-09-21,189.389999,191.190002,189.270004,191.039993,1875000,190.229032
2015-09-18,189.429993,191.270004,189.020004,189.509995,2806000,188.705528
2015-09-17,189.190002,192.00,188.740005,190.419998,2894500,189.611668
2015-09-16,190.00,190.330002,187.619995,188.789993,1932300,187.988583
2015-09-15,187.139999,189.979996,186.160004,189.789993,1640600,188.984338
2015-09-14,187.720001,188.089996,186.619995,187.059998,1091600,186.265931
2015-09-11,187.139999,187.669998,185.949997,187.449997,2035000,186.654275
2015-09-10,187.520004,189.039993,186.710007,187.509995,2237000,186.714018
2015-09-09,191.199997,191.199997,188.309998,188.619995,1194000,187.819306
2015-09-08,189.770004,190.559998,187.910004,190.389999,1460400,189.581797
2015-09-04,186.649994,188.779999,185.479996,187.830002,1038700,187.032667
2015-09-03,186.070007,188.940002,185.570007,188.080002,2390700,187.281605
2015-09-02,185.080002,185.660004,183.440002,185.259995,1356800,184.473569
2015-09-01,186.020004,186.550003,183.009995,183.369995,2026000,182.591593
2015-08-31,186.00,187.809998,185.449997,186.020004,1794000,185.230352
2015-08-28,187.600006,187.740005,185.839996,187.429993,909500,186.634356
2015-08-27,186.339996,188.610001,184.229996,187.889999,1727500,187.092409
2015-08-26,183.559998,185.410004,180.199997,185.199997,2061000,184.413826
2015-08-25,183.270004,184.25,180.339996,180.720001,1996200,179.952848
2015-08-24,178.089996,185.699997,173.490005,179.169998,3939400,178.409425
2015-08-21,185.740005,187.330002,183.589996,183.589996,2163400,182.81066
2015-08-20,189.529999,191.389999,187.619995,187.619995,1519500,186.823551
2015-08-19,191.399994,192.539993,190.550003,191.479996,1345500,190.667166
2015-08-18,189.320007,191.479996,189.320007,191.100006,1297100,190.28879
2015-08-17,185.619995,190.520004,185.479996,190.309998,1480500,189.502135
2015-08-14,186.960007,186.960007,185.429993,186.00,1102700,185.210433
2015-08-13,186.50,187.610001,186.00,186.649994,1218100,185.857668
2015-08-12,186.179993,187.639999,185.309998,186.509995,1201900,185.718263
2015-08-11,188.669998,189.979996,186.850006,186.850006,1020300,186.056831
2015-08-10,189.910004,191.339996,189.059998,189.330002,1178300,188.526299
2015-08-07,188.289993,190.330002,186.429993,188.910004,1437200,188.108084
2015-08-06,191.559998,192.100006,183.720001,190.220001,4262600,189.412521
2015-08-05,194.190002,194.220001,188.770004,191.50,1709300,190.687086
2015-08-04,191.410004,193.800003,190.160004,193.009995,921700,192.19067
2015-08-03,190.009995,192.380005,190.00,191.270004,831100,190.458066
2015-07-31,191.509995,191.509995,189.550003,190.009995,1765300,189.203405
2015-07-30,189.139999,191.729996,189.139999,190.839996,1055500,190.029884
2015-07-29,188.940002,190.350006,188.100006,189.429993,927500,188.625866
2015-07-28,188.929993,189.529999,188.119995,189.199997,1617800,188.396846
2015-07-27,189.550003,190.809998,187.589996,188.139999,1583100,187.341348
2015-07-24,190.619995,191.389999,189.860001,191.089996,3304000,190.278823
2015-07-23,190.240005,190.600006,188.509995,190.50,2737300,189.691331
2015-07-22,189.160004,190.470001,188.949997,190.470001,1404200,189.661459
2015-07-21,190.300003,190.800003,188.089996,188.529999,2200200,187.729692
2015-07-20,189.130005,190.990005,188.460007,190.880005,2068200,190.069722