2015-12-16,31.93,32.299999,31.719999,32.220001,2336500,32.220001
2015-12-15,32.049999,32.380001,31.51,31.84,5063200,31.84
2015-12-14,32.110001,32.200001,31.48,31.77,5404100,31.77
2015-12-11,32.700001,32.91,32.380001,32.459999,3181800,32.459999
2015-12-10,33.25,33.290001,32.880001,32.959999,6717000,32.959999
2015-12-09,33.130001,33.650002,33.009998,33.25,1979100,33.25
2015-12-08,33.50,33.740002,33.16,33.23,2123600,33.23
2015-12-07,33.889999,34.00,33.59,33.830002,2161300,33.830002
2015-12-04,33.84,34.040001,33.490002,33.959999,3338700,33.959999
2015-12-03,34.18,34.360001,33.52,33.740002,2727500,33.740002
2015-12-02,34.869999,34.970001,33.98,34.09,4247500,34.09
2015-12-01,35.389999,35.52,34.779999,34.990002,2855900,34.990002
2015-11-30,35.279999,35.669998,35.209999,35.310001,2714600,35.310001
2015-11-27,35.279999,35.450001,35.00,35.150002,1060800,35.150002
2015-11-25,35.209999,35.380001,34.84,35.25,2780000,35.25
2015-11-24,35.150002,35.349998,34.869999,35.209999,3899200,35.209999
2015-11-23,35.119999,35.73,34.950001,35.310001,3198800,35.310001
2015-11-20,35.889999,36.110001,35.470001,35.639999,4594600,35.639999
2015-11-19,35.869999,35.990002,35.57,35.830002,1846000,35.830002
2015-11-18,35.50,35.889999,35.32,35.84,2986200,35.84
2015-11-17,35.889999,36.00,35.360001,35.48,3841900,35.48
2015-11-16,35.220001,35.860001,35.080002,35.709999,5588200,35.709999
2015-11-13,34.639999,35.610001,34.130001,35.310001,8018600,35.310001
2015-11-12,37.029999,37.27,36.450001,36.50,3161400,36.50
2015-11-11,37.27,37.610001,37.18,37.34,3355600,37.34
2015-11-10,36.75,36.950001,36.349998,36.720001,2907700,36.720001
2015-11-09,36.91,37.099998,36.689999,36.77,3254900,36.77
2015-11-06,36.720001,37.040001,36.509998,37.02,1941500,37.02
2015-11-05,37.040001,37.169998,36.630001,36.919998,1484100,36.919998
2015-11-04,37.16,37.389999,36.91,37.00,3991300,37.00
2015-11-03,37.049999,37.259998,36.830002,37.09,1642600,37.09
2015-11-02,36.48,37.150002,36.299999,37.060001,2011400,37.060001
2015-10-30,36.560001,36.700001,36.369999,36.439999,3512200,36.439999
2015-10-29,36.18,36.529999,36.02,36.48,2053400,36.48
2015-10-28,36.209999,36.549999,35.75,36.220001,2842300,36.220001
2015-10-27,36.32,36.450001,35.73,35.990002,2034200,35.990002
2015-10-26,36.98,37.139999,36.529999,36.59,1459600,36.59
2015-10-23,37.310001,37.439999,36.759998,36.950001,2549600,36.950001
2015-10-22,36.18,37.59,36.130001,37.150002,3170000,37.150002
2015-10-21,36.52,36.68,35.990002,36.060001,2142700,36.060001
2015-10-20,35.939999,36.66,35.939999,36.630001,2080800,36.425001
2015-10-19,36.25,36.50,36.009998,36.150002,1794000,35.947687
2015-10-16,36.52,36.669998,36.16,36.470001,3014400,36.265896
2015-10-15,36.240002,36.490002,35.799999,36.459999,2383100,36.25595
2015-10-14,35.68,36.330002,35.549999,36.060001,2282000,35.858191
2015-10-13,35.82,36.220001,35.689999,35.740002,2199500,35.539982
2015-10-12,36.389999,36.459999,36.02,36.080002,1408400,35.878079
2015-10-09,36.299999,36.57,36.07,36.360001,1958000,36.156511
2015-10-08,34.959999,36.43,34.959999,36.23,2777400,36.027238
2015-10-07,35.369999,36.00,35.369999,35.580002,3419300,35.380878
2015-10-06,34.84,35.259998,34.779999,35.169998,2805100,34.973169
2015-10-05,34.50,35.00,33.189999,34.869999,3945500,34.674848
2015-10-02,33.43,34.389999,33.080002,34.389999,3009700,34.197535
2015-10-01,33.529999,33.91,33.290001,33.869999,3365500,33.680445
2015-09-30,33.669998,33.900002,33.150002,33.459999,4332500,33.27274
2015-09-29,33.549999,33.650002,33.060001,33.389999,4765900,33.203132
2015-09-28,34.25,34.32,33.50,33.549999,1838200,33.362236
2015-09-25,34.529999,34.689999,34.259998,34.470001,1733800,34.277089
2015-09-24,34.130001,34.32,33.75,34.220001,3322500,34.028488
2015-09-23,34.91,35.029999,34.529999,34.619999,2054800,34.426247
2015-09-22,35.09,35.139999,34.66,34.91,1513200,34.714625
2015-09-21,35.630001,35.75,35.34,35.509998,1552700,35.311266
2015-09-18,36.009998,36.009998,35.419998,35.52,3062000,35.321212
2015-09-17,36.830002,37.02,36.349998,36.43,1827400,36.226119
2015-09-16,36.619999,36.959999,36.529999,36.889999,2024200,36.683544
2015-09-15,36.119999,36.669998,35.98,36.619999,2423000,36.415054
2015-09-14,35.959999,36.049999,35.630001,36.040001,2712400,35.838302
2015-09-11,35.740002,35.959999,35.490002,35.959999,1260700,35.758748
2015-09-10,35.869999,36.02,35.57,35.73,1873400,35.530036
2015-09-09,36.68,36.759998,35.810001,35.860001,1730300,35.659309
2015-09-08,35.98,36.400002,35.799999,36.380001,1878400,36.1764
2015-09-04,35.709999,35.709999,35.299999,35.41,2561200,35.211827
2015-09-03,36.049999,36.689999,35.91,36.169998,2380400,35.967572
2015-09-02,35.77,36.00,35.349998,36.00,2309000,35.798525
2015-09-01,35.419998,35.889999,35.240002,35.43,4000600,35.231716
2015-08-31,36.23,36.580002,36.060001,36.290001,2389500,36.086903
2015-08-28,36.25,36.490002,36.139999,36.380001,1457500,36.1764
2015-08-27,35.93,36.470001,35.689999,36.419998,3062600,36.216173
2015-08-26,35.509998,35.59,34.73,35.52,3777700,35.321212
2015-08-25,35.509998,35.759998,34.700001,34.75,6258500,34.555521
2015-08-24,34.119999,35.630001,34.009998,34.610001,5405200,34.416305
2015-08-21,36.470001,36.560001,35.869999,35.93,3401900,35.728917
2015-08-20,37.09,37.290001,36.740002,36.75,2615700,36.544328
2015-08-19,37.700001,38.34,37.380001,37.41,2226000,37.200634
2015-08-18,37.970001,38.209999,37.889999,38.07,2162900,37.85694
2015-08-17,37.509998,38.07,37.220001,37.970001,3277200,37.757501
2015-08-14,37.529999,37.75,37.43,37.610001,2208800,37.399516
2015-08-13,37.810001,37.919998,37.459999,37.470001,2573800,37.2603
2015-08-12,37.509998,38.099998,37.400002,37.900002,3807000,37.687893
2015-08-11,38.07,38.169998,37.75,37.84,1197800,37.628228
2015-08-10,38.32,38.619999,38.27,38.529999,2246100,38.314365
2015-08-07,38.279999,38.369999,37.77,37.98,1582600,37.767444
2015-08-06,38.389999,38.470001,38.16,38.330002,2154300,38.115487
2015-08-05,38.599998,38.619999,38.110001,38.279999,2032700,38.065764
2015-08-04,38.259998,38.830002,38.139999,38.27,3099600,38.055822
2015-08-03,37.990002,38.25,37.459999,38.18,3994600,37.966325
2015-07-31,37.209999,38.419998,37.200001,37.990002,5780800,37.77739
2015-07-30,36.619999,37.07,36.610001,36.93,3388500,36.723321
2015-07-29,36.439999,36.900002,36.310001,36.790001,6314100,36.584105
2015-07-28,36.470001,36.549999,35.919998,36.439999,7303600,36.236061
2015-07-27,36.23,36.619999,36.200001,36.290001,3347500,36.086903
2015-07-24,37.009998,37.040001,36.419998,36.439999,3010300,36.236061
2015-07-23,37.18,37.470001,36.990002,37.07,2463900,36.862537
2015-07-22,37.900002,37.959999,37.189999,37.189999,2832900,36.981864
2015-07-21,38.259998,38.360001,38.07,38.080002,2194000,37.663034
2015-07-20,38.360001,38.380001,38.150002,38.310001,2375100,37.890515