2015-12-16,119.550003,120.639999,114.959999,116.75,747800,116.75
2015-12-15,117.459999,118.620003,116.82,118.309998,428000,118.309998
2015-12-14,119.720001,120.699997,113.830002,116.160004,934400,116.160004
2015-12-11,119.940002,121.269997,119.300003,119.489998,538600,119.489998
2015-12-10,118.830002,121.959999,118.830002,121.110001,437000,121.110001
2015-12-09,119.449997,122.809998,118.389999,118.75,664300,118.75
2015-12-08,115.910004,120.50,115.019997,120.279999,714100,120.279999
2015-12-07,119.330002,119.589996,116.459999,117.089996,528200,117.089996
2015-12-04,118.760002,120.400002,117.910004,119.449997,653100,119.449997
2015-12-03,123.080002,123.419998,116.709999,118.160004,911400,118.160004
2015-12-02,125.059998,125.879997,122.669998,122.940002,440000,122.940002
2015-12-01,122.690002,125.489998,122.690002,125.330002,624600,125.330002
2015-11-30,124.860001,125.300003,121.18,121.519997,852300,121.519997
2015-11-27,124.110001,125.370003,123.540001,124.589996,191100,124.589996
2015-11-25,124.110001,124.949997,122.50,123.75,539000,123.650003
2015-11-24,122.57,124.480003,122.019997,124.309998,980800,124.209548
2015-11-23,122.739998,125.260002,121.529999,123.400002,633200,123.300287
2015-11-20,119.809998,122.779999,119.730003,122.50,583900,122.401013
2015-11-19,118.690002,122.790001,118.470001,119.080002,1236200,118.983778
2015-11-18,122.980003,124.589996,122.540001,124.440002,622100,124.339447
2015-11-17,120.269997,123.650002,119.480003,122.660004,667600,122.560887
2015-11-16,119.57,120.730003,119.040001,120.230003,1025000,120.13285
2015-11-13,117.150002,120.300003,115.900002,119.760002,733400,119.663229
2015-11-12,120.410004,120.550003,117.50,117.620003,684200,117.524959
2015-11-11,125.629997,125.629997,120.650002,120.809998,398200,120.712376
2015-11-10,124.529999,125.690002,123.080002,125.099998,491600,124.99891
2015-11-09,125.360001,125.919998,122.559998,124.440002,420700,124.339447
2015-11-06,122.790001,126.199997,122.150002,125.860001,585000,125.758298
2015-11-05,124.830002,125.139999,121.339996,122.910004,791400,122.810685
2015-11-04,123.160004,125.25,122.68,125.029999,672500,124.928967
2015-11-03,124.150002,125.139999,121.93,122.839996,732700,122.740734
2015-11-02,122.269997,125.75,122.269997,125.139999,702700,125.038879
2015-10-30,122.029999,123.57,121.959999,122.089996,831800,121.99134
2015-10-29,120.400002,122.790001,119.790001,122.169998,1162200,122.071277
2015-10-28,113.260002,121.669998,110.309998,120.68,1777100,120.582484
2015-10-27,117.550003,119.370003,114.889999,116.040001,1715300,115.946234
2015-10-26,115.620003,118.050003,114.559998,117.889999,1318000,117.794737
2015-10-23,112.93,117.150002,112.93,115.949997,1512800,115.856302
2015-10-22,116.919998,117.269997,107.260002,111.730003,4052900,111.639719
2015-10-21,128.880005,129.050003,122.93,125.470001,862600,125.368614
2015-10-20,129.630005,130.889999,127.669998,128.160004,509100,128.056443
2015-10-19,128.070007,129.580002,127.540001,129.399994,512000,129.295431
2015-10-16,125.940002,129.479996,125.940002,128.470001,1062000,128.36619
2015-10-15,121.160004,125.839996,117.040001,125.230003,2051700,125.12881
2015-10-14,128.139999,129.240005,125.800003,126.290001,416200,126.187951
2015-10-13,128.710007,130.429993,127.529999,127.760002,481100,127.656764
2015-10-12,128.410004,129.410004,127.040001,129.270004,332100,129.165546
2015-10-09,127.68,128.869995,126.07,128.50,475800,128.396164
2015-10-08,128.940002,129.419998,125.519997,127.440002,727900,127.337023
2015-10-07,127.900002,130.229996,125.889999,129.639999,784300,129.535242
2015-10-06,129.720001,130.850006,126.800003,127.900002,694000,127.796651
2015-10-05,128.119995,131.710007,128.119995,130.320007,797800,130.214701
2015-10-02,123.68,127.290001,123.650002,127.18,768600,127.077231
2015-10-01,125.959999,127.610001,124.169998,126.459999,1116400,126.357812
2015-09-30,122.900002,125.129997,122.830002,124.809998,1261000,124.709144
2015-09-29,124.839996,125.389999,119.809998,121.160004,2377600,121.062099
2015-09-28,129.539993,129.910004,121.639999,124.889999,1333100,124.789081
2015-09-25,134.720001,135.369995,129.169998,130.020004,723600,129.91494
2015-09-24,138.520004,138.75,133.139999,133.580002,1174600,133.472061
2015-09-23,139.509995,141.020004,137.630005,139.289993,624400,139.177439
2015-09-22,137.259995,139.539993,136.210007,139.320007,852600,139.207428
2015-09-21,138.029999,139.100006,137.059998,138.990005,894100,138.877693
2015-09-18,138.429993,139.830002,136.789993,137.229996,1261700,137.119106
2015-09-17,136.600006,141.190002,136.190002,139.009995,702900,138.897666
2015-09-16,135.820007,137.00,135.279999,136.320007,585500,136.209853
2015-09-15,135.529999,135.820007,134.169998,135.309998,490800,135.200659
2015-09-14,133.899994,135.490005,133.330002,135.259995,750300,135.150696
2015-09-11,134.039993,134.619995,131.600006,133.210007,1210300,133.102365
2015-09-10,135.119995,136.110001,134.270004,134.699997,549400,134.591151
2015-09-09,138.839996,139.320007,134.820007,135.039993,590700,134.930873
2015-09-08,137.369995,138.550003,136.009995,137.800003,523700,137.688652
2015-09-04,134.160004,135.809998,133.270004,135.020004,609100,134.9109
2015-09-03,137.119995,138.550003,134.779999,135.190002,531200,135.080761
2015-09-02,132.779999,136.360001,132.070007,136.339996,778300,136.229825
2015-09-01,134.729996,135.039993,131.080002,131.779999,955400,131.673513
2015-08-31,140.169998,141.580002,136.809998,137.139999,535900,137.029182
2015-08-28,140.270004,140.679993,138.589996,140.369995,514900,140.256568
2015-08-27,138.020004,141.509995,137.839996,140.970001,756500,140.756167
2015-08-26,135.470001,137.440002,132.050003,136.899994,1103400,136.692333
2015-08-25,135.570007,136.990005,132.119995,132.179993,906600,131.979492
2015-08-24,133.119995,138.110001,131.979996,132.850006,1490700,132.648489
2015-08-21,139.789993,141.899994,137.75,140.690002,1168900,140.476593
2015-08-20,144.630005,145.490005,141.100006,141.139999,595800,140.925907
2015-08-19,144.740005,146.800003,143.699997,145.970001,531200,145.748582
2015-08-18,145.009995,145.809998,144.179993,145.449997,499600,145.229367
2015-08-17,142.669998,145.869995,142.009995,145.50,398300,145.279294
2015-08-14,142.399994,143.380005,142.210007,143.089996,567700,142.872946
2015-08-13,143.199997,143.740005,141.720001,142.279999,391200,142.064177
2015-08-12,140.649994,142.419998,138.770004,142.089996,534100,141.874463
2015-08-11,142.440002,142.910004,139.899994,141.399994,497300,141.185507
2015-08-10,143.699997,145.089996,142.619995,143.279999,397500,143.06266
2015-08-07,143.00,143.820007,140.970001,142.740005,420000,142.523486
2015-08-06,143.929993,145.00,140.479996,142.520004,768100,142.303819
2015-08-05,146.570007,148.570007,140.880005,143.960007,1222200,143.741637
2015-08-04,146.779999,147.699997,145.809998,146.240005,507400,146.018177
2015-08-03,145.949997,146.830002,145.419998,145.800003,658000,145.578842
2015-07-31,143.009995,148.279999,143.009995,145.229996,1402700,145.009699
2015-07-30,141.699997,142.210007,140.369995,141.440002,690300,141.225455
2015-07-29,141.559998,142.539993,140.699997,142.309998,492000,142.094131
2015-07-28,140.740005,141.509995,138.270004,141.369995,430100,141.155554
2015-07-27,140.800003,141.070007,139.350006,140.289993,645700,140.07719
2015-07-24,141.449997,141.880005,140.309998,140.990005,500900,140.776141
2015-07-23,141.740005,142.639999,141.350006,141.789993,405200,141.574915
2015-07-22,140.199997,141.619995,139.960007,141.020004,350300,140.806094
2015-07-21,141.610001,142.059998,139.50,140.25,386000,140.037258
2015-07-20,141.460007,142.330002,140.550003,142.009995,421900,141.794583