2015-12-16,34.119999,34.380001,33.389999,33.82,2059900,33.82
2015-12-15,33.700001,34.02,33.509998,33.889999,2176900,33.889999
2015-12-14,34.00,34.16,33.099998,33.299999,2164400,33.299999
2015-12-11,34.459999,34.740002,33.759998,33.950001,1284500,33.950001
2015-12-10,35.110001,35.48,35.029999,35.119999,958500,35.119999
2015-12-09,35.650002,36.009998,34.959999,35.139999,864500,35.139999
2015-12-08,35.950001,36.02,35.52,35.759998,999000,35.759998
2015-12-07,36.700001,36.869999,36.029999,36.310001,1016200,36.310001
2015-12-04,36.32,36.889999,36.16,36.810001,1685300,36.810001
2015-12-03,36.290001,36.57,35.970001,36.150002,2117400,36.150002
2015-12-02,37.200001,37.259998,36.66,36.759998,1372900,36.759998
2015-12-01,36.900002,37.150002,36.43,37.130001,1625900,37.130001
2015-11-30,36.939999,37.049999,36.66,36.68,1607700,36.68
2015-11-27,36.720001,36.959999,36.619999,36.889999,382100,36.889999
2015-11-25,36.75,36.830002,36.48,36.66,874200,36.66
2015-11-24,36.48,36.779999,36.349998,36.689999,1256600,36.689999
2015-11-23,37.040001,37.259998,36.73,36.779999,1414800,36.779999
2015-11-20,36.709999,37.18,36.619999,37.119999,1968800,37.119999
2015-11-19,36.650002,36.889999,36.32,36.669998,1123100,36.669998
2015-11-18,36.59,36.810001,36.470001,36.759998,1582000,36.759998
2015-11-17,36.720001,36.93,36.419998,36.490002,1221400,36.490002
2015-11-16,35.75,36.59,35.619999,36.59,1104600,36.59
2015-11-13,35.860001,36.240002,35.77,35.84,1283900,35.84
2015-11-12,36.16,36.380001,35.91,35.950001,1578700,35.950001
2015-11-11,36.799999,36.919998,36.389999,36.59,1608100,36.59
2015-11-10,35.82,36.77,35.740002,36.700001,2300600,36.700001
2015-11-09,36.080002,36.080002,35.52,35.950001,2249200,35.950001
2015-11-06,35.549999,36.189999,35.16,36.09,1850200,36.09
2015-11-05,34.549999,34.630001,34.34,34.490002,911300,34.490002
2015-11-04,34.939999,35.00,34.50,34.580002,934700,34.580002
2015-11-03,35.18,35.32,34.779999,34.900002,1281600,34.900002
2015-11-02,34.700001,35.330002,34.50,35.259998,1517800,35.259998
2015-10-30,34.66,35.16,34.48,34.650002,1906600,34.650002
2015-10-29,34.389999,35.00,34.279999,34.610001,2200600,34.610001
2015-10-28,32.93,34.139999,32.59,34.130001,1810100,34.130001
2015-10-27,33.049999,33.150002,32.779999,32.959999,1204000,32.775
2015-10-26,33.470001,33.610001,33.169998,33.34,833100,33.152868
2015-10-23,33.529999,33.700001,33.259998,33.540001,1566000,33.351746
2015-10-22,33.049999,33.470001,33.040001,33.240002,1348700,33.053431
2015-10-21,33.290001,33.490002,32.84,32.880001,1055900,32.695451
2015-10-20,32.790001,33.330002,32.619999,33.209999,1336700,33.023596
2015-10-19,32.880001,33.00,32.68,32.779999,1001900,32.59601
2015-10-16,33.139999,33.220001,32.689999,33.060001,975000,32.874441
2015-10-15,32.619999,32.990002,32.439999,32.970001,818700,32.784946
2015-10-14,32.709999,32.93,32.330002,32.419998,1042600,32.23803
2015-10-13,32.91,33.09,32.73,32.77,667700,32.586067
2015-10-12,32.959999,33.169998,32.84,33.110001,464300,32.924159
2015-10-09,33.099998,33.349998,32.720001,32.970001,889300,32.784946
2015-10-08,32.869999,33.189999,32.759998,33.130001,1030000,32.944047
2015-10-07,32.91,33.169998,32.68,33.02,1082200,32.834664
2015-10-06,32.66,32.889999,32.50,32.59,1086300,32.407077
2015-10-05,32.169998,32.779999,32.02,32.73,1257100,32.546291
2015-10-02,31.67,32.09,31.219999,31.950001,2018500,31.77067
2015-10-01,32.07,32.459999,31.950001,32.41,1703200,32.228087
2015-09-30,31.940001,32.09,31.690001,32.080002,1469900,31.899942
2015-09-29,31.33,31.58,31.120001,31.530001,879300,31.353028
2015-09-28,31.66,31.83,31.190001,31.280001,1453200,31.104431
2015-09-25,32.060001,32.299999,31.790001,32.009998,1859600,31.830331
2015-09-24,31.059999,31.50,30.91,31.42,1073800,31.243644
2015-09-23,31.48,31.68,31.299999,31.43,1000400,31.253588
2015-09-22,31.389999,31.60,31.16,31.41,1423500,31.2337
2015-09-21,31.74,32.189999,31.68,31.860001,1476200,31.681175
2015-09-18,31.66,32.00,31.440001,31.629999,3110000,31.452465
2015-09-17,32.98,33.139999,32.099998,32.189999,1937500,32.009321
2015-09-16,32.970001,33.099998,32.75,32.970001,1702400,32.784946
2015-09-15,32.66,33.07,32.50,32.990002,977800,32.804834
2015-09-14,32.709999,32.830002,32.389999,32.459999,812000,32.277806
2015-09-11,32.48,32.810001,32.41,32.790001,946500,32.605956
2015-09-10,32.549999,33.080002,32.450001,32.779999,1391000,32.59601
2015-09-09,33.610001,33.73,32.619999,32.68,1368900,32.496572
2015-09-08,32.970001,33.209999,32.639999,33.16,1712900,32.973878
2015-09-04,32.43,32.630001,32.110001,32.25,1552400,32.068986
2015-09-03,32.799999,33.34,32.779999,32.91,1376500,32.725281
2015-09-02,32.900002,32.91,32.25,32.720001,988800,32.536349
2015-09-01,32.310001,32.900002,32.169998,32.32,1899000,32.138592
2015-08-31,33.259998,33.830002,33.150002,33.540001,1999000,33.351746
2015-08-28,33.630001,34.00,33.349998,33.580002,1467100,33.391522
2015-08-27,33.240002,33.84,32.98,33.810001,2919900,33.620231
2015-08-26,32.709999,32.939999,32.27,32.849998,5331800,32.665616
2015-08-25,32.93,32.990002,31.809999,31.82,4377600,31.641399
2015-08-24,32.16,33.07,29.809999,31.85,3361300,31.671231
2015-08-21,34.23,34.369999,33.48,33.490002,1969200,33.302027
2015-08-20,35.189999,35.240002,34.669998,34.669998,1852700,34.475401
2015-08-19,36.040001,36.119999,35.450001,35.549999,1562300,35.350462
2015-08-18,36.16,36.360001,36.099998,36.220001,717300,36.016704
2015-08-17,35.889999,36.18,35.790001,36.18,1035300,35.976927
2015-08-14,36.09,36.549999,35.91,36.150002,1645300,35.947097
2015-08-13,35.709999,36.200001,35.709999,36.009998,1326400,35.80788
2015-08-12,35.34,35.689999,34.740002,35.650002,2199800,35.449903
2015-08-11,35.759998,36.09,35.580002,35.709999,1534100,35.509564
2015-08-10,35.57,36.41,35.509998,36.259998,1599200,36.056476
2015-08-07,35.18,35.34,34.799999,35.09,1084300,34.893045
2015-08-06,35.459999,35.580002,35.07,35.299999,893800,35.101866
2015-08-05,35.700001,35.880001,35.389999,35.52,947500,35.320632
2015-08-04,35.59,35.91,35.48,35.59,1110900,35.390239
2015-08-03,35.849998,36.00,35.369999,35.66,1498000,35.459846
2015-07-31,36.07,36.18,35.68,35.84,1741300,35.638836
2015-07-30,37.029999,37.459999,35.779999,36.099998,2513400,35.897375
2015-07-29,36.73,37.540001,36.57,37.459999,1752500,37.249742
2015-07-28,37.169998,37.259998,36.66,36.849998,1409600,36.459203
2015-07-27,37.080002,37.25,36.77,36.950001,1749600,36.558145
2015-07-24,36.700001,38.150002,36.349998,37.610001,3311400,37.211145
2015-07-23,36.310001,36.439999,36.09,36.200001,1459900,35.816098
2015-07-22,36.290001,36.990002,36.18,36.310001,1434700,35.924932
2015-07-21,36.290001,36.580002,36.169998,36.310001,1052800,35.924932
2015-07-20,36.48,36.779999,36.189999,36.279999,1469000,35.895248