2015-12-16,99.589996,100.860001,99.18,100.510002,3279200,100.510002
2015-12-15,98.540001,99.57,98.120003,98.900002,3427100,98.900002
2015-12-14,97.459999,97.910004,95.82,97.870003,4072900,97.870003
2015-12-11,98.800003,99.00,97.260002,97.459999,5727300,97.459999
2015-12-10,100.550003,101.410004,100.370003,100.449997,3232400,100.449997
2015-12-09,101.120003,101.940002,100.089996,100.459999,3116600,100.459999
2015-12-08,101.709999,101.989998,100.800003,101.160004,3319100,101.160004
2015-12-07,103.00,103.260002,101.919998,102.449997,2475900,102.449997
2015-12-04,102.440002,103.389999,102.209999,103.260002,3256800,103.260002
2015-12-03,103.440002,103.730003,101.900002,102.290001,3927900,102.290001
2015-12-02,103.730003,103.93,103.040001,103.300003,3573100,103.300003
2015-12-01,103.459999,104.50,103.150002,104.379997,3424200,104.379997
2015-11-30,104.050003,104.400002,103.00,103.010002,3619500,103.010002
2015-11-27,103.790001,104.410004,103.709999,104.18,954100,104.18
2015-11-25,103.360001,103.650002,103.040001,103.489998,1354700,103.489998
2015-11-24,103.07,103.739998,102.669998,103.400002,1557700,103.400002
2015-11-23,104.129997,104.589996,103.269997,103.589996,2290400,103.589996
2015-11-20,104.580002,105.00,103.940002,104.099998,2646800,104.099998
2015-11-19,104.00,104.690002,103.639999,104.099998,1552700,104.099998
2015-11-18,103.220001,103.860001,102.599998,103.68,2141600,103.68
2015-11-17,103.349998,104.239998,102.82,103.139999,2098200,103.139999
2015-11-16,101.709999,103.18,101.639999,103.139999,2226500,103.139999
2015-11-13,103.139999,103.139999,101.43,101.779999,3114400,101.779999
2015-11-12,103.489998,103.650002,102.449997,102.599998,3296100,102.599998
2015-11-11,104.589996,105.370003,103.949997,104.800003,2581000,104.070004
2015-11-10,103.980003,104.919998,103.589996,104.339996,2148900,103.613202
2015-11-09,104.50,104.769997,103.50,104.010002,3416800,103.285506
2015-11-06,103.769997,105.029999,103.370003,104.989998,2877700,104.258676
2015-11-05,104.120003,104.650002,103.709999,104.230003,2540900,103.503975
2015-11-04,104.639999,104.760002,103.720001,104.00,2817500,103.275574
2015-11-03,104.279999,105.029999,103.730003,104.480003,2785900,103.752234
2015-11-02,103.010002,104.730003,103.00,104.57,2648200,103.841603
2015-10-30,103.470001,103.769997,102.93,103.019997,3232500,102.302397
2015-10-29,102.769997,103.620003,102.389999,103.470001,2762500,102.749267
2015-10-28,103.190002,103.400002,101.769997,102.629997,3542700,101.915114
2015-10-27,102.790001,104.559998,101.959999,103.099998,5144600,102.381841
2015-10-26,106.940002,107.32,105.959999,106.18,3486800,105.440389
2015-10-23,107.25,107.25,105.470001,106.800003,4060200,106.056073
2015-10-22,105.809998,106.620003,105.650002,106.43,3570200,105.688648
2015-10-21,104.82,106.419998,104.82,105.260002,3286500,104.526799
2015-10-20,103.989998,104.769997,103.849998,104.559998,2248700,103.831671
2015-10-19,103.550003,104.32,103.550003,104.260002,2296800,103.533765
2015-10-16,104.059998,104.190002,103.339996,103.949997,2077900,103.225919
2015-10-15,103.349998,103.980003,102.919998,103.800003,2847400,103.07697
2015-10-14,103.349998,103.639999,102.550003,102.860001,2227500,102.143515
2015-10-13,103.650002,104.589996,103.279999,103.300003,3060800,102.580453
2015-10-12,103.580002,104.410004,103.349998,104.410004,1792500,103.682721
2015-10-09,103.379997,104.18,103.290001,103.68,2418200,102.957803
2015-10-08,102.209999,103.540001,102.07,103.379997,2689600,102.65989
2015-10-07,101.989998,102.980003,101.440002,102.239998,2901800,101.527831
2015-10-06,101.900002,101.940002,100.809998,101.43,2339000,100.723476
2015-10-05,99.75,101.989998,99.75,101.529999,3088100,100.822778
2015-10-02,97.059998,99.379997,96.959999,99.379997,3554600,98.687752
2015-10-01,99.00,99.110001,97.82,98.580002,3053300,97.893329
2015-09-30,98.949997,99.300003,97.980003,98.690002,2985000,98.002564
2015-09-29,97.239998,98.309998,96.93,98.139999,2616000,97.456392
2015-09-28,97.919998,98.480003,97.190002,97.269997,2499000,96.592449
2015-09-25,98.080002,99.529999,97.68,98.760002,3294200,98.072076
2015-09-24,97.190002,97.940002,96.559998,97.50,3826000,96.82085
2015-09-23,98.349998,98.489998,97.57,97.57,3395600,96.890362
2015-09-22,98.489998,99.279999,98.050003,98.510002,3606800,97.823817
2015-09-21,98.489998,99.720001,98.239998,99.650002,3044700,98.955876
2015-09-18,99.910004,99.949997,98.080002,98.32,5127500,97.635138
2015-09-17,100.370003,101.790001,99.860001,100.620003,3879700,99.91912
2015-09-16,99.949997,100.309998,98.949997,100.080002,3237200,99.382881
2015-09-15,97.900002,100.800003,97.660004,100.519997,5206700,99.819811
2015-09-14,97.260002,97.389999,96.519997,97.010002,1788100,96.334266
2015-09-11,96.470001,97.190002,96.190002,97.18,2129000,96.50308
2015-09-10,97.050003,97.540001,96.480003,96.82,2928200,96.145587
2015-09-09,98.650002,98.860001,96.889999,97.050003,2773200,96.373988
2015-09-08,96.830002,97.980003,96.339996,97.93,2857800,97.247855
2015-09-04,95.190002,95.910004,94.650002,95.300003,3334000,94.636178
2015-09-03,97.190002,97.449997,96.419998,96.769997,3320200,96.095932
2015-09-02,96.290001,96.730003,95.18,96.709999,3578900,96.036352
2015-09-01,95.809998,96.760002,94.800003,95.199997,5168600,94.536868
2015-08-31,98.279999,98.300003,97.50,97.650002,2892700,96.969807
2015-08-28,98.629997,99.089996,97.889999,98.639999,2778400,97.952909
2015-08-27,97.489998,99.239998,97.400002,99.150002,4739800,98.459359
2015-08-26,95.610001,96.769997,93.639999,96.629997,5886900,95.956908
2015-08-25,97.550003,97.910004,94.410004,94.459999,6023000,93.802025
2015-08-24,94.720001,97.449997,94.00,95.510002,7929500,94.844714
2015-08-21,100.160004,100.879997,98.720001,99.139999,6566500,98.449426
2015-08-20,101.379997,101.959999,101.050003,101.050003,3779400,100.346125
2015-08-19,102.360001,103.00,101.699997,102.309998,2119900,101.597343
2015-08-18,102.980003,102.980003,102.339996,102.760002,2080900,102.044213
2015-08-17,102.239998,102.919998,101.540001,102.900002,2181600,102.183237
2015-08-14,101.739998,102.760002,101.379997,102.730003,2278800,102.014423
2015-08-13,101.949997,102.389999,101.50,101.839996,1829900,101.130616
2015-08-12,102.559998,103.120003,101.550003,102.82,3762500,101.378877
2015-08-11,102.629997,103.470001,102.529999,102.989998,3465200,101.546493
2015-08-10,102.769997,103.480003,102.769997,103.43,2690800,101.980328
2015-08-07,102.330002,102.400002,101.50,102.139999,2982900,100.708408
2015-08-06,103.120003,103.220001,102.199997,102.43,2043100,100.994344
2015-08-05,103.050003,104.07,102.940002,102.940002,3196700,101.497198
2015-08-04,102.919998,103.120003,102.230003,102.639999,2431500,101.2014
2015-08-03,102.489998,103.150002,101.900002,102.75,2756900,101.309859
2015-07-31,101.910004,102.760002,101.57,102.360001,4222900,100.925326
2015-07-30,100.400002,101.540001,100.269997,101.400002,2871000,99.978782
2015-07-29,100.360001,101.949997,100.209999,100.889999,5563700,99.475928
2015-07-28,97.889999,100.470001,97.830002,99.940002,7592900,98.539246
2015-07-27,94.50,95.230003,94.150002,95.120003,3628300,93.786803
2015-07-24,96.07,96.07,94.519997,94.75,2959700,93.421987
2015-07-23,97.650002,97.650002,95.82,96.110001,1940400,94.762925
2015-07-22,98.43,98.629997,96.830002,97.230003,2691000,95.86723
2015-07-21,97.629997,98.639999,97.57,97.959999,2178900,96.586994
2015-07-20,97.599998,97.870003,97.300003,97.589996,1777000,96.222178