2015-12-16,22.91,23.790001,22.879999,23.76,4058900,23.76
2015-12-15,22.65,23.00,22.389999,22.809999,3132800,22.809999
2015-12-14,22.780001,23.23,22.370001,22.549999,2594000,22.549999
2015-12-11,22.49,22.940001,22.09,22.690001,3455900,22.690001
2015-12-10,22.35,22.799999,22.08,22.60,3048200,22.60
2015-12-09,21.450001,22.860001,21.360001,22.290001,5347100,22.290001
2015-12-08,21.00,21.48,20.780001,21.09,3174100,21.09
2015-12-07,21.40,21.49,20.91,21.370001,3403300,21.370001
2015-12-04,21.030001,21.530001,20.98,21.360001,4858600,21.360001
2015-12-03,22.52,22.52,20.799999,20.98,6196600,20.98
2015-12-02,22.549999,22.98,22.379999,22.450001,2620400,22.450001
2015-12-01,22.389999,22.530001,22.030001,22.469999,3165500,22.469999
2015-11-30,23.75,23.809999,22.280001,22.40,8788500,22.40
2015-11-27,24.43,24.43,23.50,23.65,1732900,23.65
2015-11-25,24.059999,24.559999,23.469999,24.309999,3284200,24.309999
2015-11-24,23.129999,24.459999,22.98,24.040001,4807500,24.040001
2015-11-23,23.110001,23.48,22.879999,23.27,4580400,23.27
2015-11-20,22.48,23.59,22.42,23.00,4835800,23.00
2015-11-19,22.25,22.969999,22.07,22.290001,4387900,22.290001
2015-11-18,21.799999,22.950001,21.75,22.48,7801900,22.48
2015-11-17,19.85,21.950001,19.26,21.799999,23282700,21.799999
2015-11-16,23.92,23.92,22.040001,22.67,11462000,22.67
2015-11-13,25.40,25.799999,24.309999,24.49,5552400,24.49
2015-11-12,26.209999,27.15,26.120001,26.15,3050500,26.15
2015-11-11,28.540001,28.540001,26.51,26.59,3489900,26.59
2015-11-10,28.00,28.91,27.75,28.709999,2143900,28.709999
2015-11-09,29.33,29.360001,28.139999,28.309999,1682900,28.309999
2015-11-06,29.309999,29.459999,29.08,29.389999,1444900,29.389999
2015-11-05,29.07,29.450001,28.719999,29.440001,1040000,29.440001
2015-11-04,29.34,29.50,28.700001,28.969999,1804900,28.969999
2015-11-03,29.25,30.01,29.139999,29.389999,1939300,29.389999
2015-11-02,28.629999,28.99,27.77,28.85,1600900,28.85
2015-10-30,28.33,28.83,28.27,28.60,1710300,28.60
2015-10-29,29.00,29.200001,28.110001,28.40,1335300,28.40
2015-10-28,27.60,28.75,27.559999,28.74,4380400,28.74
2015-10-27,27.700001,27.780001,27.290001,27.370001,1533500,27.370001
2015-10-26,27.379999,27.969999,27.25,27.780001,1398100,27.780001
2015-10-23,28.139999,28.209999,27.23,27.440001,1627300,27.440001
2015-10-22,28.290001,28.370001,27.940001,28.030001,1812000,28.030001
2015-10-21,28.389999,28.780001,28.09,28.120001,1563200,28.120001
2015-10-20,28.219999,28.530001,28.07,28.23,1624200,28.23
2015-10-19,28.82,29.10,28.040001,28.23,3082700,28.23
2015-10-16,29.360001,29.620001,28.90,29.33,2544500,29.33
2015-10-15,30.26,30.48,29.07,29.40,2884600,29.40
2015-10-14,30.34,30.49,29.85,30.110001,1137400,30.110001
2015-10-13,30.57,30.959999,30.219999,30.27,1104300,30.27
2015-10-12,31.209999,31.34,30.67,30.74,1164500,30.74
2015-10-09,31.35,31.389999,30.60,31.219999,1303100,31.219999
2015-10-08,30.85,31.77,30.85,31.450001,1879600,31.450001
2015-10-07,30.93,31.01,30.559999,30.870001,991300,30.870001
2015-10-06,30.799999,31.00,30.27,30.58,1281500,30.58
2015-10-05,30.40,31.049999,30.40,30.99,2354600,30.99
2015-10-02,28.870001,30.16,28.60,30.139999,1832800,30.139999
2015-10-01,29.469999,29.469999,28.73,29.17,1668400,29.17
2015-09-30,29.190001,29.51,28.49,29.379999,2448700,29.379999
2015-09-29,28.639999,29.26,28.50,29.01,1232800,29.01
2015-09-28,29.280001,29.389999,28.629999,28.639999,1351300,28.639999
2015-09-25,29.68,30.08,29.17,29.42,2393100,29.42
2015-09-24,29.17,29.690001,29.02,29.52,1567800,29.52
2015-09-23,29.33,30.00,29.040001,29.290001,1156000,29.290001
2015-09-22,29.620001,29.99,28.889999,29.25,1125900,29.25
2015-09-21,29.530001,30.469999,29.530001,29.959999,2339300,29.959999
2015-09-18,29.52,29.950001,29.309999,29.459999,2173200,29.459999
2015-09-17,30.200001,30.49,29.76,29.83,1587000,29.83
2015-09-16,29.700001,30.360001,29.50,30.299999,1095500,30.299999
2015-09-15,30.299999,30.35,29.629999,29.690001,2025600,29.690001
2015-09-14,30.370001,30.639999,30.049999,30.200001,1021200,30.200001
2015-09-11,30.17,30.33,29.50,30.309999,2226900,30.309999
2015-09-10,30.57,31.16,30.24,30.299999,1901600,30.299999
2015-09-09,31.34,31.35,30.58,30.67,1366300,30.67
2015-09-08,31.440001,31.440001,30.610001,31.00,1752000,31.00
2015-09-04,31.07,31.450001,30.870001,31.10,1416500,31.10
2015-09-03,30.629999,31.57,30.629999,31.23,1848400,31.23
2015-09-02,30.799999,31.559999,30.389999,30.790001,1471200,30.790001
2015-09-01,30.309999,30.860001,30.00,30.50,1950700,30.50
2015-08-31,30.950001,31.50,30.67,30.860001,1655000,30.860001
2015-08-28,30.719999,31.459999,30.530001,31.049999,2870800,31.049999
2015-08-27,30.07,30.870001,29.959999,30.799999,2207200,30.799999
2015-08-26,29.459999,29.809999,29.18,29.77,2152800,29.77
2015-08-25,29.120001,29.60,28.75,28.82,3214600,28.82
2015-08-24,28.82,29.73,28.219999,28.540001,4033800,28.540001
2015-08-21,30.209999,30.90,29.73,30.15,3282500,30.15
2015-08-20,30.629999,30.889999,30.23,30.27,2950800,30.27
2015-08-19,31.459999,31.559999,30.92,30.950001,4080100,30.950001
2015-08-18,31.879999,32.82,30.969999,31.549999,6630300,31.549999
2015-08-17,32.34,32.560001,31.379999,32.23,5124400,32.23
2015-08-14,32.43,32.970001,31.969999,32.32,2096100,32.32
2015-08-13,32.459999,32.740002,32.23,32.34,1252800,32.34
2015-08-12,32.27,32.66,31.629999,32.57,1766600,32.57
2015-08-11,32.810001,33.099998,32.52,32.799999,859500,32.799999
2015-08-10,32.860001,33.32,32.73,33.16,755800,33.16
2015-08-07,32.349998,32.740002,32.00,32.59,1023600,32.59
2015-08-06,32.849998,32.860001,32.02,32.369999,1670300,32.369999
2015-08-05,32.580002,33.290001,32.490002,32.66,1070400,32.66
2015-08-04,32.360001,32.630001,32.299999,32.400002,1134900,32.400002
2015-08-03,32.560001,32.810001,32.200001,32.419998,1415400,32.419998
2015-07-31,32.52,32.900002,32.119999,32.619999,3953600,32.619999
2015-07-30,33.52,33.689999,32.889999,33.00,1500800,33.00
2015-07-29,33.439999,33.84,33.43,33.68,1197700,33.68
2015-07-28,33.650002,33.880001,32.919998,33.66,1413700,33.66
2015-07-27,33.630001,33.630001,33.00,33.459999,1495800,33.459999
2015-07-24,34.310001,34.360001,33.470001,33.720001,1895000,33.720001
2015-07-23,34.880001,35.119999,34.169998,34.32,1188000,34.32
2015-07-22,34.799999,35.080002,34.599998,34.860001,1141600,34.860001
2015-07-21,35.389999,35.68,34.849998,34.880001,1541700,34.880001
2015-07-20,35.029999,35.740002,35.029999,35.450001,978500,35.450001