2015-12-16,43.93,44.490002,43.41,44.360001,9994000,44.360001
2015-12-15,42.990002,43.84,42.919998,43.669998,6884600,43.669998
2015-12-14,42.299999,42.560001,41.84,42.43,6934400,42.43
2015-12-11,42.509998,42.77,41.939999,42.220001,6483500,42.220001
2015-12-10,43.060001,43.59,42.790001,43.18,6256600,43.18
2015-12-09,43.240002,43.810001,42.720001,43.009998,6694900,43.009998
2015-12-08,43.830002,44.02,43.360001,43.549999,6732100,43.549999
2015-12-07,44.139999,44.369999,43.77,44.110001,5705800,44.110001
2015-12-04,43.459999,44.419998,43.369999,44.34,8381300,44.34
2015-12-03,43.970001,43.970001,43.049999,43.200001,5473600,43.200001
2015-12-02,44.360001,44.450001,43.689999,43.77,6278900,43.77
2015-12-01,44.139999,44.43,43.889999,44.310001,4905100,44.310001
2015-11-30,43.93,44.119999,43.740002,43.889999,6486400,43.889999
2015-11-27,43.869999,43.990002,43.57,43.900002,2092800,43.900002
2015-11-25,43.900002,43.939999,43.639999,43.77,4284600,43.77
2015-11-24,43.57,43.990002,43.389999,43.860001,5955300,43.860001
2015-11-23,44.060001,44.18,43.689999,43.779999,6032900,43.779999
2015-11-20,44.389999,44.41,43.939999,44.040001,6977400,44.040001
2015-11-19,43.91,44.27,43.740002,44.150002,6414200,44.150002
2015-11-18,43.110001,43.98,42.939999,43.889999,8560200,43.889999
2015-11-17,43.18,43.490002,42.830002,43.02,6457700,43.02
2015-11-16,42.369999,43.130001,42.259998,43.110001,6042600,43.110001
2015-11-13,42.490002,42.810001,42.240002,42.380001,6646000,42.380001
2015-11-12,43.040001,43.07,42.68,42.720001,6991800,42.720001
2015-11-11,43.619999,43.740002,43.200001,43.330002,4852700,43.330002
2015-11-10,43.189999,43.529999,43.080002,43.360001,6170200,43.360001
2015-11-09,43.740002,43.860001,43.029999,43.34,6781300,43.34
2015-11-06,43.720001,44.240002,43.50,43.720001,12058000,43.720001
2015-11-05,42.619999,42.82,42.360001,42.630001,6377500,42.630001
2015-11-04,42.73,42.919998,42.490002,42.619999,4060800,42.619999
2015-11-03,42.599998,42.869999,42.23,42.700001,3559200,42.700001
2015-11-02,42.240002,42.84,42.240002,42.59,5523800,42.59
2015-10-30,42.98,42.990002,42.07,42.18,9148400,42.18
2015-10-29,42.98,43.220001,42.810001,43.00,5574500,43.00
2015-10-28,42.200001,43.23,42.09,43.060001,9443400,43.060001
2015-10-27,42.259998,42.459999,41.900002,42.099998,5796000,42.099998
2015-10-26,42.540001,42.779999,42.23,42.52,5262000,42.52
2015-10-23,42.150002,42.68,41.84,42.619999,9879400,42.619999
2015-10-22,41.360001,42.279999,41.360001,41.84,7961800,41.84
2015-10-21,41.490002,41.740002,41.07,41.099998,8864500,41.099998
2015-10-20,40.84,41.509998,40.75,41.25,6848700,41.25
2015-10-19,40.639999,41.110001,40.630001,40.73,7749200,40.73
2015-10-16,41.189999,41.540001,40.68,40.77,12446400,40.77
2015-10-15,41.220001,41.639999,40.68,41.009998,12242600,41.009998
2015-10-14,41.330002,41.369999,40.380001,40.50,10003800,40.50
2015-10-13,41.48,41.610001,41.330002,41.43,4328700,41.43
2015-10-12,41.669998,41.810001,41.419998,41.630001,3788000,41.630001
2015-10-09,42.029999,42.099998,41.349998,41.580002,4307300,41.580002
2015-10-08,41.560001,41.959999,41.389999,41.900002,5017900,41.900002
2015-10-07,41.790001,42.080002,41.549999,41.790001,4870400,41.790001
2015-10-06,41.450001,41.700001,41.32,41.490002,5352300,41.490002
2015-10-05,41.139999,41.639999,41.07,41.560001,6488900,41.560001
2015-10-02,39.98,40.75,39.279999,40.75,15273500,40.75
2015-10-01,41.02,41.310001,40.529999,41.130001,6274100,41.130001
2015-09-30,41.139999,41.259998,40.759998,41.009998,8825200,41.009998
2015-09-29,40.52,40.720001,40.18,40.650002,6411300,40.650002
2015-09-28,41.150002,41.34,40.299999,40.419998,9427500,40.419998
2015-09-25,41.470001,42.009998,41.299999,41.669998,8788400,41.414999
2015-09-24,40.59,40.849998,40.200001,40.759998,8418500,40.510568
2015-09-23,41.060001,41.240002,40.84,41.060001,3917700,40.808735
2015-09-22,40.779999,41.209999,40.700001,41.099998,8851600,40.848487
2015-09-21,41.470001,41.669998,41.110001,41.52,8472100,41.265919
2015-09-18,41.099998,41.279999,40.740002,41.169998,33377500,40.918059
2015-09-17,42.41,42.689999,41.459999,41.66,15542700,41.405062
2015-09-16,41.959999,42.41,41.75,42.360001,7683400,42.100779
2015-09-15,41.139999,42.189999,41.099998,42.00,11631300,41.742981
2015-09-14,40.91,41.16,40.740002,40.919998,8854000,40.669589
2015-09-11,40.939999,41.09,40.540001,41.060001,8327100,40.808735
2015-09-10,40.689999,41.43,40.650002,41.099998,9575000,40.848487
2015-09-09,41.91,42.02,40.790001,40.880001,7780300,40.629836
2015-09-08,41.400002,41.459999,40.799999,41.43,11072300,41.17647
2015-09-04,40.860001,41.00,40.209999,40.549999,8078400,40.301854
2015-09-03,41.169998,41.93,41.099998,41.439999,6721200,41.186407
2015-09-02,40.959999,41.099998,40.43,41.02,6052700,40.768979
2015-09-01,41.34,41.419998,40.00,40.27,12097800,40.023569
2015-08-31,42.299999,42.57,42.200001,42.349998,6342200,42.090838
2015-08-28,42.43,42.740002,42.259998,42.59,6053700,42.329371
2015-08-27,41.889999,42.630001,41.720001,42.580002,9832900,42.319434
2015-08-26,40.66,41.48,40.139999,41.41,12679500,41.156592
2015-08-25,42.040001,42.139999,39.720001,39.759998,16313700,39.516687
2015-08-24,40.32,41.970001,38.810001,40.75,19382200,40.500631
2015-08-21,43.639999,43.810001,42.759998,42.779999,10079800,42.518207
2015-08-20,44.880001,44.900002,44.099998,44.099998,7724500,43.830129
2015-08-19,45.540001,45.810001,45.259998,45.360001,6057400,45.082421
2015-08-18,45.669998,45.84,45.549999,45.75,3762100,45.470033
2015-08-17,45.299999,45.860001,45.209999,45.650002,4527200,45.370647
2015-08-14,45.07,45.639999,45.00,45.599998,4583500,45.32095
2015-08-13,44.970001,45.18,44.790001,45.07,3450700,44.794194
2015-08-12,45.119999,45.119999,44.259998,44.889999,5657200,44.615296
2015-08-11,45.50,45.720001,45.25,45.400002,5351800,45.122177
2015-08-10,45.459999,46.02,45.439999,46.02,5260300,45.738382
2015-08-07,45.220001,45.490002,44.84,45.110001,4616600,44.83395
2015-08-06,45.540001,45.709999,45.119999,45.209999,3566700,44.933337
2015-08-05,45.529999,45.73,45.259998,45.43,3765000,45.151992
2015-08-04,45.049999,45.48,44.970001,45.220001,4705900,44.943278
2015-08-03,45.130001,45.240002,44.790001,45.080002,5964000,44.804135
2015-07-31,45.119999,45.279999,44.919998,45.209999,6633800,44.933337
2015-07-30,44.799999,45.139999,44.799999,45.060001,6096800,44.784257
2015-07-29,44.73,45.110001,44.68,45.009998,7108900,44.73456
2015-07-28,45.029999,45.07,44.560001,44.73,7497300,44.456275
2015-07-27,44.98,45.029999,44.700001,44.799999,5963500,44.525846
2015-07-24,45.560001,45.709999,45.25,45.279999,6900900,45.002908
2015-07-23,45.91,46.200001,45.580002,45.66,7656400,45.380584
2015-07-22,45.68,46.110001,45.630001,45.950001,7022300,45.66881
2015-07-21,45.880001,46.029999,45.610001,45.740002,5547800,45.460096
2015-07-20,45.959999,46.139999,45.779999,45.84,5571000,45.559483