2015-12-16,93.970001,95.43,93.440002,95.129997,9782500,95.129997
2015-12-15,93.68,94.660004,93.230003,93.260002,6618000,93.260002
2015-12-14,93.300003,93.57,92.199997,93.029999,6711400,93.029999
2015-12-11,93.010002,94.629997,92.93,93.300003,9927400,93.300003
2015-12-10,94.07,94.669998,91.629997,93.870003,5750000,93.870003
2015-12-09,93.580002,95.580002,93.209999,94.160004,6888900,94.160004
2015-12-08,94.980003,95.32,93.900002,94.230003,7010100,94.230003
2015-12-07,95.620003,96.25,95.370003,95.910004,4673000,95.910004
2015-12-04,94.989998,96.629997,94.790001,95.730003,9216200,95.730003
2015-12-03,95.300003,95.800003,94.400002,94.699997,6082000,94.699997
2015-12-02,96.459999,96.830002,95.129997,95.25,3887800,95.25
2015-12-01,96.040001,97.449997,96.019997,96.699997,4595500,96.699997
2015-11-30,97.059998,97.25,95.940002,96.050003,5386600,96.050003
2015-11-27,97.010002,97.169998,96.540001,96.800003,1919700,96.800003
2015-11-25,97.410004,98.050003,97.25,97.269997,4336400,97.269997
2015-11-24,97.57,97.879997,96.459999,97.360001,5344100,97.360001
2015-11-23,98.18,98.580002,97.889999,98.089996,4177100,98.089996
2015-11-20,98.639999,99.550003,98.139999,98.220001,4898200,98.220001
2015-11-19,97.970001,98.889999,97.830002,98.300003,4366600,98.300003
2015-11-18,97.629997,97.860001,96.839996,97.709999,4202000,97.709999
2015-11-17,98.169998,98.300003,97.400002,97.550003,4528800,97.550003
2015-11-16,96.559998,97.860001,96.379997,97.830002,5098700,97.830002
2015-11-13,98.720001,99.639999,96.389999,96.480003,6218900,96.480003
2015-11-12,97.260002,99.730003,96.879997,99.220001,8808200,99.220001
2015-11-11,99.040001,99.400002,98.07,98.260002,2165900,98.260002
2015-11-10,98.830002,99.419998,97.949997,98.68,2738500,98.68
2015-11-09,100.599998,100.839996,99.209999,99.660004,3164700,99.020007
2015-11-06,100.040001,100.800003,99.290001,100.800003,2735100,100.152685
2015-11-05,100.43,100.989998,99.720001,100.800003,2832400,100.152685
2015-11-04,100.419998,101.040001,100.00,100.330002,3116100,99.685702
2015-11-03,99.379997,100.339996,98.800003,100.00,3090000,99.35782
2015-11-02,98.82,99.580002,98.349998,99.389999,3067500,98.751736
2015-10-30,99.029999,99.18,98.260002,98.410004,4010900,97.778034
2015-10-29,99.239998,99.610001,98.239998,99.050003,3287300,98.413923
2015-10-28,99.370003,99.519997,98.169998,99.32,3829900,98.682186
2015-10-27,99.800003,99.970001,98.709999,98.879997,3396500,98.245009
2015-10-26,100.620003,100.980003,100.00,100.230003,2701000,99.586346
2015-10-23,100.459999,100.900002,100.18,100.620003,5032900,99.973841
2015-10-22,98.290001,100.230003,98.099998,99.790001,5722400,99.149169
2015-10-21,96.239998,98.68,96.019997,97.970001,10498900,97.340857
2015-10-20,94.330002,97.690002,93.080002,95.620003,9005200,95.00595
2015-10-19,92.50,92.849998,91.209999,92.050003,5513800,91.458876
2015-10-16,94.00,94.150002,92.629997,93.00,3085400,92.402772
2015-10-15,92.709999,93.230003,92.150002,93.18,3829800,92.581617
2015-10-14,94.269997,94.860001,91.760002,92.169998,5608300,91.5781
2015-10-13,94.169998,94.75,93.639999,94.279999,4079300,93.674551
2015-10-12,94.940002,95.470001,94.610001,95.43,3194900,94.817168
2015-10-09,94.669998,95.940002,94.510002,95.370003,4099900,94.757555
2015-10-08,92.860001,94.389999,92.839996,94.330002,4051800,93.724233
2015-10-07,94.00,94.160004,92.57,93.510002,3516100,92.909499
2015-10-06,92.150002,92.849998,92.010002,92.550003,3386600,91.955665
2015-10-05,90.440002,92.480003,90.220001,92.260002,4912500,91.667526
2015-10-02,87.489998,89.889999,86.82,89.769997,4624200,89.193511
2015-10-01,88.900002,89.43,87.529999,88.360001,3668600,87.79257
2015-09-30,88.639999,89.57,88.080002,88.989998,5065900,88.418522
2015-09-29,86.580002,88.080002,86.459999,87.980003,4117600,87.415013
2015-09-28,86.599998,87.470001,86.290001,86.830002,5343700,86.272397
2015-09-25,87.629997,88.169998,86.730003,87.300003,7447600,86.73938
2015-09-24,85.75,86.989998,85.50,86.82,7126800,86.262459
2015-09-23,88.150002,88.379997,85.900002,86.959999,7324200,86.401559
2015-09-22,88.980003,89.699997,87.660004,88.199997,7911700,87.633594
2015-09-21,91.330002,92.169998,91.00,91.550003,2981200,90.962087
2015-09-18,92.410004,92.599998,90.529999,91.07,10468800,90.485166
2015-09-17,93.889999,94.919998,93.139999,93.309998,5205800,92.710779
2015-09-16,92.720001,94.110001,92.68,93.940002,3504200,93.336738
2015-09-15,92.620003,93.110001,92.080002,92.68,4107700,92.084827
2015-09-14,92.300003,92.440002,91.389999,91.830002,3279200,91.240288
2015-09-11,91.199997,92.339996,91.00,92.330002,4490200,91.737077
2015-09-10,92.040001,92.089996,90.889999,91.400002,6120700,90.813049
2015-09-09,93.650002,93.839996,91.739998,91.849998,4783500,91.260156
2015-09-08,92.150002,92.959999,91.949997,92.82,4814800,92.223928
2015-09-04,90.82,91.150002,90.360001,90.68,4562800,90.097671
2015-09-03,92.00,92.580002,91.639999,91.910004,4534600,91.319776
2015-09-02,90.940002,91.260002,89.970001,91.239998,5642000,90.654072
2015-09-01,89.489998,90.68,89.279999,89.720001,6786600,89.143837
2015-08-31,91.209999,92.620003,90.540001,91.610001,7073400,91.021699
2015-08-28,92.849998,93.550003,92.669998,93.239998,5230200,92.641229
2015-08-27,92.519997,93.480003,91.550003,93.269997,7473800,92.671035
2015-08-26,90.690002,91.690002,88.809998,91.559998,7380300,90.972017
2015-08-25,93.360001,93.75,88.690002,88.800003,8283500,88.229747
2015-08-24,88.669998,93.190002,87.169998,90.870003,10994900,90.286453
2015-08-21,94.959999,95.220001,92.919998,93.010002,7624400,92.41271
2015-08-20,97.50,98.150002,95.82,95.82,6084000,95.204662
2015-08-19,98.699997,99.370003,97.870003,98.209999,3619800,97.579314
2015-08-18,98.959999,100.019997,98.959999,99.410004,4730400,98.771612
2015-08-17,98.129997,99.43,97.610001,99.360001,4228400,98.72193
2015-08-14,98.110001,98.879997,97.989998,98.699997,4413300,98.066165
2015-08-13,98.540001,99.00,98.059998,98.379997,4689900,97.74822
2015-08-12,97.25,98.839996,96.650002,98.690002,4618800,98.056235
2015-08-11,98.68,98.889999,98.00,98.610001,7671400,97.340853
2015-08-10,98.849998,99.790001,98.849998,99.550003,6068400,98.268758
2015-08-07,98.720001,98.989998,98.00,98.290001,2897100,97.024972
2015-08-06,98.989998,99.209999,98.360001,98.980003,4198400,97.706094
2015-08-05,99.970001,100.129997,98.730003,98.870003,3895600,97.597509
2015-08-04,100.029999,100.120003,98.910004,99.029999,5557600,97.755446
2015-08-03,100.309998,100.309998,98.18,99.419998,7123700,98.140426
2015-07-31,100.919998,101.489998,100.25,100.309998,7217200,99.018971
2015-07-30,99.379997,101.290001,99.00,100.730003,6739100,99.433571
2015-07-29,99.089996,99.580002,97.589996,99.360001,11935800,98.081201
2015-07-28,99.029999,99.279999,98.019997,98.970001,5583000,97.696221
2015-07-27,98.779999,99.540001,98.379997,98.870003,7560400,97.597509
2015-07-24,101.00,101.190002,99.260002,99.309998,6588000,98.031841
2015-07-23,102.18,102.190002,100.739998,101.139999,5925700,99.83829
2015-07-22,102.260002,102.50,100.889999,101.550003,9433700,100.243017
2015-07-21,104.349998,104.949997,101.779999,102.709999,19540100,101.388083
2015-07-20,110.970001,111.010002,109.510002,110.480003,7487000,109.058085