2015-12-16,68.290001,70.650002,68.00,70.199997,9070900,70.199997
2015-12-15,68.300003,69.300003,67.279999,68.309998,6447100,68.309998
2015-12-14,67.00,67.68,65.040001,67.550003,7925200,67.550003
2015-12-11,70.129997,70.650002,67.32,67.510002,7619800,67.510002
2015-12-10,70.50,72.32,69.440002,71.379997,5081800,71.379997
2015-12-09,70.580002,71.089996,68.910004,69.879997,5092500,69.879997
2015-12-08,69.650002,71.580002,69.650002,70.529999,5428500,70.529999
2015-12-07,70.849998,71.720001,69.519997,70.790001,7435000,70.790001
2015-12-04,70.209999,71.720001,69.75,71.389999,6189800,71.389999
2015-12-03,72.019997,72.459999,69.75,69.989998,6506400,69.989998
2015-12-02,72.43,73.699997,71.339996,71.690002,4252000,71.690002
2015-12-01,72.480003,72.900002,71.260002,72.57,4562100,72.57
2015-11-30,72.949997,73.07,71.25,71.860001,7250600,71.860001
2015-11-27,72.599998,73.199997,72.379997,72.940002,1767400,72.940002
2015-11-25,72.809998,73.800003,72.660004,72.93,3637900,72.93
2015-11-24,72.629997,73.879997,71.839996,73.029999,5702700,73.029999
2015-11-23,72.220001,73.00,71.169998,72.68,5119900,72.68
2015-11-20,71.300003,72.199997,71.139999,71.980003,4114800,71.980003
2015-11-19,70.43,71.629997,70.010002,71.139999,5569200,71.139999
2015-11-18,70.120003,70.760002,69.169998,70.660004,3790200,70.160003
2015-11-17,69.589996,70.50,69.309998,70.00,3394700,69.50467
2015-11-16,68.790001,69.739998,68.199997,69.669998,3558300,69.177003
2015-11-13,69.360001,69.849998,68.610001,68.959999,3844100,68.472028
2015-11-12,70.480003,70.760002,68.860001,69.410004,5271800,68.918848
2015-11-11,71.339996,72.00,70.489998,71.169998,3308700,70.666389
2015-11-10,70.32,71.760002,69.75,71.32,4309200,70.815329
2015-11-09,72.040001,72.699997,70.110001,70.489998,4808400,69.9912
2015-11-06,71.629997,72.660004,71.029999,71.949997,4803000,71.440868
2015-11-05,70.959999,72.349998,70.620003,71.93,6613300,71.421013
2015-11-04,69.800003,71.389999,69.699997,71.099998,8324300,70.596885
2015-11-03,67.980003,70.040001,67.610001,69.599998,6467800,69.107499
2015-11-02,65.779999,68.379997,65.459999,68.029999,5043200,67.548609
2015-10-30,66.18,66.510002,65.529999,65.919998,5787000,65.453539
2015-10-29,63.279999,65.970001,63.209999,65.809998,7268200,65.344317
2015-10-28,62.50,64.470001,61.669998,63.419998,7538500,62.971229
2015-10-27,61.639999,62.73,61.349998,62.459999,6828900,62.018023
2015-10-26,61.720001,62.41,61.279999,61.900002,4486300,61.461988
2015-10-23,60.540001,62.52,60.48,61.75,4929800,61.313048
2015-10-22,59.77,60.580002,59.049999,60.360001,6128800,59.932885
2015-10-21,60.299999,60.59,59.16,59.299999,4811300,58.880384
2015-10-20,61.240002,61.299999,58.98,60.080002,6117600,59.654867
2015-10-19,63.240002,63.310001,61.110001,61.43,6017100,60.995313
2015-10-16,63.68,63.790001,62.790001,63.75,4309600,63.298896
2015-10-15,61.880001,63.419998,61.59,63.34,4349700,62.891797
2015-10-14,62.360001,62.470001,61.200001,61.380001,4779100,60.945667
2015-10-13,64.209999,64.440002,61.91,62.16,6751800,61.720147
2015-10-12,64.480003,64.739998,63.73,64.50,3297200,64.043589
2015-10-09,65.25,66.379997,63.23,64.199997,6652900,63.745709
2015-10-08,64.25,66.139999,64.230003,65.709999,4850600,65.245026
2015-10-07,64.639999,64.889999,62.759998,64.589996,5989300,64.132948
2015-10-06,64.519997,64.860001,63.099998,63.939999,6316200,63.48755
2015-10-05,63.98,64.860001,63.700001,64.580002,6664700,64.123024
2015-10-02,61.52,63.119999,60.529999,63.099998,5017000,62.653494
2015-10-01,60.259998,62.349998,59.720001,62.240002,6856100,61.799582
2015-09-30,59.549999,60.68,59.150002,60.099998,6383400,59.674722
2015-09-29,58.32,60.09,58.209999,58.740002,6885600,58.324349
2015-09-28,60.34,61.290001,57.639999,57.880001,6749900,57.470434
2015-09-25,60.169998,61.27,59.470001,60.810001,6660000,60.379701
2015-09-24,59.349998,60.639999,58.619999,59.799999,5785000,59.376846
2015-09-23,59.540001,61.040001,59.220001,59.82,6299600,59.396705
2015-09-22,58.970001,59.939999,58.669998,59.220001,5451900,58.800952
2015-09-21,60.419998,61.080002,59.50,59.689999,5210400,59.267624
2015-09-18,59.709999,60.939999,59.59,59.91,8796400,59.486068
2015-09-17,59.98,61.610001,59.32,60.59,6079400,60.161257
2015-09-16,61.450001,61.48,59.209999,60.299999,10914500,59.873308
2015-09-15,60.799999,61.720001,60.040001,61.439999,5840500,61.00524
2015-09-14,62.689999,62.689999,60.619999,60.73,5835100,60.300265
2015-09-11,62.50,63.23,61.889999,62.91,5347200,62.46484
2015-09-10,61.639999,63.59,61.599998,62.950001,7188100,62.504557
2015-09-09,61.200001,62.900002,61.060001,61.639999,8970700,61.203826
2015-09-08,59.59,61.189999,59.349998,60.830002,7428200,60.39956
2015-09-04,58.580002,59.689999,57.869999,58.459999,6323200,58.046328
2015-09-03,59.060001,60.50,59.060001,59.400002,7003100,58.979679
2015-09-02,58.27,59.040001,57.049999,59.009998,7724000,58.592435
2015-09-01,58.029999,58.299999,56.650002,57.400002,9612300,56.993831
2015-08-31,58.689999,60.880001,58.209999,59.34,9326100,58.920102
2015-08-28,58.84,59.790001,58.290001,59.00,7686600,58.582507
2015-08-27,60.619999,60.709999,56.66,58.349998,11148900,57.937105
2015-08-26,58.970001,59.119999,56.439999,58.849998,9098900,58.433567
2015-08-25,60.73,61.00,57.549999,57.610001,9937500,57.202344
2015-08-24,55.709999,60.450001,51.68,58.52,10953700,58.105904
2015-08-21,65.00,65.129997,61.099998,61.139999,12583900,60.707364
2015-08-20,67.599998,68.540001,67.099998,67.25,5956300,66.774129
2015-08-19,69.349998,69.370003,67.339996,67.870003,6032800,67.389745
2015-08-18,69.629997,70.00,68.650002,69.470001,3978500,68.978421
2015-08-17,67.699997,69.860001,67.57,69.720001,4713700,69.226652
2015-08-14,69.389999,69.690002,67.779999,68.120003,6132400,67.637976
2015-08-13,70.290001,71.50,69.169998,69.68,8978500,69.186935
2015-08-12,70.010002,70.779999,68.559998,70.190002,8399900,69.693328
2015-08-11,68.120003,70.629997,67.599998,70.43,7584800,69.931627
2015-08-10,65.970001,69.040001,65.769997,69.00,8464200,68.511746
2015-08-07,65.120003,65.699997,64.449997,65.419998,3951100,64.957077
2015-08-06,64.510002,65.93,64.00,65.68,5103000,65.215239
2015-08-05,65.370003,66.00,64.139999,64.82,7818700,64.361324
2015-08-04,64.739998,65.120003,63.669998,64.43,5994600,63.974084
2015-08-03,65.550003,66.330002,64.50,64.660004,5330700,64.20246
2015-07-31,64.160004,66.239998,63.970001,65.599998,7003300,65.135803
2015-07-30,64.849998,64.849998,62.790001,64.230003,9201500,63.378332
2015-07-29,64.970001,66.160004,63.799999,66.040001,7179000,65.16433
2015-07-28,64.419998,65.239998,63.509998,65.07,4990500,64.20719
2015-07-27,65.230003,65.230003,63.759998,64.379997,5845200,63.526337
2015-07-24,66.129997,66.480003,65.150002,65.699997,5714600,64.828834
2015-07-23,66.779999,66.980003,65.449997,65.720001,5477600,64.848573
2015-07-22,66.300003,68.160004,65.790001,66.669998,6134500,65.785973
2015-07-21,66.550003,67.330002,66.019997,66.32,4126700,65.440616
2015-07-20,67.720001,68.129997,66.510002,66.57,5195900,65.687301