2015-12-16,98.760002,100.510002,98.129997,100.160004,982500,100.160004
2015-12-15,98.199997,99.099998,98.169998,98.330002,1026000,98.330002
2015-12-14,96.470001,97.709999,95.709999,97.650002,938300,97.650002
2015-12-11,96.230003,97.309998,95.790001,96.599998,917500,96.599998
2015-12-10,97.550003,97.900002,96.330002,96.900002,702300,96.900002
2015-12-09,97.50,98.290001,96.709999,97.529999,573000,97.529999
2015-12-08,97.959999,98.400002,97.309998,98.00,565200,98.00
2015-12-07,97.650002,98.419998,97.190002,98.139999,670400,98.139999
2015-12-04,96.839996,98.489998,96.510002,97.790001,721000,97.790001
2015-12-03,96.50,97.050003,95.809998,96.379997,961000,96.379997
2015-12-02,98.209999,99.110001,96.870003,97.059998,726500,97.059998
2015-12-01,97.410004,98.849998,97.120003,98.82,694500,98.82
2015-11-30,97.730003,97.970001,96.599998,96.760002,911000,96.760002
2015-11-27,96.650002,97.830002,96.599998,97.550003,312600,97.550003
2015-11-25,97.269997,97.82,96.370003,96.860001,589400,96.860001
2015-11-24,96.769997,97.629997,96.220001,97.339996,756700,97.339996
2015-11-23,96.980003,97.510002,96.870003,97.260002,418500,97.260002
2015-11-20,96.709999,97.379997,96.610001,97.190002,784900,97.190002
2015-11-19,95.809998,96.470001,95.379997,96.190002,430700,96.190002
2015-11-18,94.639999,95.75,94.120003,95.639999,472400,95.639999
2015-11-17,94.379997,95.290001,94.129997,94.160004,446800,94.160004
2015-11-16,93.580002,94.699997,93.059998,94.669998,563300,94.669998
2015-11-13,94.629997,95.660004,93.440002,93.580002,569600,93.580002
2015-11-12,95.690002,95.940002,94.660004,94.75,511500,94.75
2015-11-11,96.029999,96.269997,95.419998,95.989998,594700,95.989998
2015-11-10,95.110001,96.129997,95.010002,95.699997,771500,95.699997
2015-11-09,96.480003,96.669998,94.099998,95.00,855400,95.00
2015-11-06,97.760002,98.199997,95.550003,96.480003,991100,96.480003
2015-11-05,99.699997,100.010002,99.120003,99.779999,918800,99.149996
2015-11-04,101.00,101.339996,99.529999,99.900002,994800,99.269241
2015-11-03,103.260002,103.260002,98.709999,100.800003,1287200,100.16356
2015-11-02,100.559998,103.410004,98.309998,103.410004,935700,102.757081
2015-10-30,100.690002,100.870003,100.089996,100.550003,1478000,99.915138
2015-10-29,100.169998,100.809998,99.970001,100.699997,454100,100.064185
2015-10-28,99.690002,100.75,98.510002,100.720001,972600,100.084063
2015-10-27,99.470001,100.029999,98.940002,99.540001,504100,98.911513
2015-10-26,99.739998,99.879997,99.059998,99.760002,618500,99.130125
2015-10-23,100.110001,100.779999,98.790001,99.529999,1101400,98.901574
2015-10-22,99.209999,100.610001,98.949997,100.209999,821000,99.577281
2015-10-21,99.879997,100.300003,98.779999,98.82,534900,98.196058
2015-10-20,99.75,100.589996,98.839996,99.519997,777800,98.891635
2015-10-19,98.150002,100.269997,98.00,100.230003,776800,99.597159
2015-10-16,98.160004,98.809998,97.82,98.269997,676800,97.649528
2015-10-15,95.940002,97.690002,95.620003,97.629997,1098500,97.013569
2015-10-14,95.940002,96.209999,94.989998,95.419998,534500,94.817524
2015-10-13,96.099998,96.50,94.989998,95.690002,786300,95.085823
2015-10-12,95.300003,96.290001,95.110001,96.239998,667400,95.632346
2015-10-09,95.82,96.00,94.68,95.230003,556800,94.628729
2015-10-08,94.029999,95.949997,93.779999,95.879997,785200,95.274619
2015-10-07,93.010002,94.370003,92.959999,94.300003,952800,93.7046
2015-10-06,92.690002,93.290001,92.160004,92.879997,512600,92.29356
2015-10-05,92.150002,92.970001,91.730003,92.900002,658100,92.313438
2015-10-02,90.300003,91.709999,89.57,91.699997,659300,91.121011
2015-10-01,90.849998,90.959999,89.32,90.57,708400,89.998148
2015-09-30,91.330002,91.559998,89.839996,90.419998,1010200,89.849094
2015-09-29,89.690002,90.809998,89.550003,90.629997,613300,90.057767
2015-09-28,90.400002,90.739998,89.239998,89.660004,725900,89.093898
2015-09-25,91.389999,91.769997,90.25,91.110001,510200,90.534739
2015-09-24,90.970001,91.529999,90.019997,90.589996,799400,90.018018
2015-09-23,91.089996,91.839996,90.540001,91.379997,567600,90.803031
2015-09-22,91.669998,92.129997,90.760002,91.029999,873300,90.455243
2015-09-21,92.050003,93.010002,91.650002,92.330002,656600,91.747038
2015-09-18,90.540001,92.900002,90.540001,91.760002,1499900,91.180637
2015-09-17,90.879997,93.610001,90.620003,92.019997,835700,91.43899
2015-09-16,89.599998,91.220001,89.260002,90.989998,642900,90.415494
2015-09-15,88.510002,89.989998,88.00,89.800003,816100,89.233013
2015-09-14,89.089996,89.089996,88.110001,88.50,711700,87.941218
2015-09-11,86.599998,88.889999,86.260002,88.870003,851400,88.308885
2015-09-10,85.699997,87.82,85.699997,86.870003,770000,86.321512
2015-09-09,87.550003,87.599998,85.809998,86.040001,845000,85.496751
2015-09-08,86.370003,86.830002,85.459999,86.610001,959600,86.063152
2015-09-04,86.480003,86.57,84.599998,84.919998,996300,84.38382
2015-09-03,87.459999,88.190002,87.029999,87.279999,806100,86.72892
2015-09-02,86.760002,87.589996,86.339996,87.230003,729900,86.67924
2015-09-01,85.800003,87.129997,85.18,85.980003,1082500,85.437132
2015-08-31,89.269997,90.120003,87.129997,87.190002,1183600,86.639492
2015-08-28,89.889999,90.809998,88.739998,89.519997,929900,88.954775
2015-08-27,88.589996,91.239998,88.470001,90.279999,980700,89.709978
2015-08-26,86.25,88.290001,85.440002,88.120003,1320000,87.56362
2015-08-25,89.349998,89.349998,84.730003,84.800003,1191900,84.264583
2015-08-24,92.160004,92.529999,87.139999,87.43,1512300,86.877974
2015-08-21,93.860001,94.330002,92.120003,92.160004,1148300,91.578113
2015-08-20,94.970001,95.220001,94.220001,94.43,813300,93.833777
2015-08-19,96.190002,96.480003,95.050003,95.43,587000,94.827463
2015-08-18,96.760002,97.279999,96.300003,96.68,599200,96.069571
2015-08-17,96.900002,97.860001,96.089996,96.940002,650100,96.327931
2015-08-14,96.849998,97.040001,96.089996,96.93,613800,96.317992
2015-08-13,96.580002,97.580002,95.769997,97.050003,735800,96.437237
2015-08-12,96.059998,96.919998,95.760002,96.900002,567300,96.288183
2015-08-11,95.720001,97.059998,95.220001,96.550003,734600,95.940394
2015-08-10,95.75,96.169998,95.25,95.830002,758600,95.224939
2015-08-07,94.730003,96.099998,93.709999,95.129997,721900,94.529354
2015-08-06,95.639999,95.800003,93.849998,95.169998,863900,93.943083
2015-08-05,97.07,97.099998,95.410004,95.639999,803000,94.407025
2015-08-04,97.599998,97.949997,95.730003,96.690002,781800,95.443491
2015-08-03,97.580002,98.129997,97.00,97.879997,513800,96.618145
2015-07-31,97.650002,98.120003,97.160004,97.550003,1084300,96.292405
2015-07-30,97.00,97.150002,96.129997,96.43,454600,95.186841
2015-07-29,96.220001,97.309998,95.400002,97.050003,693200,95.798851
2015-07-28,96.230003,96.660004,95.720001,96.269997,498300,95.0289
2015-07-27,95.910004,96.970001,95.830002,96.309998,788200,95.068386
2015-07-24,95.720001,96.43,95.419998,96.029999,595300,94.791996
2015-07-23,96.769997,96.800003,95.139999,95.889999,715000,94.653802
2015-07-22,96.559998,97.300003,96.379997,96.940002,1085800,95.690269
2015-07-21,96.870003,97.459999,96.440002,96.470001,925200,95.226326
2015-07-20,97.220001,97.290001,96.510002,96.790001,830700,95.542201