2015-12-16,90.239998,91.269997,88.300003,90.010002,1147300,90.010002
2015-12-15,89.720001,90.290001,89.199997,89.970001,1879900,89.970001
2015-12-14,88.949997,89.489998,88.00,88.860001,1451000,88.860001
2015-12-11,90.00,90.620003,88.690002,89.040001,1557000,89.040001
2015-12-10,91.279999,91.730003,90.57,90.870003,980400,90.870003
2015-12-09,91.919998,93.110001,91.120003,91.279999,1256900,91.279999
2015-12-08,92.029999,93.760002,91.510002,92.57,1400900,92.57
2015-12-07,93.110001,93.709999,91.919998,92.489998,628000,92.489998
2015-12-04,92.089996,93.940002,91.50,93.120003,1113100,93.120003
2015-12-03,90.209999,93.25,90.209999,92.040001,1630300,92.040001
2015-12-02,90.25,91.040001,89.120003,89.510002,1329400,89.510002
2015-12-01,89.440002,91.099998,89.440002,90.900002,1148000,90.900002
2015-11-30,89.620003,90.129997,88.93,89.440002,1340700,89.440002
2015-11-27,89.279999,89.68,88.790001,89.300003,302600,89.300003
2015-11-25,88.629997,89.599998,88.459999,89.389999,678800,89.389999
2015-11-24,89.870003,89.870003,87.57,88.540001,3040900,88.540001
2015-11-23,90.330002,91.220001,89.43,90.18,1784100,90.18
2015-11-20,86.860001,90.800003,86.760002,90.300003,3801100,90.300003
2015-11-19,85.830002,86.660004,85.599998,86.599998,783800,86.599998
2015-11-18,84.639999,86.550003,84.209999,86.269997,993700,86.269997
2015-11-17,83.419998,84.43,83.080002,83.919998,661700,83.919998
2015-11-16,81.760002,83.43,81.470001,83.370003,692300,83.370003
2015-11-13,82.120003,82.400002,81.449997,81.559998,517000,81.559998
2015-11-12,82.379997,83.209999,81.699997,82.25,678400,82.25
2015-11-11,82.290001,82.93,81.690002,82.529999,646400,82.529999
2015-11-10,80.830002,81.779999,80.540001,81.720001,2811200,81.720001
2015-11-09,82.110001,82.370003,80.769997,81.239998,980600,81.239998
2015-11-06,80.919998,82.580002,80.919998,82.510002,1680000,82.510002
2015-11-05,81.620003,82.150002,80.940002,81.300003,584300,81.300003
2015-11-04,81.019997,81.489998,80.760002,81.279999,624000,81.279999
2015-11-03,81.800003,82.040001,80.669998,80.93,833300,80.93
2015-11-02,80.860001,81.830002,80.040001,81.720001,610000,81.720001
2015-10-30,80.739998,81.489998,80.379997,80.599998,739800,80.599998
2015-10-29,80.839996,81.190002,80.190002,80.739998,891700,80.739998
2015-10-28,79.470001,80.959999,79.470001,80.900002,1034400,80.900002
2015-10-27,80.209999,80.459999,79.419998,79.830002,944300,79.830002
2015-10-26,80.139999,81.209999,79.309998,80.470001,1239100,80.470001
2015-10-23,75.82,81.400002,75.410004,80.18,3592300,80.18
2015-10-22,74.769997,75.739998,74.769997,75.410004,899400,75.410004
2015-10-21,75.93,76.139999,74.419998,74.459999,564700,74.459999
2015-10-20,75.629997,76.110001,75.260002,75.790001,744200,75.790001
2015-10-19,74.610001,75.550003,74.129997,75.50,570600,75.50
2015-10-16,74.959999,75.040001,74.309998,74.669998,864100,74.669998
2015-10-15,74.830002,74.900002,74.050003,74.660004,496300,74.660004
2015-10-14,74.68,75.110001,74.089996,74.330002,1962000,74.330002
2015-10-13,75.220001,75.290001,74.50,74.57,588700,74.57
2015-10-12,75.199997,75.68,75.00,75.300003,749600,75.300003
2015-10-09,74.760002,75.169998,74.440002,75.07,1105600,75.07
2015-10-08,74.400002,74.75,73.190002,74.709999,665900,74.709999
2015-10-07,73.440002,74.709999,73.220001,74.540001,1112700,74.540001
2015-10-06,75.110001,75.169998,72.989998,73.269997,1898000,73.269997
2015-10-05,73.699997,75.00,73.370003,74.879997,1354000,74.879997
2015-10-02,71.150002,73.32,70.519997,73.309998,1117300,73.309998
2015-10-01,70.760002,71.75,70.209999,71.419998,1984600,71.419998
2015-09-30,69.120003,70.68,68.919998,70.559998,1023600,70.559998
2015-09-29,67.559998,68.260002,67.040001,68.190002,723600,68.190002
2015-09-28,69.160004,69.989998,67.339996,67.639999,818600,67.639999
2015-09-25,70.150002,70.199997,68.93,69.309998,403900,69.309998
2015-09-24,69.839996,69.860001,68.720001,69.599998,567000,69.599998
2015-09-23,70.050003,70.720001,69.720001,70.25,563500,70.25
2015-09-22,70.230003,70.730003,69.610001,69.889999,508300,69.889999
2015-09-21,70.110001,71.190002,69.440002,71.099998,662400,71.099998
2015-09-18,69.639999,70.339996,69.480003,69.949997,2215900,69.949997
2015-09-17,70.589996,71.290001,70.260002,70.489998,546800,70.489998
2015-09-16,70.239998,70.739998,69.989998,70.610001,578400,70.610001
2015-09-15,69.32,70.309998,69.080002,70.160004,771100,70.160004
2015-09-14,69.330002,69.440002,68.660004,69.220001,939900,69.220001
2015-09-11,68.50,69.160004,68.300003,69.160004,476600,69.160004
2015-09-10,67.760002,69.169998,67.760002,68.790001,584000,68.790001
2015-09-09,68.760002,69.169998,67.959999,68.099998,825100,68.099998
2015-09-08,68.300003,68.410004,67.099998,68.230003,822600,68.230003
2015-09-04,66.980003,67.529999,66.790001,67.129997,640500,67.129997
2015-09-03,68.230003,68.779999,67.849998,68.230003,605100,68.230003
2015-09-02,67.599998,68.089996,66.610001,68.040001,1121600,68.040001
2015-09-01,67.839996,67.949997,66.25,66.559998,754800,66.559998
2015-08-31,69.400002,69.610001,68.650002,68.940002,954400,68.940002
2015-08-28,69.209999,69.860001,68.440002,69.550003,920600,69.550003
2015-08-27,68.709999,69.860001,68.199997,69.849998,1652400,69.849998
2015-08-26,67.290001,68.129997,65.919998,68.080002,1841300,68.080002
2015-08-25,67.550003,67.919998,65.769997,65.919998,1670100,65.919998
2015-08-24,64.599998,66.970001,64.00,65.940002,1910700,65.940002
2015-08-21,68.709999,69.209999,67.769997,67.809998,1143700,67.809998
2015-08-20,70.00,70.019997,68.940002,69.150002,1133700,69.150002
2015-08-19,70.779999,71.160004,70.400002,70.580002,710500,70.580002
2015-08-18,71.190002,71.580002,70.82,70.93,521400,70.93
2015-08-17,71.150002,71.360001,70.709999,71.190002,606400,71.190002
2015-08-14,70.629997,71.18,70.389999,71.089996,591400,71.089996
2015-08-13,70.699997,71.00,69.93,70.620003,565800,70.620003
2015-08-12,70.410004,70.779999,69.889999,70.720001,1410600,70.720001
2015-08-11,70.93,71.290001,70.389999,70.860001,1521200,70.860001
2015-08-10,71.550003,71.639999,71.199997,71.370003,585400,71.370003
2015-08-07,71.00,71.18,70.239998,70.900002,937400,70.900002
2015-08-06,71.040001,71.269997,70.169998,70.620003,976200,70.620003
2015-08-05,71.349998,71.82,70.830002,71.07,897900,71.07
2015-08-04,70.449997,71.080002,70.32,70.879997,581100,70.879997
2015-08-03,70.610001,70.889999,69.970001,70.629997,843100,70.629997
2015-07-31,71.230003,71.730003,70.800003,70.940002,867500,70.940002
2015-07-30,70.400002,71.269997,70.050003,71.029999,1031500,71.029999
2015-07-29,70.129997,70.550003,69.610001,70.540001,1547800,70.540001
2015-07-28,68.519997,70.080002,68.089996,69.970001,1440300,69.970001
2015-07-27,67.330002,68.25,67.239998,67.93,1903000,67.93
2015-07-24,65.830002,70.989998,65.150002,67.730003,2755500,67.730003
2015-07-23,65.849998,66.400002,65.629997,66.019997,1227600,66.019997
2015-07-22,65.019997,65.879997,65.00,65.849998,817800,65.849998
2015-07-21,65.400002,65.68,65.029999,65.080002,742200,65.080002
2015-07-20,65.010002,65.709999,64.760002,65.529999,576800,65.529999