2015-12-16,45.93,46.57,45.700001,46.509998,18674400,46.509998
2015-12-15,45.52,45.860001,45.209999,45.549999,16578400,45.549999
2015-12-14,44.84,45.50,44.68,45.450001,16615200,45.450001
2015-12-11,45.32,45.349998,44.73,44.82,16380600,44.82
2015-12-10,45.470001,45.66,45.200001,45.32,10347100,45.32
2015-12-09,45.580002,46.130001,45.119999,45.360001,13461600,45.360001
2015-12-08,45.669998,45.990002,45.439999,45.700001,13755300,45.700001
2015-12-07,45.459999,46.119999,45.450001,46.060001,13156500,46.060001
2015-12-04,44.740002,45.779999,44.709999,45.709999,14153400,45.709999
2015-12-03,44.880001,45.049999,44.330002,44.560001,17062700,44.560001
2015-12-02,45.450001,45.549999,44.869999,44.919998,11819500,44.919998
2015-12-01,45.509998,45.889999,45.330002,45.580002,10531400,45.580002
2015-11-30,45.25,45.639999,44.959999,45.450001,18333500,45.450001
2015-11-27,44.84,45.389999,44.830002,45.23,4108300,45.23
2015-11-25,45.110001,45.130001,44.889999,44.919998,7013900,44.919998
2015-11-24,44.75,45.34,44.68,45.189999,11127400,45.189999
2015-11-23,45.310001,45.50,44.939999,44.990002,10290100,44.990002
2015-11-20,45.959999,45.990002,45.32,45.389999,12229700,45.389999
2015-11-19,45.439999,45.869999,45.349998,45.759998,9320900,45.759998
2015-11-18,45.080002,45.43,44.580002,45.380001,13585600,45.380001
2015-11-17,45.009998,45.32,44.93,45.080002,10657500,45.080002
2015-11-16,44.259998,45.07,44.18,45.040001,10112500,45.040001
2015-11-13,44.73,44.990002,44.220001,44.23,12615600,44.23
2015-11-12,45.02,45.09,44.77,44.830002,11053500,44.830002
2015-11-11,45.360001,45.540001,45.130001,45.32,7904000,45.32
2015-11-10,45.27,45.330002,44.799999,45.099998,9996700,45.099998
2015-11-09,45.529999,45.540001,45.029999,45.299999,10743200,45.299999
2015-11-06,45.990002,46.029999,45.290001,45.779999,14144400,45.779999
2015-11-05,46.200001,46.43,46.099998,46.200001,11646900,46.200001
2015-11-04,46.580002,46.650002,46.040001,46.139999,9702000,46.139999
2015-11-03,46.700001,46.75,46.18,46.450001,11900900,46.450001
2015-11-02,47.02,47.080002,46.52,46.779999,11689100,46.779999
2015-10-30,46.43,46.98,46.279999,46.880001,14753200,46.880001
2015-10-29,46.490002,46.560001,46.00,46.400002,7902300,46.400002
2015-10-28,46.439999,46.799999,46.060001,46.48,11447300,46.48
2015-10-27,46.189999,46.299999,46.009998,46.169998,9540400,46.169998
2015-10-26,46.32,46.549999,46.150002,46.360001,10802500,46.360001
2015-10-23,46.139999,46.330002,45.939999,46.16,13285100,46.16
2015-10-22,44.98,45.900002,44.98,45.889999,15378600,45.889999
2015-10-21,45.439999,45.709999,44.709999,44.860001,17081800,44.860001
2015-10-20,44.919998,45.799999,44.790001,45.240002,19747400,45.240002
2015-10-19,44.48,44.82,44.259998,44.700001,17547400,44.700001
2015-10-16,44.919998,44.970001,44.450001,44.700001,15355500,44.700001
2015-10-15,44.240002,44.700001,44.060001,44.669998,11774000,44.669998
2015-10-14,44.259998,44.540001,43.93,43.990002,19559200,43.990002
2015-10-13,44.139999,44.50,44.139999,44.360001,11566400,44.360001
2015-10-12,44.18,44.310001,44.009998,44.299999,9886700,44.299999
2015-10-09,44.279999,44.529999,44.00,44.16,11981200,44.16
2015-10-08,43.68,44.310001,43.549999,44.23,10280900,44.23
2015-10-07,43.779999,43.990002,43.459999,43.849998,11897000,43.849998
2015-10-06,44.00,44.43,43.98,44.060001,15087900,43.495002
2015-10-05,43.240002,44.02,43.240002,44.00,14484600,43.43577
2015-10-02,42.549999,42.900002,42.200001,42.84,22336700,42.290646
2015-10-01,43.490002,43.639999,42.689999,42.959999,22323500,42.409106
2015-09-30,43.830002,44.00,43.279999,43.509998,20380600,42.952052
2015-09-29,43.779999,44.00,43.34,43.529999,15652500,42.971796
2015-09-28,44.009998,44.18,43.689999,43.740002,15265200,43.179106
2015-09-25,44.32,44.529999,44.07,44.220001,17514800,43.65295
2015-09-24,43.790001,44.200001,43.759998,44.09,14438300,43.524616
2015-09-23,44.360001,44.48,43.900002,43.98,11670300,43.416026
2015-09-22,44.43,44.529999,44.110001,44.43,12368600,43.860257
2015-09-21,44.619999,44.889999,44.529999,44.799999,10584300,44.225511
2015-09-18,45.16,45.259998,44.419998,44.57,26889300,43.998461
2015-09-17,45.400002,45.75,44.529999,45.23,31675000,44.649997
2015-09-16,46.439999,46.470001,46.099998,46.189999,11932500,45.597686
2015-09-15,45.919998,46.549999,45.73,46.369999,12023000,45.775378
2015-09-14,45.779999,45.889999,45.599998,45.650002,9677800,45.064613
2015-09-11,45.439999,45.75,45.259998,45.73,11227400,45.143585
2015-09-10,45.369999,45.610001,45.029999,45.459999,16412900,44.877047
2015-09-09,46.25,46.27,45.310001,45.389999,14423600,44.807945
2015-09-08,45.580002,45.900002,45.220001,45.880001,14056500,45.291663
2015-09-04,45.349998,45.349998,44.639999,44.82,16045100,44.245255
2015-09-03,45.630001,46.150002,45.52,45.720001,12480800,45.133715
2015-09-02,45.50,45.50,44.77,45.349998,17197600,44.768457
2015-09-01,45.09,45.549999,44.68,44.900002,21096300,44.324231
2015-08-31,45.950001,46.099998,45.610001,46.009998,14785800,45.419994
2015-08-28,46.060001,46.16,45.650002,46.07,12783900,45.479226
2015-08-27,45.779999,46.290001,45.169998,46.189999,21488000,45.597686
2015-08-26,44.380001,45.310001,44.00,45.16,30856900,44.580895
2015-08-25,45.759998,45.759998,43.50,43.50,27851500,42.942182
2015-08-24,44.349998,45.869999,38.060001,44.740002,36096800,44.166283
2015-08-21,46.450001,46.849998,46.099998,46.099998,21305300,45.50884
2015-08-20,47.049999,47.389999,46.880001,46.880001,13785900,46.27884
2015-08-19,47.389999,47.700001,47.080002,47.439999,12578000,46.831656
2015-08-18,47.560001,47.689999,47.330002,47.459999,8581400,46.8514
2015-08-17,47.279999,47.619999,47.200001,47.52,7784300,46.910632
2015-08-14,47.619999,47.630001,47.43,47.490002,8769500,46.881018
2015-08-13,47.77,47.939999,47.490002,47.66,11168500,47.048836
2015-08-12,47.299999,47.889999,47.099998,47.849998,15939800,47.236399
2015-08-11,47.540001,48.209999,47.48,47.599998,18511000,46.989605
2015-08-10,46.52,47.34,46.52,47.23,13529500,46.62435
2015-08-07,46.57,46.75,46.169998,46.360001,10538000,45.765508
2015-08-06,46.59,46.700001,46.290001,46.630001,9917200,46.032046
2015-08-05,46.900002,47.150002,46.599998,46.639999,11946100,46.041916
2015-08-04,47.02,47.080002,46.560001,46.669998,9371900,46.07153
2015-08-03,47.18,47.200001,46.599998,46.970001,10321300,46.367686
2015-07-31,46.849998,47.169998,46.709999,46.790001,12562900,46.189994
2015-07-30,46.66,46.799999,46.41,46.669998,9592300,46.07153
2015-07-29,46.00,46.900002,45.970001,46.560001,15968700,45.962944
2015-07-28,45.990002,46.040001,45.66,45.889999,16150900,45.301533
2015-07-27,45.939999,46.25,45.709999,45.830002,15747800,45.242305
2015-07-24,46.439999,46.48,45.959999,46.040001,19528700,45.449611
2015-07-23,46.459999,46.619999,46.169998,46.349998,13698200,45.755634
2015-07-22,46.790001,46.84,46.110001,46.450001,21026600,45.854354
2015-07-21,46.98,47.349998,46.57,46.970001,31961600,46.367686
2015-07-20,47.630001,48.259998,47.419998,48.099998,17246700,47.483193