2015-12-16,50.110001,51.369999,50.110001,51.220001,2227600,51.220001
2015-12-15,49.779999,50.459999,49.650002,49.919998,1672600,49.919998
2015-12-14,48.889999,49.619999,48.709999,49.540001,2474900,49.540001
2015-12-11,48.450001,49.029999,48.049999,48.560001,1756500,48.560001
2015-12-10,49.900002,49.900002,48.52,48.560001,2475800,48.560001
2015-12-09,50.279999,50.77,49.830002,49.939999,2287300,49.939999
2015-12-08,50.00,50.580002,49.919998,50.50,2308700,50.50
2015-12-07,49.279999,50.189999,49.279999,50.080002,3443700,50.080002
2015-12-04,48.34,49.50,48.25,49.450001,2103000,49.450001
2015-12-03,48.380001,48.650002,47.98,48.119999,1658400,48.119999
2015-12-02,49.700001,49.970001,48.639999,48.689999,1888700,48.689999
2015-12-01,49.689999,49.939999,49.25,49.91,2404600,49.91
2015-11-30,49.669998,49.889999,49.299999,49.32,2363800,49.32
2015-11-27,49.189999,49.82,49.07,49.540001,814000,49.540001
2015-11-25,49.50,49.509998,48.880001,49.07,2006500,49.07
2015-11-24,49.75,49.889999,49.02,49.380001,2098100,49.380001
2015-11-23,50.389999,50.669998,49.82,49.919998,1554800,49.919998
2015-11-20,50.48,50.889999,50.299999,50.509998,1313300,50.509998
2015-11-19,50.209999,50.560001,49.82,50.259998,2069200,50.259998
2015-11-18,49.610001,50.150002,49.200001,50.07,1908600,50.07
2015-11-17,50.209999,50.650002,49.419998,49.540001,2227900,49.540001
2015-11-16,48.990002,50.400002,48.799999,50.369999,1781900,50.369999
2015-11-13,49.50,49.900002,48.939999,49.02,1225800,49.02
2015-11-12,49.830002,50.50,49.439999,49.490002,1426800,49.490002
2015-11-11,49.66,50.139999,49.43,49.990002,1308900,49.990002
2015-11-10,48.919998,49.580002,48.830002,49.57,2088700,49.57
2015-11-09,49.34,49.48,48.849998,49.189999,2611800,48.731998
2015-11-06,50.91,51.139999,48.950001,49.509998,3223400,49.049019
2015-11-05,51.970001,52.209999,51.639999,51.68,1501200,51.198816
2015-11-04,51.419998,53.209999,51.220001,51.990002,2126100,51.505931
2015-11-03,51.639999,51.93,51.220001,51.880001,1658500,51.396955
2015-11-02,51.560001,51.849998,51.220001,51.709999,1607700,51.228535
2015-10-30,51.48,51.84,51.310001,51.560001,1587500,51.079934
2015-10-29,51.66,51.810001,50.619999,51.299999,1921800,50.822353
2015-10-28,52.689999,52.900002,51.290001,51.900002,1747500,51.416769
2015-10-27,52.709999,52.93,52.400002,52.68,1276200,52.189505
2015-10-26,52.650002,52.860001,52.259998,52.849998,1442500,52.357921
2015-10-23,53.490002,53.540001,52.669998,52.810001,1685600,52.318296
2015-10-22,53.25,53.880001,53.049999,53.73,1649000,53.229728
2015-10-21,53.650002,53.830002,53.07,53.16,1680400,52.665036
2015-10-20,53.299999,53.650002,53.150002,53.369999,1426300,52.873079
2015-10-19,53.209999,53.48,52.82,53.470001,2164700,52.972151
2015-10-16,53.25,53.52,53.02,53.299999,1899200,52.803731
2015-10-15,52.439999,53.060001,52.169998,53.00,1648900,52.506525
2015-10-14,52.48,52.639999,52.119999,52.25,1501200,51.763509
2015-10-13,52.709999,52.939999,52.25,52.439999,1683600,51.951738
2015-10-12,52.360001,53.00,52.360001,52.77,1414600,52.278667
2015-10-09,52.48,52.700001,51.970001,52.360001,2270300,51.872485
2015-10-08,51.52,52.459999,51.400002,52.450001,1818200,51.961647
2015-10-07,52.310001,52.310001,51.459999,51.66,2753500,51.179002
2015-10-06,52.560001,52.560001,51.650002,52.130001,2382000,51.644627
2015-10-05,52.880001,52.98,52.07,52.75,1850700,52.258853
2015-10-02,52.389999,52.849998,51.669998,52.619999,2125000,52.130062
2015-10-01,52.349998,52.48,51.52,52.080002,2358000,51.595093
2015-09-30,51.299999,52.290001,51.150002,52.220001,1870700,51.733789
2015-09-29,50.970001,51.389999,50.790001,51.119999,2572400,50.644029
2015-09-28,50.849998,51.50,50.82,50.98,2121400,50.505333
2015-09-25,50.299999,51.310001,50.029999,51.009998,2223400,50.535052
2015-09-24,49.32,50.34,49.18,50.189999,2195700,49.722688
2015-09-23,49.279999,49.540001,48.939999,49.48,1920900,49.019299
2015-09-22,49.150002,49.59,48.990002,49.25,1382200,48.791441
2015-09-21,49.360001,49.73,49.240002,49.509998,1547500,49.049019
2015-09-18,48.689999,49.630001,48.68,49.330002,4115100,48.870698
2015-09-17,48.330002,49.77,48.259998,49.189999,2158900,48.731998
2015-09-16,48.18,48.650002,48.080002,48.419998,2018300,47.969167
2015-09-15,48.25,48.459999,47.639999,48.27,1719500,47.820566
2015-09-14,48.07,48.50,47.950001,48.23,2132300,47.780938
2015-09-11,47.029999,47.880001,46.860001,47.880001,1739000,47.434198
2015-09-10,46.799999,47.709999,46.779999,47.240002,3366900,46.800158
2015-09-09,47.310001,47.810001,46.810001,46.869999,2062700,46.4336
2015-09-08,47.169998,47.400002,46.900002,47.27,2013100,46.829877
2015-09-04,46.639999,46.869999,46.25,46.57,2591800,46.136394
2015-09-03,46.830002,47.240002,46.669998,47.02,1935900,46.582205
2015-09-02,47.220001,47.23,46.23,46.700001,2269700,46.265184
2015-09-01,47.439999,49.369999,46.450001,46.759998,3440700,46.324623
2015-08-31,48.27,48.32,47.34,47.650002,3378900,47.20634
2015-08-28,48.18,48.740002,47.509998,48.200001,1759100,47.751218
2015-08-27,48.150002,48.23,47.450001,48.189999,1895700,47.741309
2015-08-26,47.549999,47.830002,46.66,47.720001,2577400,47.275688
2015-08-25,49.439999,49.619999,47.02,47.080002,3265100,46.641647
2015-08-24,50.860001,50.880001,48.540001,48.77,3743200,48.315911
2015-08-21,51.189999,51.849998,51.07,51.299999,3199700,50.822353
2015-08-20,51.209999,51.990002,51.049999,51.470001,2105900,50.990772
2015-08-19,51.080002,51.75,50.779999,51.529999,1592500,51.050211
2015-08-18,51.240002,51.540001,50.939999,51.27,1721900,50.792634
2015-08-17,51.27,51.75,51.029999,51.290001,2074700,50.812448
2015-08-14,50.82,51.349998,50.509998,51.34,1827400,50.861982
2015-08-13,50.68,51.040001,50.27,50.959999,1921000,50.485519
2015-08-12,50.189999,51.310001,49.959999,50.959999,2650900,50.485519
2015-08-11,49.709999,51.150002,49.689999,50.490002,4007000,49.788077
2015-08-10,49.990002,50.200001,49.540001,49.740002,2098200,49.048504
2015-08-07,49.110001,50.130001,48.880001,50.040001,2500200,49.344332
2015-08-06,48.669998,49.299999,48.25,49.25,1860200,48.565314
2015-08-05,48.849998,49.060001,48.43,48.669998,1526100,47.993376
2015-08-04,49.240002,49.41,48.549999,48.639999,1844000,47.963794
2015-08-03,49.040001,49.560001,48.900002,49.369999,1870100,48.683645
2015-07-31,49.119999,49.470001,48.919998,49.00,2133200,48.31879
2015-07-30,48.23,49.310001,47.799999,48.77,2082200,48.091988
2015-07-29,46.00,48.310001,46.00,48.16,2675100,47.490468
2015-07-28,47.970001,48.16,47.630001,48.060001,2222500,47.391859
2015-07-27,47.130001,47.959999,47.080002,47.68,1791800,47.017141
2015-07-24,47.119999,47.369999,46.959999,47.119999,1356800,46.464925
2015-07-23,47.810001,47.860001,46.830002,47.099998,1891400,46.445203
2015-07-22,47.52,48.200001,47.470001,48.029999,2722800,47.362274
2015-07-21,47.540001,47.709999,47.169998,47.52,1907400,46.859366
2015-07-20,47.849998,48.040001,47.369999,47.599998,1309500,46.938252