2015-12-16,33.130001,33.82,32.830002,33.650002,6292400,33.650002
2015-12-15,33.66,33.93,32.84,32.970001,6341600,32.970001
2015-12-14,34.080002,34.119999,32.869999,33.34,9037600,33.34
2015-12-11,31.040001,34.380001,31.040001,34.02,18671700,34.02
2015-12-10,30.65,31.74,30.610001,31.33,9938500,31.33
2015-12-09,29.969999,30.75,29.860001,30.690001,5618200,30.690001
2015-12-08,30.00,30.34,29.75,30.200001,5835000,30.200001
2015-12-07,29.49,30.91,29.43,30.690001,8709100,30.690001
2015-12-04,29.969999,30.00,29.379999,29.52,6199000,29.52
2015-12-03,30.02,30.200001,29.65,29.959999,8231200,29.959999
2015-12-02,30.040001,30.129999,29.83,29.98,7785100,29.98
2015-12-01,29.209999,30.15,29.200001,30.07,8706400,30.07
2015-11-30,29.50,29.58,28.799999,29.15,7611300,29.15
2015-11-27,29.75,29.90,29.370001,29.41,2142600,29.41
2015-11-25,29.620001,29.940001,29.549999,29.84,4660000,29.84
2015-11-24,29.469999,29.629999,29.24,29.559999,6371400,29.559999
2015-11-23,29.99,30.040001,29.459999,29.57,5783000,29.57
2015-11-20,30.030001,30.10,29.549999,29.93,7334800,29.93
2015-11-19,30.200001,30.33,29.790001,29.93,6463900,29.93
2015-11-18,29.940001,30.370001,29.799999,30.18,8234400,30.18
2015-11-17,30.02,30.18,29.75,29.889999,7197900,29.889999
2015-11-16,29.60,30.27,29.540001,30.07,7421500,30.07
2015-11-13,29.809999,29.91,29.26,29.549999,6965900,29.549999
2015-11-12,29.92,30.17,29.49,29.91,5985000,29.91
2015-11-11,30.58,30.58,29.01,29.92,10140700,29.92
2015-11-10,30.41,30.75,29.98,30.389999,5618500,30.389999
2015-11-09,30.889999,31.17,30.120001,30.48,8254000,30.48
2015-11-06,30.120001,31.129999,29.91,31.110001,8401200,31.110001
2015-11-05,28.790001,30.389999,28.73,30.110001,23009400,30.110001
2015-11-04,31.540001,31.90,30.35,30.76,12663900,30.76
2015-11-03,30.700001,31.65,30.700001,31.27,7395000,31.27
2015-11-02,30.17,30.93,29.73,30.92,7036400,30.92
2015-10-30,30.00,30.26,29.92,29.959999,6928000,29.959999
2015-10-29,30.00,31.290001,29.969999,30.15,8810400,30.15
2015-10-28,30.24,30.299999,29.90,30.139999,7064400,30.139999
2015-10-27,30.620001,30.85,29.969999,30.190001,8086600,30.190001
2015-10-26,31.530001,31.700001,30.299999,30.700001,8683800,30.700001
2015-10-23,32.869999,32.900002,31.67,32.279999,5118000,32.279999
2015-10-22,33.099998,33.470001,32.330002,32.529999,4509600,32.529999
2015-10-21,33.259998,33.400002,32.950001,32.98,2724000,32.98
2015-10-20,33.880001,33.880001,33.150002,33.220001,3495300,33.220001
2015-10-19,33.849998,34.07,33.540001,33.810001,4084200,33.810001
2015-10-16,33.810001,34.200001,33.189999,33.84,4841600,33.84
2015-10-15,33.02,33.66,32.799999,33.650002,3294900,33.650002
2015-10-14,33.169998,33.419998,32.73,32.919998,3307600,32.919998
2015-10-13,33.50,33.779999,33.16,33.240002,2362200,33.240002
2015-10-12,34.169998,34.209999,33.360001,33.650002,2384900,33.650002
2015-10-09,34.060001,34.50,33.75,34.240002,3542600,34.240002
2015-10-08,33.919998,34.310001,33.669998,34.150002,3654000,34.150002
2015-10-07,33.740002,34.470001,33.459999,33.939999,4683400,33.939999
2015-10-06,33.689999,33.919998,33.330002,33.529999,3595900,33.529999
2015-10-05,34.040001,34.43,33.400002,33.84,7577900,33.84
2015-10-02,30.889999,33.93,30.83,33.919998,12704100,33.919998
2015-10-01,31.73,32.00,30.84,31.26,5632900,31.26
2015-09-30,31.50,31.67,31.280001,31.65,4932800,31.65
2015-09-29,30.77,31.450001,30.559999,31.27,5339700,31.14
2015-09-28,31.049999,31.27,30.639999,30.75,7422400,30.622161
2015-09-25,31.48,31.620001,30.940001,31.10,3851000,30.970706
2015-09-24,31.10,31.66,31.00,31.290001,3670900,31.159917
2015-09-23,31.82,31.90,30.870001,31.40,3432000,31.269458
2015-09-22,31.709999,31.950001,31.459999,31.77,3581900,31.637921
2015-09-21,32.220001,32.470001,31.809999,31.98,3905500,31.847047
2015-09-18,32.810001,32.990002,31.98,32.07,6196900,31.936673
2015-09-17,33.110001,33.560001,32.84,33.209999,3487400,33.071933
2015-09-16,32.560001,33.57,32.50,33.200001,4744100,33.061976
2015-09-15,32.169998,32.50,31.959999,32.470001,4022100,32.335012
2015-09-14,32.360001,32.380001,31.93,32.00,3359900,31.866964
2015-09-11,33.169998,33.25,32.220001,32.299999,4951600,32.165716
2015-09-10,31.870001,33.16,31.709999,33.049999,6423300,32.912598
2015-09-09,32.91,33.080002,31.940001,31.99,5771000,31.857006
2015-09-08,32.310001,32.619999,32.279999,32.549999,3654700,32.414677
2015-09-04,32.080002,32.240002,31.98,32.02,3507500,31.886882
2015-09-03,32.43,32.59,32.279999,32.360001,3563900,32.225468
2015-09-02,32.389999,32.549999,31.99,32.279999,3721100,32.145799
2015-09-01,32.220001,32.630001,31.98,32.130001,5129700,31.996425
2015-08-31,32.889999,33.00,32.57,32.759998,4511800,32.623803
2015-08-28,32.950001,33.18,32.68,32.849998,3723300,32.713429
2015-08-27,32.77,33.450001,32.490002,33.139999,6935300,33.002224
2015-08-26,32.290001,32.459999,31.52,32.400002,13446700,32.265303
2015-08-25,32.200001,33.07,31.559999,31.59,9092000,31.458669
2015-08-24,30.25,32.439999,30.18,31.82,14354900,31.687712
2015-08-21,32.34,33.029999,31.639999,31.639999,8653800,31.50846
2015-08-20,32.540001,33.349998,32.459999,32.849998,7806300,32.713429
2015-08-19,33.240002,33.25,32.700001,32.790001,4937700,32.653681
2015-08-18,33.610001,33.68,33.360001,33.360001,3522600,33.221311
2015-08-17,33.259998,33.700001,33.02,33.689999,4719600,33.549937
2015-08-14,33.27,33.720001,33.009998,33.310001,5757000,33.17152
2015-08-13,34.009998,34.09,33.439999,33.720001,4494200,33.579815
2015-08-12,33.860001,34.310001,33.50,34.27,4597500,34.127528
2015-08-11,34.09,34.630001,33.84,33.970001,5279100,33.828776
2015-08-10,34.490002,34.529999,33.98,34.209999,6259000,34.067776
2015-08-07,34.740002,34.860001,34.360001,34.48,4371800,34.336654
2015-08-06,35.299999,35.369999,34.720001,34.84,6042500,34.695158
2015-08-05,36.080002,36.080002,35.360001,35.380001,4770300,35.232914
2015-08-04,35.57,36.139999,35.50,35.810001,5957900,35.661126
2015-08-03,36.369999,36.459999,35.259998,35.439999,6391500,35.292662
2015-07-31,35.560001,36.689999,35.209999,36.400002,14064600,36.248673
2015-07-30,36.130001,36.700001,35.52,36.080002,35153100,35.930004
2015-07-29,40.75,41.75,40.580002,40.82,8829500,40.650296
2015-07-28,40.139999,40.959999,39.700001,40.939999,4093700,40.769796
2015-07-27,40.099998,40.48,39.790001,40.16,3395200,39.99304
2015-07-24,41.18,41.189999,40.220001,40.43,2909600,40.261918
2015-07-23,41.080002,41.299999,40.77,41.07,1864900,40.899257
2015-07-22,41.27,41.470001,40.950001,41.150002,4165400,40.978926
2015-07-21,41.310001,41.439999,40.869999,41.220001,2806200,41.048635
2015-07-20,41.599998,41.639999,41.330002,41.41,2653800,41.237843