2015-12-16,73.040001,74.830002,72.489998,74.199997,1478600,74.199997
2015-12-15,73.580002,73.599998,72.489998,72.779999,1404600,72.779999
2015-12-14,73.129997,73.989998,71.849998,73.040001,1310500,73.040001
2015-12-11,74.07,74.720001,72.93,73.099998,957600,73.099998
2015-12-10,75.419998,75.889999,75.089996,75.230003,617300,75.230003
2015-12-09,74.739998,76.209999,74.559998,75.199997,1180800,75.199997
2015-12-08,74.389999,75.449997,73.589996,75.220001,1073700,75.220001
2015-12-07,75.68,76.150002,74.68,74.910004,934300,74.910004
2015-12-04,74.959999,76.150002,74.589996,76.129997,1183200,76.129997
2015-12-03,76.580002,76.769997,74.07,74.690002,1064600,74.690002
2015-12-02,76.419998,77.360001,76.099998,76.209999,1247600,76.209999
2015-12-01,76.470001,77.550003,75.449997,76.629997,1082700,76.629997
2015-11-30,76.50,76.519997,75.349998,75.919998,1114200,75.919998
2015-11-27,76.029999,76.410004,75.720001,76.239998,371200,76.239998
2015-11-25,76.199997,76.43,75.660004,75.980003,886800,75.980003
2015-11-24,76.419998,77.50,75.260002,76.389999,866600,75.969999
2015-11-23,76.610001,77.830002,76.57,77.209999,882100,76.78549
2015-11-20,77.18,77.540001,76.519997,76.75,649600,76.32802
2015-11-19,77.580002,77.580002,76.730003,76.800003,1058400,76.377748
2015-11-18,77.139999,77.830002,76.449997,77.379997,1083200,76.954553
2015-11-17,78.050003,78.800003,76.489998,77.00,1143000,76.576645
2015-11-16,77.209999,77.610001,73.720001,77.50,1675900,77.073896
2015-11-13,79.25,80.120003,77.57,77.650002,753300,77.223073
2015-11-12,79.93,80.660004,79.50,79.50,672600,79.0629
2015-11-11,81.25,82.00,80.75,80.760002,511300,80.315975
2015-11-10,80.360001,81.169998,79.540001,81.089996,683900,80.644155
2015-11-09,81.330002,81.589996,79.43,80.559998,844600,80.11707
2015-11-06,81.610001,82.300003,81.150002,81.589996,847600,81.141405
2015-11-05,81.510002,82.150002,81.269997,81.550003,645300,81.101632
2015-11-04,82.620003,82.989998,81.209999,81.379997,1001400,80.932561
2015-11-03,81.510002,82.769997,80.57,82.68,1115100,82.225416
2015-11-02,81.360001,82.129997,80.160004,81.800003,637800,81.350258
2015-10-30,82.059998,82.160004,81.25,81.349998,760500,80.902727
2015-10-29,80.540001,82.209999,79.339996,81.900002,1539700,81.449706
2015-10-28,81.260002,82.699997,80.099998,81.110001,1877700,80.664049
2015-10-27,79.50,81.150002,77.75,80.639999,3179600,80.196632
2015-10-26,75.889999,76.839996,75.410004,76.50,2056100,76.079394
2015-10-23,77.910004,77.980003,75.639999,76.07,1611700,75.651758
2015-10-22,75.669998,77.470001,75.099998,77.419998,1281600,76.994334
2015-10-21,75.970001,76.029999,74.650002,75.019997,1615000,74.607528
2015-10-20,74.040001,75.970001,73.75,75.620003,1302000,75.204236
2015-10-19,73.559998,74.470001,73.559998,74.00,1130900,73.59314
2015-10-16,74.160004,74.559998,73.480003,73.970001,1385800,73.563306
2015-10-15,76.419998,76.93,72.629997,74.139999,4756700,73.732369
2015-10-14,78.620003,78.839996,77.050003,77.190002,905000,76.765603
2015-10-13,78.349998,79.760002,78.129997,78.639999,1180300,78.207628
2015-10-12,78.279999,79.07,77.970001,78.870003,689600,78.436367
2015-10-09,77.93,78.559998,77.660004,78.400002,727700,77.96895
2015-10-08,76.150002,78.589996,76.150002,78.18,1123500,77.750158
2015-10-07,75.029999,76.489998,74.510002,76.449997,854300,76.029666
2015-10-06,75.32,76.459999,74.769997,75.050003,1211900,74.63737
2015-10-05,74.43,75.510002,74.339996,75.349998,816400,74.935716
2015-10-02,70.989998,73.849998,70.690002,73.849998,1305900,73.443963
2015-10-01,71.93,73.220001,71.349998,72.059998,1414800,71.663804
2015-09-30,70.949997,72.169998,70.790001,71.900002,1262400,71.504687
2015-09-29,70.900002,71.339996,69.769997,70.18,1268500,69.794143
2015-09-28,73.029999,73.360001,70.809998,70.879997,1616300,70.490291
2015-09-25,74.160004,74.639999,73.349998,73.519997,1228000,73.115776
2015-09-24,73.419998,73.959999,72.940002,73.580002,980700,73.175451
2015-09-23,74.650002,74.800003,73.919998,73.940002,834200,73.533472
2015-09-22,75.50,75.540001,74.339996,74.620003,815200,74.209734
2015-09-21,76.470001,77.010002,75.919998,76.43,704900,76.00978
2015-09-18,76.980003,77.199997,75.699997,75.910004,2188600,75.492642
2015-09-17,78.449997,79.559998,78.089996,78.370003,952300,77.939116
2015-09-16,78.360001,78.82,78.230003,78.709999,1187700,78.277243
2015-09-15,78.830002,78.830002,77.309998,78.440002,1120800,78.008731
2015-09-14,78.620003,79.269997,78.43,78.620003,584500,78.187741
2015-09-11,77.989998,78.940002,77.699997,78.919998,738500,78.486087
2015-09-10,77.32,78.330002,76.709999,77.980003,889500,77.551261
2015-09-09,78.809998,78.900002,77.330002,77.459999,759800,77.034115
2015-09-08,77.57,78.120003,77.050003,78.029999,855500,77.600981
2015-09-04,76.199997,77.089996,75.959999,76.199997,848000,75.781041
2015-09-03,77.360001,78.120003,76.900002,77.260002,873100,76.835218
2015-09-02,76.230003,77.309998,75.559998,77.099998,1248500,76.676094
2015-09-01,74.699997,75.82,74.650002,75.129997,1649400,74.716924
2015-08-31,76.800003,77.349998,76.260002,76.480003,1054300,76.059508
2015-08-28,77.07,77.470001,76.220001,77.199997,1057500,76.775543
2015-08-27,76.830002,77.440002,75.529999,77.239998,1437100,76.815324
2015-08-26,75.199997,76.150002,73.809998,75.889999,1769100,75.472748
2015-08-25,76.709999,76.709999,74.18,74.230003,1460500,73.404188
2015-08-24,72.029999,76.300003,70.419998,74.220001,2122400,73.394297
2015-08-21,77.25,77.970001,76.580002,76.790001,1572000,75.935705
2015-08-20,79.489998,79.870003,77.989998,78.040001,1270200,77.171799
2015-08-19,79.849998,80.900002,79.529999,80.419998,788600,79.525319
2015-08-18,80.760002,80.760002,79.989998,80.349998,883200,79.456098
2015-08-17,78.809998,80.650002,78.410004,80.599998,1135700,79.703316
2015-08-14,80.150002,80.739998,78.669998,79.029999,2280800,78.150783
2015-08-13,80.089996,81.110001,79.400002,80.400002,1105300,79.505544
2015-08-12,78.980003,80.32,78.559998,80.080002,1613900,79.189105
2015-08-11,79.220001,79.940002,78.879997,79.790001,1626900,78.90233
2015-08-10,79.489998,80.150002,78.919998,79.980003,1199500,79.090219
2015-08-07,79.139999,79.269997,78.209999,78.599998,1327100,77.725567
2015-08-06,79.879997,79.910004,78.230003,79.18,2146300,78.299116
2015-08-05,81.589996,82.080002,79.639999,79.699997,1507100,78.813327
2015-08-04,81.889999,82.220001,80.989998,81.169998,776500,80.266975
2015-08-03,82.68,83.32,81.400002,81.800003,1086100,80.889971
2015-07-31,82.550003,82.949997,81.599998,82.519997,1427400,81.601954
2015-07-30,82.220001,83.120003,81.580002,81.760002,2051000,80.850415
2015-07-29,81.07,82.879997,80.779999,82.339996,2989700,81.423957
2015-07-28,82.459999,84.169998,80.360001,80.610001,3941200,79.713207
2015-07-27,82.660004,82.760002,80.889999,81.599998,2871700,80.692191
2015-07-24,84.510002,84.519997,82.720001,83.059998,1673600,82.135948
2015-07-23,87.309998,87.309998,83.900002,84.449997,1658300,83.510483
2015-07-22,86.580002,87.330002,86.150002,87.290001,721300,86.318892
2015-07-21,86.550003,86.830002,85.879997,86.620003,1389400,85.656348
2015-07-20,86.889999,87.260002,86.510002,86.610001,778000,85.646457