2015-12-16,67.169998,69.199997,65.830002,68.989998,4181300,68.989998
2015-12-15,63.740002,67.199997,63.389999,66.040001,3999300,66.040001
2015-12-14,63.299999,64.800003,61.880001,62.77,2906700,62.77
2015-12-11,65.550003,66.330002,62.07,63.130001,5517400,63.130001
2015-12-10,70.00,70.080002,66.309998,66.459999,4745600,66.459999
2015-12-09,66.760002,73.00,65.660004,69.910004,12671500,69.910004
2015-12-08,62.799999,63.630001,60.439999,61.799999,4310500,61.799999
2015-12-07,64.099998,65.150002,63.119999,64.599998,3423500,64.599998
2015-12-04,65.07,66.239998,62.939999,64.599998,4235400,64.599998
2015-12-03,68.449997,68.82,63.689999,65.080002,3746400,65.080002
2015-12-02,66.260002,71.580002,66.029999,68.50,6903800,68.50
2015-12-01,63.790001,67.290001,63.50,66.809998,6371800,66.809998
2015-11-30,61.450001,62.919998,60.830002,62.77,2854900,62.77
2015-11-27,61.549999,61.919998,59.279999,61.049999,2285100,61.049999
2015-11-25,63.419998,63.43,61.639999,62.25,2358500,62.25
2015-11-24,59.639999,64.00,59.639999,62.950001,5628300,62.950001
2015-11-23,59.50,61.470001,59.50,60.23,2427400,60.23
2015-11-20,61.799999,61.889999,59.09,59.560001,3778300,59.560001
2015-11-19,61.200001,62.650002,60.529999,61.779999,2675400,61.779999
2015-11-18,61.470001,62.299999,57.66,61.310001,5605800,61.310001
2015-11-17,64.279999,64.449997,61.150002,61.560001,2949400,61.560001
2015-11-16,62.130001,63.880001,60.650002,63.490002,3023300,63.490002
2015-11-13,64.269997,64.809998,62.049999,62.200001,3929500,62.200001
2015-11-12,65.370003,68.00,64.169998,64.699997,2970100,64.699997
2015-11-11,67.68,68.00,64.610001,65.800003,3669200,65.800003
2015-11-10,67.290001,68.459999,65.190002,67.25,3814800,67.25
2015-11-09,71.110001,71.400002,66.510002,68.150002,7502600,68.150002
2015-11-06,73.510002,74.190002,72.580002,73.989998,2123700,73.489997
2015-11-05,72.949997,74.82,72.260002,72.980003,2261500,72.486828
2015-11-04,74.879997,75.690002,71.50,72.870003,4286300,72.377571
2015-11-03,71.779999,75.480003,70.949997,74.260002,4616600,73.758177
2015-11-02,71.650002,73.669998,70.639999,72.190002,4274200,71.702166
2015-10-30,69.260002,70.629997,68.510002,69.949997,2949300,69.477297
2015-10-29,68.989998,71.330002,68.160004,69.900002,4584300,69.42764
2015-10-28,64.269997,67.43,63.299999,67.300003,3754100,66.845211
2015-10-27,66.169998,67.559998,64.120003,64.559998,2647500,64.123722
2015-10-26,67.419998,67.879997,65.459999,66.410004,2211600,65.961226
2015-10-23,63.970001,68.07,63.720001,67.599998,4375900,67.14318
2015-10-22,65.57,66.199997,61.27,63.18,6336900,62.75305
2015-10-21,67.139999,67.290001,64.330002,64.470001,5105300,64.034334
2015-10-20,68.800003,69.889999,66.25,66.919998,4020600,66.467774
2015-10-19,70.910004,71.00,67.160004,68.25,7443300,67.788789
2015-10-16,66.550003,75.300003,66.349998,72.900002,16032000,72.407367
2015-10-15,75.650002,77.25,70.93,73.760002,8508000,73.261556
2015-10-14,70.669998,72.849998,70.540001,72.370003,3864400,71.88095
2015-10-13,70.900002,72.760002,69.650002,70.32,5306200,69.8448
2015-10-12,74.699997,76.32,70.839996,71.199997,6176800,70.71885
2015-10-09,75.00,76.25,73.199997,75.400002,6904900,74.890473
2015-10-08,71.510002,76.480003,70.800003,75.910004,7819000,75.397028
2015-10-07,69.029999,73.480003,68.989998,71.989998,10459000,71.503513
2015-10-06,64.580002,68.32,64.519997,67.849998,8455100,67.39149
2015-10-05,63.799999,67.25,60.549999,64.889999,12699700,64.451494
2015-10-02,55.27,63.759998,54.75,63.52,15153700,63.090753
2015-10-01,53.43,53.84,50.959999,51.709999,4745600,51.36056
2015-09-30,54.439999,54.48,52.50,53.119999,4265300,52.761031
2015-09-29,53.459999,55.09,52.259998,53.220001,6223400,52.860358
2015-09-28,57.93,57.950001,54.369999,54.419998,4719500,54.052245
2015-09-25,60.720001,60.759998,58.130001,58.23,4928500,57.8365
2015-09-24,59.900002,61.799999,59.75,59.830002,5295700,59.42569
2015-09-23,63.290001,63.299999,60.060001,60.240002,5464300,59.832919
2015-09-22,65.00,65.129997,63.860001,63.93,3761700,63.497982
2015-09-21,68.769997,68.959999,66.32,66.559998,2917500,66.110207
2015-09-18,69.599998,70.050003,68.110001,68.440002,3778800,67.977507
2015-09-17,73.330002,73.489998,70.00,70.269997,3840500,69.795135
2015-09-16,70.769997,75.099998,70.550003,73.779999,3875100,73.281417
2015-09-15,67.940002,70.449997,67.870003,70.349998,2475900,69.874596
2015-09-14,67.50,68.650002,66.720001,68.470001,3026200,68.007303
2015-09-11,69.599998,70.720001,67.239998,67.720001,4630600,67.262371
2015-09-10,71.949997,72.050003,68.110001,69.669998,7798500,69.199191
2015-09-09,75.970001,76.75,73.00,73.040001,3621600,72.54642
2015-09-08,74.540001,76.480003,74.32,74.849998,4006100,74.344186
2015-09-04,72.379997,74.550003,72.339996,73.07,3084900,72.576216
2015-09-03,71.889999,74.160004,71.889999,73.82,2928000,73.321148
2015-09-02,73.339996,73.50,70.879997,72.43,4612300,71.940542
2015-09-01,72.900002,73.639999,70.510002,70.989998,3907800,70.51027
2015-08-31,77.230003,77.68,74.919998,75.050003,2863000,74.542839
2015-08-28,77.68,79.330002,77.040001,78.199997,2183100,77.671547
2015-08-27,76.150002,78.980003,75.68,78.519997,3397400,77.989384
2015-08-26,77.610001,77.660004,71.25,74.290001,4655600,73.787973
2015-08-25,79.309998,79.610001,75.599998,75.709999,3432500,75.198375
2015-08-24,75.00,78.150002,72.75,76.480003,5951100,75.963176
2015-08-21,83.599998,84.730003,81.330002,81.769997,3791600,81.217421
2015-08-20,89.00,90.00,85.50,85.580002,2533100,85.00168
2015-08-19,90.360001,91.139999,89.18,90.25,2241600,89.64012
2015-08-18,91.639999,92.00,90.379997,90.900002,1791100,90.285729
2015-08-17,92.00,93.480003,90.910004,91.910004,2469400,91.288906
2015-08-14,94.650002,95.459999,92.040001,92.169998,2178600,91.547143
2015-08-13,97.580002,98.230003,94.589996,94.620003,2229700,93.980591
2015-08-12,97.220001,97.839996,94.129997,97.449997,2760000,96.791461
2015-08-11,102.00,102.139999,98.610001,99.529999,2669000,98.857407
2015-08-10,104.870003,104.989998,102.699997,104.00,2365300,103.297202
2015-08-07,100.43,103.779999,100.419998,103.139999,1967900,102.443013
2015-08-06,100.720001,102.610001,99.989998,100.699997,1818500,99.522878
2015-08-05,101.010002,103.709999,100.800003,101.269997,1776900,100.086215
2015-08-04,101.099998,102.300003,99.330002,100.300003,1819000,99.12756
2015-08-03,103.099998,103.720001,100.00,100.800003,2355400,99.621715
2015-07-31,103.919998,105.43,101.809998,103.230003,2847300,102.02331
2015-07-30,99.239998,104.699997,99.010002,104.120003,5069300,102.902906
2015-07-29,98.169998,99.800003,95.870003,96.029999,4079600,94.907469
2015-07-28,98.889999,99.989998,97.379997,98.010002,2623600,96.864327
2015-07-27,100.029999,101.260002,98.099998,99.230003,2229300,98.070068
2015-07-24,104.839996,104.839996,101.449997,102.43,1641000,101.232659
2015-07-23,104.199997,105.650002,103.010002,104.300003,2655700,103.080802
2015-07-22,100.919998,101.879997,99.699997,101.25,1727300,100.066452
2015-07-21,100.089996,102.089996,99.849998,101.419998,1287400,100.234463
2015-07-20,101.160004,102.00,99.849998,100.019997,1711100,98.850826