2015-12-16,105.080002,105.080002,100.050003,100.559998,1274200,100.559998
2015-12-15,103.209999,105.400002,102.25,105.089996,990900,105.089996
2015-12-14,100.650002,104.779999,99.599998,102.190002,1646500,102.190002
2015-12-11,104.169998,104.879997,101.169998,101.370003,1294900,101.370003
2015-12-10,103.550003,107.419998,102.849998,106.419998,920000,106.419998
2015-12-09,105.589996,107.209999,103.050003,104.18,1212600,104.18
2015-12-08,102.779999,106.129997,102.230003,104.910004,2002500,104.910004
2015-12-07,110.080002,110.669998,104.879997,105.970001,1919800,105.970001
2015-12-04,113.800003,115.480003,111.470001,113.800003,1204600,113.800003
2015-12-03,116.709999,117.790001,114.610001,115.370003,959700,115.370003
2015-12-02,121.199997,121.739998,114.93,115.870003,1203500,115.870003
2015-12-01,119.160004,122.410004,118.699997,122.290001,972900,122.290001
2015-11-30,119.00,120.300003,117.209999,119.019997,836800,119.019997
2015-11-27,119.239998,120.540001,116.93,118.029999,357400,118.029999
2015-11-25,120.57,122.699997,119.57,120.699997,771900,120.699997
2015-11-24,119.68,123.160004,118.980003,122.029999,1334200,122.029999
2015-11-23,114.68,119.43,113.589996,118.580002,1140300,118.580002
2015-11-20,115.629997,116.510002,113.790001,115.00,832200,115.00
2015-11-19,117.43,118.809998,113.589996,115.32,841300,115.32
2015-11-18,117.790001,119.160004,115.360001,118.629997,684700,118.629997
2015-11-17,116.25,118.300003,114.089996,116.519997,704900,116.519997
2015-11-16,113.029999,117.519997,112.32,117.379997,857100,117.379997
2015-11-13,112.449997,113.660004,110.400002,112.709999,988300,112.709999
2015-11-12,112.400002,114.839996,111.75,112.620003,1248700,112.620003
2015-11-11,117.589996,117.760002,114.32,115.50,1162500,115.50
2015-11-10,116.489998,118.839996,115.43,117.620003,730700,117.620003
2015-11-09,118.199997,120.00,116.93,117.349998,976700,117.189997
2015-11-06,115.230003,119.099998,114.349998,117.760002,1154500,117.599442
2015-11-05,115.68,119.290001,114.830002,115.940002,1389400,115.781923
2015-11-04,120.720001,124.910004,116.040001,118.599998,1578400,118.438293
2015-11-03,118.620003,123.660004,117.879997,120.720001,1759900,120.555405
2015-11-02,118.160004,118.900002,116.970001,117.300003,1241400,117.14007
2015-10-30,118.199997,119.139999,114.830002,118.059998,991500,117.899028
2015-10-29,116.099998,119.470001,116.010002,117.809998,1085800,117.649369
2015-10-28,113.660004,117.650002,111.629997,116.529999,1157400,116.371115
2015-10-27,111.860001,113.209999,109.449997,112.989998,1219000,112.835941
2015-10-26,116.849998,116.93,113.809998,114.150002,875600,113.994363
2015-10-23,116.639999,118.709999,115.410004,117.029999,918900,116.870433
2015-10-22,115.610001,118.089996,114.910004,117.82,957500,117.659357
2015-10-21,115.019997,115.800003,113.650002,114.82,1033400,114.663448
2015-10-20,116.269997,117.809998,115.129997,115.779999,1117000,115.622138
2015-10-19,121.129997,121.970001,115.239998,116.529999,1543400,116.371115
2015-10-16,122.459999,123.849998,121.330002,122.959999,1191000,122.792349
2015-10-15,119.400002,122.120003,118.809998,121.879997,941100,121.713819
2015-10-14,118.650002,120.410004,117.540001,120.00,892900,119.836385
2015-10-13,120.57,122.830002,118.309998,118.730003,1119700,118.56812
2015-10-12,122.239998,122.379997,118.989998,121.540001,1285100,121.374286
2015-10-09,122.080002,123.50,119.730003,122.57,1830300,122.402881
2015-10-08,117.059998,123.169998,116.360001,122.199997,2199100,122.033383
2015-10-07,115.459999,117.870003,112.510002,117.669998,2560600,117.50956
2015-10-06,112.019997,115.910004,110.900002,113.510002,2242900,113.355236
2015-10-05,110.910004,113.519997,110.209999,112.139999,1301800,111.987101
2015-10-02,102.660004,109.32,101.620003,109.059998,1197300,108.911299
2015-10-01,104.419998,106.290001,102.690002,103.769997,1454700,103.628511
2015-09-30,100.709999,103.610001,99.620003,102.480003,1298200,102.340276
2015-09-29,98.160004,100.169998,97.230003,99.529999,1212500,99.394294
2015-09-28,100.620003,101.019997,97.470001,97.669998,1006800,97.536829
2015-09-25,103.599998,103.830002,100.870003,101.860001,593300,101.721119
2015-09-24,100.959999,103.00,99.849998,102.459999,863000,102.320299
2015-09-23,103.959999,104.629997,101.599998,101.900002,572000,101.761065
2015-09-22,102.019997,105.360001,101.68,103.650002,776500,103.508679
2015-09-21,104.900002,105.00,102.790001,103.589996,880400,103.448756
2015-09-18,106.709999,107.50,103.669998,103.970001,1564800,103.828243
2015-09-17,109.330002,111.589996,108.260002,109.00,1225100,108.851383
2015-09-16,106.230003,109.690002,105.57,109.260002,1189000,109.111031
2015-09-15,104.519997,105.440002,103.349998,105.029999,879000,104.886795
2015-09-14,105.589996,105.809998,102.019997,104.010002,1092000,103.868189
2015-09-11,105.910004,107.089996,102.910004,105.989998,1349100,105.845485
2015-09-10,107.989998,109.00,105.480003,108.709999,889900,108.561778
2015-09-09,110.800003,112.839996,107.540001,107.900002,1375700,107.752885
2015-09-08,108.849998,110.639999,106.309998,110.57,1035300,110.419242
2015-09-04,106.779999,109.010002,105.790001,107.279999,1130700,107.133727
2015-09-03,108.669998,111.650002,106.970001,108.190002,1050300,108.04249
2015-09-02,107.339996,108.50,104.339996,107.970001,1222400,107.822789
2015-09-01,107.099998,109.879997,104.620003,105.610001,1237700,105.466006
2015-08-31,105.910004,111.32,104.68,110.510002,1345600,110.359327
2015-08-28,104.839996,110.290001,104.839996,107.75,1537300,107.603088
2015-08-27,103.599998,107.279999,102.120003,105.129997,2045100,104.986657
2015-08-26,101.309998,101.860001,98.739998,101.010002,1466800,100.872279
2015-08-25,101.900002,102.300003,99.18,99.190002,1701600,99.054761
2015-08-24,100.019997,102.980003,97.970001,98.93,2333800,98.795114
2015-08-21,109.57,109.989998,106.50,106.50,1258900,106.354792
2015-08-20,112.279999,112.910004,108.940002,109.720001,1509200,109.570403
2015-08-19,116.209999,116.290001,111.260002,112.389999,1386000,112.236761
2015-08-18,115.190002,117.349998,114.400002,117.290001,893900,117.130081
2015-08-17,115.599998,116.309998,114.300003,115.279999,914800,115.12282
2015-08-14,115.540001,116.879997,114.25,116.339996,1114700,116.181372
2015-08-13,117.50,118.150002,114.339996,115.349998,1649400,115.192724
2015-08-12,114.730003,118.870003,113.839996,118.800003,2053700,118.638024
2015-08-11,111.760002,114.730003,111.760002,114.57,1516200,114.254006
2015-08-10,111.529999,115.449997,111.50,114.879997,1336000,114.563148
2015-08-07,112.150002,114.349998,110.449997,110.910004,1342100,110.604104
2015-08-06,107.269997,113.580002,106.50,112.849998,2004200,112.538749
2015-08-05,105.75,112.209999,105.50,108.120003,2742500,107.821799
2015-08-04,103.360001,106.230003,102.709999,104.339996,1559100,104.052218
2015-08-03,103.080002,104.370003,101.300003,102.400002,1056300,102.117574
2015-07-31,105.260002,106.190002,103.889999,104.120003,862500,103.832831
2015-07-30,105.099998,107.230003,104.43,105.769997,938100,105.478274
2015-07-29,101.989998,106.029999,101.260002,105.800003,1310300,105.508198
2015-07-28,100.339996,103.800003,98.93,102.389999,1289600,102.107599
2015-07-27,101.449997,102.150002,99.580002,99.949997,1250500,99.674326
2015-07-24,105.00,105.139999,102.00,103.199997,1015800,102.915363
2015-07-23,103.949997,105.769997,103.00,105.120003,1021100,104.830073
2015-07-22,102.620003,103.910004,101.860001,103.620003,1627700,103.33421
2015-07-21,102.470001,104.900002,101.830002,103.160004,1047700,102.87548
2015-07-20,103.290001,103.290001,101.419998,101.57,1026800,101.289861