2015-12-16,35.669998,36.50,35.650002,36.419998,4065800,36.419998
2015-12-15,35.470001,35.790001,35.349998,35.57,3306600,35.57
2015-12-14,34.950001,35.349998,34.830002,35.290001,3804400,35.290001
2015-12-11,34.599998,35.139999,34.470001,34.939999,4238500,34.939999
2015-12-10,35.189999,35.23,34.66,34.790001,5651500,34.790001
2015-12-09,35.07,35.529999,34.900002,35.279999,3295100,35.279999
2015-12-08,35.139999,35.419998,35.00,35.209999,4830000,35.209999
2015-12-07,34.939999,35.279999,34.880001,35.27,4783200,35.27
2015-12-04,34.540001,35.119999,34.50,34.970001,5089900,34.970001
2015-12-03,34.98,35.080002,34.330002,34.419998,7789300,34.419998
2015-12-02,35.849998,35.93,35.18,35.220001,3468200,35.220001
2015-12-01,35.799999,36.009998,35.709999,35.970001,4161500,35.970001
2015-11-30,35.59,35.919998,35.560001,35.66,3447100,35.66
2015-11-27,35.529999,35.830002,35.369999,35.639999,1465300,35.639999
2015-11-25,35.68,35.73,35.330002,35.50,2200100,35.50
2015-11-24,35.369999,35.790001,35.200001,35.73,4416300,35.73
2015-11-23,35.93,36.029999,35.540001,35.57,2341500,35.57
2015-11-20,35.869999,36.16,35.740002,35.860001,3883400,35.860001
2015-11-19,35.709999,35.900002,35.459999,35.720001,3493200,35.720001
2015-11-18,35.23,35.669998,34.93,35.619999,3612800,35.619999
2015-11-17,35.50,35.799999,35.09,35.220001,4005200,35.220001
2015-11-16,35.009998,35.59,34.939999,35.59,3515700,35.59
2015-11-13,35.389999,35.650002,34.77,35.009998,3446700,35.009998
2015-11-12,35.950001,36.32,35.27,35.310001,4105200,35.310001
2015-11-11,35.50,36.169998,35.50,36.049999,3610000,36.049999
2015-11-10,35.029999,35.619999,35.00,35.580002,4266900,35.580002
2015-11-09,34.709999,35.080002,34.599998,35.009998,3674400,35.009998
2015-11-06,35.459999,35.459999,34.330002,34.860001,5854600,34.860001
2015-11-05,36.00,36.299999,35.91,36.110001,2228800,36.110001
2015-11-04,35.900002,36.32,35.900002,36.029999,1925300,36.029999
2015-11-03,35.759998,36.02,35.490002,35.889999,1817800,35.889999
2015-11-02,35.669998,35.950001,35.389999,35.849998,2499200,35.849998
2015-10-30,35.630001,35.970001,35.540001,35.630001,3160300,35.630001
2015-10-29,35.799999,36.119999,35.049999,35.540001,4433300,35.540001
2015-10-28,36.720001,36.880001,35.639999,36.040001,3256200,36.040001
2015-10-27,36.700001,36.869999,36.490002,36.720001,2603600,36.720001
2015-10-26,36.490002,36.790001,36.209999,36.779999,2959900,36.779999
2015-10-23,37.07,37.200001,36.310001,36.439999,3624600,36.439999
2015-10-22,36.689999,37.25,36.599998,37.139999,2684100,37.139999
2015-10-21,36.740002,36.939999,36.529999,36.580002,1709500,36.580002
2015-10-20,36.16,36.73,36.119999,36.630001,3477300,36.630001
2015-10-19,36.32,36.389999,35.970001,36.259998,4411900,36.259998
2015-10-16,36.419998,36.709999,36.25,36.43,2948100,36.43
2015-10-15,36.139999,36.490002,35.919998,36.349998,2588200,36.349998
2015-10-14,35.919998,36.310001,35.869999,35.990002,2429000,35.990002
2015-10-13,35.73,36.02,35.700001,35.889999,2925900,35.889999
2015-10-12,35.290001,35.880001,35.23,35.84,2087400,35.84
2015-10-09,35.509998,35.689999,35.07,35.259998,3074000,35.259998
2015-10-08,34.919998,35.560001,34.900002,35.509998,2013900,35.509998
2015-10-07,35.049999,35.099998,34.860001,35.029999,4444600,35.029999
2015-10-06,35.490002,35.50,34.880001,35.040001,3881600,35.040001
2015-10-05,35.549999,35.59,35.080002,35.509998,5369400,35.509998
2015-10-02,35.200001,35.48,34.82,35.330002,3299500,35.330002
2015-10-01,35.419998,35.490002,34.639999,35.009998,2875200,35.009998
2015-09-30,34.880001,35.450001,34.709999,35.41,2722000,35.41
2015-09-29,34.66,34.869999,34.490002,34.700001,3361700,34.700001
2015-09-28,34.849998,35.139999,34.610001,34.639999,3112400,34.639999
2015-09-25,34.459999,35.200001,34.290001,34.91,2837100,34.91
2015-09-24,33.950001,34.490002,33.880001,34.400002,3556800,34.400002
2015-09-23,33.91,34.139999,33.779999,34.110001,3759600,34.110001
2015-09-22,33.849998,34.18,33.73,33.919998,4282300,33.919998
2015-09-21,33.720001,34.220001,33.610001,34.110001,4013300,34.110001
2015-09-18,33.540001,34.040001,33.509998,33.630001,3772600,33.630001
2015-09-17,33.32,34.240002,33.27,33.84,3335300,33.84
2015-09-16,33.099998,33.48,33.040001,33.360001,2625100,33.360001
2015-09-15,32.889999,33.290001,32.73,33.110001,4569200,33.110001
2015-09-14,33.16,33.380001,32.990002,33.16,2842000,32.84
2015-09-11,32.540001,33.169998,32.48,33.16,2791900,32.84
2015-09-10,32.52,32.880001,32.43,32.709999,4989100,32.394342
2015-09-09,33.23,33.23,32.509998,32.560001,4514100,32.245792
2015-09-08,32.959999,33.099998,32.720001,33.080002,3181900,32.760774
2015-09-04,32.950001,33.119999,32.439999,32.630001,3989300,32.315116
2015-09-03,33.130001,33.48,33.040001,33.290001,4302400,32.968747
2015-09-02,33.279999,33.310001,32.799999,33.099998,4570000,32.780578
2015-09-01,33.330002,33.470001,32.82,32.98,5510400,32.661737
2015-08-31,33.82,33.860001,33.220001,33.73,5646200,33.404499
2015-08-28,33.98,34.110001,33.459999,33.950001,2366100,33.622377
2015-08-27,33.75,34.00,33.459999,34.00,4082400,33.671894
2015-08-26,33.470001,33.689999,32.830002,33.540001,4839700,33.216334
2015-08-25,34.529999,34.689999,33.049999,33.080002,5174600,32.760774
2015-08-24,34.650002,35.07,33.91,34.099998,6026600,33.770928
2015-08-21,35.849998,36.049999,35.560001,35.560001,3716700,35.216841
2015-08-20,36.049999,36.349998,35.889999,36.009998,2438800,35.662496
2015-08-19,35.849998,36.48,35.689999,36.32,3832100,35.969505
2015-08-18,35.880001,36.009998,35.77,35.91,2412300,35.563462
2015-08-17,35.82,36.110001,35.720001,35.990002,2788600,35.642692
2015-08-14,35.50,35.849998,35.259998,35.799999,1568900,35.454523
2015-08-13,35.630001,35.689999,35.189999,35.560001,2410700,35.216841
2015-08-12,35.310001,35.900002,35.220001,35.720001,3889000,35.375297
2015-08-11,35.009998,35.450001,34.84,35.369999,3270900,35.028672
2015-08-10,35.23,35.27,34.869999,34.939999,2813700,34.602822
2015-08-07,34.73,35.400002,34.59,35.25,2568300,34.909831
2015-08-06,34.369999,34.849998,34.240002,34.830002,3942200,34.493886
2015-08-05,34.330002,34.450001,34.09,34.419998,3176000,34.087839
2015-08-04,34.509998,34.52,34.07,34.150002,1962700,33.820448
2015-08-03,34.689999,34.869999,34.400002,34.529999,2849400,34.196778
2015-07-31,34.43,35.150002,34.299999,34.669998,5335800,34.335427
2015-07-30,33.700001,34.380001,33.130001,34.209999,4738100,33.879867
2015-07-29,33.540001,33.759998,33.290001,33.73,2424700,33.404499
2015-07-28,33.32,33.610001,33.189999,33.59,2364400,33.265851
2015-07-27,32.889999,33.470001,32.82,33.34,3091800,33.018263
2015-07-24,32.91,33.02,32.790001,32.860001,2329100,32.542896
2015-07-23,33.330002,33.34,32.73,32.91,2959400,32.592413
2015-07-22,33.16,33.490002,33.099998,33.400002,2511900,33.077686
2015-07-21,33.41,33.490002,33.02,33.150002,2352500,32.830098
2015-07-20,33.650002,33.700001,33.209999,33.48,2645100,33.156912