2015-12-16,36.93,37.630001,36.799999,37.459999,1225400,37.459999
2015-12-15,36.889999,37.07,36.650002,36.700001,1368000,36.700001
2015-12-14,36.27,36.669998,36.189999,36.639999,1340600,36.639999
2015-12-11,36.200001,36.77,36.130001,36.220001,1496400,36.220001
2015-12-10,36.139999,36.970001,36.139999,36.700001,1188600,36.700001
2015-12-09,36.099998,36.799999,35.93,36.259998,1154600,36.259998
2015-12-08,36.470001,36.650002,36.200001,36.279999,785200,36.279999
2015-12-07,37.419998,37.560001,36.779999,36.91,638100,36.91
2015-12-04,36.779999,37.689999,36.779999,37.650002,1247300,37.650002
2015-12-03,37.040001,37.189999,36.43,36.740002,734800,36.740002
2015-12-02,37.450001,37.580002,36.869999,36.950001,615600,36.950001
2015-12-01,37.369999,37.759998,37.32,37.639999,756900,37.639999
2015-11-30,37.580002,37.709999,37.25,37.32,1430300,37.32
2015-11-27,37.529999,37.619999,37.279999,37.580002,514200,37.580002
2015-11-25,37.490002,37.860001,37.380001,37.66,916200,37.66
2015-11-24,37.259998,37.610001,37.099998,37.48,1044000,37.48
2015-11-23,37.560001,37.849998,37.400002,37.549999,870600,37.549999
2015-11-20,37.830002,38.00,37.450001,37.50,1300900,37.50
2015-11-19,37.419998,37.77,37.09,37.669998,1137400,37.669998
2015-11-18,37.150002,37.50,37.009998,37.459999,1775200,37.459999
2015-11-17,36.66,37.139999,36.459999,37.00,1600500,37.00
2015-11-16,35.799999,36.689999,35.740002,36.599998,1467900,36.599998
2015-11-13,35.82,36.27,35.68,35.889999,937800,35.889999
2015-11-12,36.529999,36.75,35.740002,35.799999,1542200,35.799999
2015-11-11,37.00,37.259998,36.93,36.970001,780300,36.970001
2015-11-10,36.34,36.93,36.240002,36.93,958800,36.93
2015-11-09,36.790001,36.919998,36.310001,36.450001,905600,36.450001
2015-11-06,36.66,36.919998,36.389999,36.919998,843400,36.919998
2015-11-05,36.599998,36.939999,36.310001,36.790001,889400,36.790001
2015-11-04,36.599998,36.900002,36.470001,36.650002,1008600,36.650002
2015-11-03,36.650002,36.91,36.400002,36.580002,1658900,36.580002
2015-11-02,36.349998,36.82,36.18,36.650002,974100,36.650002
2015-10-30,36.509998,36.779999,36.07,36.41,1865100,36.268999
2015-10-29,35.82,36.740002,35.82,36.34,1769300,36.199271
2015-10-28,35.970001,36.599998,35.700001,36.380001,1557300,36.239117
2015-10-27,35.57,35.959999,35.279999,35.849998,2315800,35.711167
2015-10-26,36.139999,36.310001,35.639999,35.91,1340600,35.770936
2015-10-23,35.900002,36.220001,35.759998,36.189999,1524600,36.04985
2015-10-22,34.860001,35.830002,34.860001,35.619999,1415100,35.482058
2015-10-21,34.970001,35.240002,34.639999,34.720001,1396900,34.585545
2015-10-20,34.560001,35.18,34.41,34.880001,1210700,34.744926
2015-10-19,34.509998,34.669998,34.23,34.639999,1297500,34.505853
2015-10-16,34.689999,34.77,34.009998,34.740002,2124400,34.605468
2015-10-15,33.939999,34.82,33.669998,34.740002,1909200,34.605468
2015-10-14,34.290001,34.50,33.82,33.869999,1424500,33.738835
2015-10-13,34.330002,34.849998,34.220001,34.330002,1806700,34.197056
2015-10-12,34.849998,34.959999,34.610001,34.639999,1003200,34.505853
2015-10-09,35.080002,35.349998,34.709999,34.889999,1946200,34.754885
2015-10-08,33.939999,35.240002,33.880001,34.990002,1770100,34.8545
2015-10-07,33.59,34.189999,33.380001,34.040001,1669800,33.908179
2015-10-06,33.509998,33.84,33.360001,33.389999,1679200,33.260694
2015-10-05,33.580002,33.84,33.360001,33.560001,2376800,33.430038
2015-10-02,32.25,33.540001,32.16,33.509998,1451100,33.380228
2015-10-01,32.880001,33.200001,32.419998,32.689999,1498600,32.563404
2015-09-30,32.220001,32.950001,32.029999,32.849998,1708500,32.722784
2015-09-29,32.209999,32.439999,31.90,31.99,1344100,31.866116
2015-09-28,32.060001,32.27,31.950001,32.07,2123200,31.945806
2015-09-25,32.650002,32.779999,32.32,32.470001,2088300,32.344259
2015-09-24,31.60,32.73,31.27,32.52,2303600,32.394064
2015-09-23,32.470001,32.66,31.76,31.780001,1046900,31.65693
2015-09-22,32.16,32.50,32.009998,32.400002,1333500,32.27453
2015-09-21,32.450001,33.00,32.130001,32.630001,1905700,32.503639
2015-09-18,32.560001,32.68,32.169998,32.25,1512700,32.12511
2015-09-17,33.32,33.560001,32.98,33.080002,1461500,32.951897
2015-09-16,33.00,33.439999,32.959999,33.369999,1089400,33.240771
2015-09-15,32.389999,33.130001,32.23,33.029999,1870300,32.902088
2015-09-14,32.450001,32.48,32.02,32.220001,1258400,32.095227
2015-09-11,32.040001,32.490002,31.889999,32.490002,1463900,32.364182
2015-09-10,31.99,32.419998,31.83,32.130001,1398900,32.005575
2015-09-09,32.82,32.889999,32.049999,32.110001,1337400,31.985652
2015-09-08,32.259998,32.540001,32.119999,32.439999,1398100,32.314372
2015-09-04,31.889999,32.240002,31.66,31.68,1702200,31.557317
2015-09-03,31.82,32.610001,31.82,32.349998,1931300,32.224721
2015-09-02,31.60,31.82,31.200001,31.379999,1913200,31.258478
2015-09-01,31.76,32.029999,30.98,31.129999,973000,31.009446
2015-08-31,32.43,32.68,32.049999,32.450001,1032800,32.324336
2015-08-28,32.240002,32.790001,32.16,32.700001,1874000,32.432914
2015-08-27,31.77,32.400002,31.610001,32.369999,1697100,32.105607
2015-08-26,31.00,31.440001,30.780001,31.379999,2430400,31.123694
2015-08-25,31.93,31.98,30.43,30.459999,2221500,30.211208
2015-08-24,30.49,31.92,29.90,30.91,2479100,30.657533
2015-08-21,32.48,32.580002,32.049999,32.07,1535200,31.808058
2015-08-20,32.84,33.119999,32.650002,32.66,1047000,32.393239
2015-08-19,33.23,33.360001,32.93,33.150002,692600,32.879239
2015-08-18,33.779999,33.799999,33.380001,33.41,995700,33.137114
2015-08-17,33.549999,33.790001,33.330002,33.77,1057500,33.494174
2015-08-14,33.619999,33.77,33.279999,33.700001,1194900,33.424746
2015-08-13,33.619999,33.720001,33.419998,33.490002,1368500,33.216462
2015-08-12,33.32,33.740002,33.18,33.66,975800,33.385072
2015-08-11,33.720001,33.82,33.48,33.580002,1099300,33.305727
2015-08-10,33.82,34.16,33.720001,34.09,1165600,33.81156
2015-08-07,33.639999,33.860001,33.380001,33.50,887700,33.226379
2015-08-06,33.950001,34.130001,33.57,33.68,1507800,33.404909
2015-08-05,33.98,34.299999,33.650002,33.889999,1276700,33.613193
2015-08-04,33.880001,34.18,33.66,33.740002,1043200,33.46442
2015-08-03,34.50,34.50,33.599998,33.849998,1104500,33.573518
2015-07-31,35.259998,35.459999,34.34,34.529999,1142500,34.247965
2015-07-30,34.91,35.66,34.73,35.220001,1029300,34.932331
2015-07-29,34.759998,35.32,34.639999,35.23,886300,34.942248
2015-07-28,34.560001,34.939999,34.50,34.779999,1400100,34.495923
2015-07-27,34.32,34.490002,34.25,34.400002,1366600,34.119029
2015-07-24,34.610001,34.68,34.490002,34.630001,1121900,34.34715
2015-07-23,34.970001,35.130001,34.57,34.669998,1125100,34.38682
2015-07-22,35.00,35.200001,34.860001,34.98,968700,34.69429
2015-07-21,35.700001,35.709999,35.09,35.189999,951200,34.902574
2015-07-20,35.82,35.93,35.709999,35.77,556300,35.477838