2015-12-16,33.150002,33.880001,32.91,33.779999,12592400,33.779999
2015-12-15,32.529999,33.389999,32.50,33.029999,16140900,33.029999
2015-12-14,32.939999,33.27,32.209999,32.59,15949600,32.59
2015-12-11,34.009998,34.150002,32.82,32.91,14877600,32.91
2015-12-10,34.490002,34.73,33.91,34.630001,16128800,34.630001
2015-12-09,35.799999,35.84,33.150002,34.400002,44643600,34.400002
2015-12-08,34.240002,34.98,34.029999,34.849998,18513200,34.849998
2015-12-07,34.759998,34.919998,34.470001,34.68,12029700,34.68
2015-12-04,34.34,35.200001,34.18,34.91,15502700,34.91
2015-12-03,35.59,35.720001,34.099998,34.34,17068000,34.34
2015-12-02,35.00,36.389999,34.77,35.650002,56614000,35.650002
2015-12-01,33.869999,33.889999,33.470001,33.709999,10862500,33.709999
2015-11-30,33.029999,33.830002,32.849998,33.810001,17363600,33.810001
2015-11-27,32.790001,33.09,32.439999,32.939999,5313400,32.939999
2015-11-25,32.77,33.52,32.75,33.16,13257200,33.16
2015-11-24,33.09,33.189999,32.610001,32.959999,13364700,32.959999
2015-11-23,33.00,33.869999,32.869999,33.360001,11899700,33.360001
2015-11-20,32.860001,33.299999,32.689999,33.110001,12498500,33.110001
2015-11-19,33.209999,33.50,32.580002,32.630001,14222100,32.630001
2015-11-18,32.889999,33.02,32.32,32.98,11105600,32.98
2015-11-17,33.009998,33.119999,32.619999,32.860001,10270400,32.860001
2015-11-16,32.23,32.990002,32.119999,32.950001,11087800,32.950001
2015-11-13,32.779999,33.040001,32.169998,32.189999,11063300,32.189999
2015-11-12,33.200001,33.849998,33.130001,33.23,14273100,33.23
2015-11-11,34.209999,34.23,33.029999,33.380001,11804100,33.380001
2015-11-10,33.450001,34.130001,33.259998,33.990002,11511000,33.990002
2015-11-09,34.07,34.080002,33.080002,33.68,13645500,33.68
2015-11-06,34.939999,35.200001,33.459999,34.200001,16608600,34.200001
2015-11-05,35.02,35.299999,34.16,35.119999,15679100,35.119999
2015-11-04,34.889999,35.240002,34.75,35.07,17501800,35.07
2015-11-03,35.150002,35.34,34.650002,34.720001,12394300,34.720001
2015-11-02,35.459999,35.48,35.07,35.27,15206700,35.27
2015-10-30,35.139999,35.700001,35.049999,35.619999,17418900,35.619999
2015-10-29,34.869999,35.150002,34.700001,35.049999,10796200,35.049999
2015-10-28,34.299999,35.27,34.299999,35.189999,15174300,35.189999
2015-10-27,34.970001,35.470001,33.880001,34.299999,26380900,34.299999
2015-10-26,33.130001,33.490002,33.00,33.400002,15810300,33.400002
2015-10-23,32.650002,33.360001,32.240002,33.169998,24308600,33.169998
2015-10-22,31.26,31.90,31.209999,31.67,18501200,31.67
2015-10-21,32.060001,32.43,31.01,31.120001,30390400,31.120001
2015-10-20,33.490002,33.59,32.77,32.830002,19349200,32.830002
2015-10-19,33.259998,33.630001,33.18,33.50,10856500,33.50
2015-10-16,33.639999,33.860001,33.16,33.369999,12209300,33.369999
2015-10-15,32.419998,33.490002,32.400002,33.48,19403800,33.48
2015-10-14,32.279999,32.490002,31.77,32.09,11282800,32.09
2015-10-13,32.560001,32.830002,32.32,32.34,15873800,32.34
2015-10-12,32.709999,33.02,32.549999,32.860001,12580300,32.860001
2015-10-09,32.349998,32.689999,31.99,32.52,11830400,32.52
2015-10-08,31.790001,32.50,31.73,32.369999,14245400,32.369999
2015-10-07,31.309999,31.99,31.209999,31.870001,12224800,31.870001
2015-10-06,30.790001,31.190001,30.66,30.959999,10963900,30.959999
2015-10-05,30.799999,31.200001,30.35,30.85,12883300,30.85
2015-10-02,28.620001,30.709999,28.43,30.709999,29250500,30.709999
2015-10-01,28.950001,29.00,28.440001,28.91,14467600,28.91
2015-09-30,28.65,29.110001,28.49,28.91,18317900,28.91
2015-09-29,28.58,29.23,27.85,28.26,41895400,28.26
2015-09-28,29.030001,29.219999,27.200001,27.60,49541300,27.60
2015-09-25,29.66,29.709999,28.91,29.129999,12817500,29.129999
2015-09-24,29.469999,29.57,28.85,29.34,19109900,29.34
2015-09-23,30.559999,30.57,29.629999,29.74,12755400,29.74
2015-09-22,30.780001,30.92,30.17,30.40,15614900,30.40
2015-09-21,31.200001,31.74,30.879999,31.17,18745000,31.17
2015-09-18,30.51,30.799999,30.41,30.74,20538300,30.74
2015-09-17,31.309999,31.33,30.809999,30.93,17094200,30.93
2015-09-16,31.139999,31.77,30.99,31.40,22179700,31.40
2015-09-15,29.719999,31.23,29.41,31.040001,25661600,31.040001
2015-09-14,30.68,30.92,30.00,30.32,22186900,30.32
2015-09-11,31.09,31.43,30.629999,31.43,14365400,31.43
2015-09-10,31.35,31.59,31.030001,31.15,14330900,31.15
2015-09-09,30.40,31.799999,30.35,31.52,47058500,31.52
2015-09-08,32.200001,32.830002,30.860001,30.90,26873900,30.90
2015-09-04,32.00,32.290001,31.440001,31.58,13854100,31.58
2015-09-03,31.860001,32.740002,31.799999,32.540001,13748900,32.540001
2015-09-02,32.009998,32.029999,31.379999,31.77,15688100,31.77
2015-09-01,31.49,32.099998,31.23,31.60,19903500,31.60
2015-08-31,32.91,32.990002,32.23,32.240002,13609000,32.240002
2015-08-28,33.32,33.57,32.93,33.139999,9366100,33.139999
2015-08-27,33.360001,33.77,32.950001,33.689999,19105100,33.689999
2015-08-26,32.459999,32.619999,31.110001,32.52,25414500,32.52
2015-08-25,32.98,33.029999,31.540001,31.74,15752300,31.74
2015-08-24,29.02,32.279999,29.00,31.309999,23163400,31.309999
2015-08-21,33.580002,34.02,32.91,32.93,18373600,32.93
2015-08-20,34.77,34.950001,33.869999,34.099998,15604400,34.099998
2015-08-19,35.669998,35.669998,35.029999,35.189999,8976700,35.189999
2015-08-18,35.779999,36.189999,35.599998,35.689999,11445300,35.689999
2015-08-17,36.240002,36.240002,35.77,36.099998,7933600,36.099998
2015-08-14,35.82,36.349998,35.720001,36.240002,12241100,36.240002
2015-08-13,35.080002,36.610001,34.82,35.93,28987700,35.93
2015-08-12,34.290001,34.77,33.849998,34.490002,31405700,34.490002
2015-08-11,36.740002,36.77,35.73,36.029999,13833200,36.029999
2015-08-10,36.869999,37.689999,36.869999,37.150002,11351400,37.150002
2015-08-07,36.52,36.759998,36.150002,36.669998,11845500,36.669998
2015-08-06,37.34,37.52,36.299999,36.459999,12299700,36.459999
2015-08-05,37.32,37.709999,37.23,37.25,6844000,37.25
2015-08-04,36.610001,37.209999,36.599998,37.119999,9051900,37.119999
2015-08-03,36.669998,36.98,36.369999,36.689999,9887300,36.689999
2015-07-31,37.560001,37.57,36.619999,36.669998,15446100,36.669998
2015-07-30,37.50,37.689999,37.299999,37.419998,9542700,37.419998
2015-07-29,37.919998,37.919998,37.380001,37.669998,10290600,37.669998
2015-07-28,37.639999,37.919998,37.27,37.720001,10333100,37.720001
2015-07-27,38.310001,38.310001,37.650002,37.84,12942700,37.84
2015-07-24,39.580002,39.580002,38.669998,38.849998,8590700,38.849998
2015-07-23,39.299999,39.779999,39.060001,39.209999,9267400,39.209999
2015-07-22,38.57,39.630001,38.259998,39.240002,17714800,39.240002
2015-07-21,39.610001,39.849998,39.349998,39.73,14861600,39.73
2015-07-20,39.98,39.98,39.259998,39.540001,14752100,39.540001